h1,h2,h3,h4,h5,h6,h7,h8,h9,h10,h11,h12,h13,h14,h15,h16,h17,h18,h19,h20,h21,h22,h23,h24,h25,h26,h27,h28,h29,h30,h31,h32,h33,h34,h35,h36,h37,h38,h39,h40,h41,h42,h43,h44,h45,h46,h47,h48,label
0,0,0,0,0,100,0,0,0,0,0,0,0,0,0,15.174,66.04,18.786,0,0,0,0,0,0,0,0,49.95,40.332,9.7173,0,0,0,0,0,0,0.13043,0.26087,0.6087,0,0,1,0,0,0,0,1,0,0,0
0,0,0,0,0,99.392,0.60817,0,0,0,0,0,0,0,0,16.119,68.165,15.716,0,0,0,0,0,0,0,0,46.091,45.91,7.9987,0,0,0,0,0,0,0.91892,0.081081,0,0,0,1,0,0,0,0,1,0,0,0
0,0,0,0,0,97.637,2.3632,0,0,0,0,0,0,0,0,9.9732,68.085,21.941,0,0,0,0,0,0,0,0,45.331,52.509,2.1595,0,0,0,0,0,0,0.97619,0.02381,0,0,0,1,0,0,0,0,1,0,0,0
0,0,0,0,0,100,0,0,0,0,0,0,0,0,0,20.158,67.716,12.126,0,0,0,0,0,0,0,0,37.333,53.662,9.0052,0,0,0,0,0,0.018182,0.98182,0,0,0,0,1,0,0,0,0,1,0,0,0
0,0,0,0,0,98.905,1.0954,0,0,0,0,0,0,0,0,10.909,68.14,20.95,0,0,0,0,0,0,0,0,43.579,51.001,5.4202,0,0,0,0,0,0,1,0,0,0,0,1,0,0,0,0,1,0,0,0
0,0,0,0,0,99.519,0.48099,0,0,0,0,0,0,0,0,3.0732,73.409,23.518,0,0,0,0,0,0,0,0,26.588,73.412,0,0,0,0,0,0,0,1,0,0,0,0,1,0,0,0,0,1,0,0,0
0,0,0,0,0,97.143,2.8569,0,0,0,0,0,0,0,0,5.8356,77.503,16.662,0,0,0,0,0,0,0,0,30.721,67.568,1.711,0,0,0,0,0,0,1,0,0,0,0,1,0,0,0,0,1,0,0,0
0,0,0,0,0,94.765,5.235,0,0,0,0,0,0,0,0,5.8139,69.846,24.34,0,0,0,0,0,0,0,0,39.052,60.948,0,0,0,0,0,0,0,1,0,0,0,0,1,0,0,0,0,1,0,0,0
0,0,0,0,0,98.208,1.7921,0,0,0,0,0,0,0,0,1.7921,79.051,19.157,0,0,0,0,0,0,0,0,15.452,82.416,2.132,0,0,0,0,0,0,1,0,0,0,0,1,0,0,0,0,1,0,0,0
0,0,0,0,0,98.221,1.7792,0,0,0,0,0,0,0,0,0.95668,79.021,20.023,0,0,0,0,0,0,0,0,15.865,82.448,1.6863,0,0,0,0,0,0,1,0,0,0,0,1,0,0,0,0,1,0,0,0
0,0,0,0,0,100,0,0,0,0,0,0,0,0,0,17.586,73.108,9.3061,0,0,0,0,0,0,0,0,20.65,56.938,17.946,4.4662,0,0,0,0,0,0.125,0.1875,0.6875,0,0,1,0,0,0,0,1,0,0,0
0,0,0,0,0,100,0,0,0,0,0,0,0,0,0,12.444,81.242,6.3141,0,0,0,0,0,0,0,0,1.1823,86.533,8.0188,4.2663,0,0,0,0,0,0.060606,0.51515,0.42424,0,0,1,0,0,0,0,1,0,0,0
0,0,0,0,0,99.445,0.5551,0,0,0,0,0,0,0,0,16.402,74.314,9.2836,0,0,0,0,0,0,0,0,20.505,67.107,9.7339,2.6542,0,0,0,0,0,1,0,0,0,0,1,0,0,0,0,1,0,0,0
0,0,0,0,0,100,0,0,0,0,0,0,0,0,0,17.351,68.509,14.14,0,0,0,0,0,0,0,0,1.3843,75.824,17.639,5.1528,0,0,0,0,0,0.99237,0.0076336,0,0,0,1,0,0,0,0,1,0,0,0
0,0,0,0,0,100,0,0,0,0,0,0,0,0,0,14.81,70.825,14.365,0,0,0,0,0,0,0,0,0,62.415,30.43,7.155,0,0,0,0,0,0.36957,0.13043,0.5,0,0,1,0,0,0,0,1,0,0,0
0,0,0,0,0,100,0,0,0,0,0,0,0,0,0,12.759,75.159,12.081,0,0,0,0,0,0,0,0,0,71.039,28.961,0,0,0,0,0,0,0.041667,0.22917,0.72917,0,0,1,0,0,0,0,1,0,0,0
0,0,0,0,0,100,0,0,0,0,0,0,0,0,0,12.319,79.433,8.2487,0,0,0,0,0,0,0,0,0,83.596,13.268,3.1353,0,0,0,0,0,0.95968,0.040323,0,0,0,1,0,0,0,0,1,0,0,0
0,0,0,0,0,100,0,0,0,0,0,0,0,0,0,10.074,82.136,7.7897,0,0,0,0,0,0,0,0,0,67.656,32.344,0,0,0,0,0,0,0.98347,0.0082645,0.0082645,0,0,1,0,0,0,0,1,0,0,0
0,0,0,0,0,97.634,2.3665,0,0,0,0,0,0,0,0,1.817,92.226,5.9572,0,0,0,0,0,0,0,0,13.329,83.095,2.502,1.0743,0,0,0,0,0,0.93333,0.066667,0,0,0,1,0,0,0,0,1,0,0,0
0,0,0,0,0,99.352,0.64807,0,0,0,0,0,0,0,0,2.2683,86.021,11.711,0,0,0,0,0,0,0,0,20.406,78.584,1.0101,0,0,0,0,0,0,1,0,0,0,0,1,0,0,0,0,1,0,0,0
0,0,0,0,0,99.281,0.71854,0,0,0,0,0,0,0,0,0,98.318,1.6822,0,0,0,0,0,0,0,0,2.0666,94.42,1.9274,1.5856,0,0,0,0,0,0.925,0.075,0,0,0,1,0,0,0,0,1,0,0,0
0,0,0,0,0,98.715,1.2853,0,0,0,0,0,0,0,0,0,91.577,8.423,0,0,0,0,0,0,0,0,8.1385,90.888,0.97381,0,0,0,0,0,0,0.99145,0.008547,0,0,0,1,0,0,0,0,1,0,0,0
0,0,0,0,0,99.374,0.62628,0,0,0,0,0,0,0,0,0,99.374,0.62628,0,0,0,0,0,0,0,0,2.7877,97.212,0,0,0,0,0,0,0,1,0,0,0,0,1,0,0,0,0,1,0,0,0
0,0,0,0,0,100,0,0,0,0,0,0,0,0,0,1.1071,96.643,2.25,0,0,0,0,0,0,0,0,0,92.362,6.7142,0.92358,0,0,0,0,0,0.9798,0.020202,0,0,0,1,0,0,0,0,1,0,0,0
0,0,0,0,0,100,0,0,0,0,0,0,0,0,0,2.3069,96.547,1.1462,0,0,0,0,0,0,0,0,0,90.771,9.2287,0,0,0,0,0,0,0.96396,0.036036,0,0,0,1,0,0,0,0,1,0,0,0
0,0,0,0,0,100,0,0,0,0,0,0,0,0,0,0,100,0,0,0,0,0,0,0,0,0,0,100,0,0,0,0,0,0,0,0.95726,0.042735,0,0,0,1,0,0,0,0,1,0,0,0
0,0,0,0,0,100,0,0,0,0,0,0,0,0,0,0,100,0,0,0,0,0,0,0,0,0,0,100,0,0,0,0,0,0,0,0.96032,0.039683,0,0,0,1,0,0,0,0,1,0,0,0
0,0,0,0,4.6087,90.685,0,0,4.7058,0,0,2.3529,0,0,0,2.3529,72.832,20.11,0,0,2.3529,0,0,0,0,0,2.9899,74.998,12.697,4.6087,0,2.3529,2.3529,0,0,0.95238,0.047619,0,0,0,1,0,0,0,0,1,0,0,0
0,0,0,0,2.6149,95.479,0,0,1.9065,0,0,0.95327,0,0,0,0.95327,75.7,21.44,0,0,0.95327,0,0,0,0,0,4.5751,87.335,3.5682,2.6149,0,0.95327,0.95327,0,0.060606,0.93939,0,0,0,0,1,0,0,0,0,1,0,0,0
0,0,6.7738,2.0013,10.813,70.567,3.5487,0,6.2964,0,0,12.368,0,0,0,4.749,58.119,16.062,4.749,1.952,2.0013,0,5.9053,3.9533,0,1.0836,9.8452,55.162,13.477,7.943,0,0.91768,1.7134,0,0.035088,0.87719,0.087719,0,0,0,1,0,0,0,0,1,0,0,0
0,0,3.8309,1.4048,13.97,71.403,0,0,9.3911,0,0,10.698,0,0,0,8.9497,47.502,21.219,2.6818,1.277,5.4619,2.2108,3.9588,2.6818,0,1.4048,1.277,56.04,13.83,10.482,0,4.0571,6.2679,0,0.056604,0.9434,0,0,0,0,1,0,0,0,0,1,0,0,0
0,0,5.7049,0.91225,1.6545,55.378,21.002,0,15.349,0,0,19.399,0,4.8824,0,15.287,23.649,15.208,17.354,3.3082,0.91225,0,2.3967,4.2204,7.4484,4.8824,36.6,24.883,11.81,0,0,0.91225,6.847,0,0,0.225,0.2,0.575,0,0,1,0,0,0,0,1,0,0,0
0,0,9.0946,1.8646,11.817,54.608,16.672,0,5.9439,0,0,17.324,0,1.9142,0,16.142,28.76,16.429,12.602,3.7855,3.0431,0,5.3091,5.6501,3.9774,1.9142,43.625,24.395,9.7294,1.1785,0,3.0431,1.1785,0,0.017857,0.19643,0.25,0.53571,0,0,1,0,0,0,0,1,0,0,0
0,0,4.1648,5.3017,18.429,51.359,9.9266,0,10.819,0,0,17.855,0,0,0,13.46,30.608,20.602,7.6546,1.8549,7.1656,0.79869,7.7233,5.9458,0.64412,2.9918,22.701,21.823,15.896,13.048,0,4.1738,5.0535,0.24545,0.67273,0.063636,0,0.018182,0,0,1,0,0,0,0,1,0,0,0
0,0,0,1.0709,5.4503,93.479,0,0,0,0,0,1.0709,0,0,0,1.9908,86.926,8.022,0,0,0,1.9908,0,0,0,0,2.1928,87.489,3.7973,3.4595,0,0,3.0617,0,0,0.97414,0.025862,0,0,0,1,0,0,0,0,1,0,0,0
0,0,0,1.9158,2.1865,95.898,0,0,0,0,0,1.9158,0,0,0,1.0933,92.906,2.992,0,0,0,1.0933,0,0,0,0,0.89055,93.931,1.0762,1.0933,0,0,3.0091,0,0,0.94915,0.050847,0,0,0,1,0,0,0,0,1,0,0,0
0,0,4.0881,6.7185,13.383,72.383,2.4774,0,0.94982,0,0,13.57,0,0,1.2387,4.9523,57.948,11.147,3.7136,0.94982,4.0024,2.4774,4.6634,3.7136,0,5.2411,2.1885,57.761,7.5669,12.434,1.2387,0,5.1934,0,0,0.99213,0.007874,0,0,0,1,0,0,0,0,1,0,0,0
0,0,4.237,1.3791,7.1798,84.446,2.7581,0,0,0,0,5.616,0,0,4.237,7.1373,70.409,5.5633,0,0,1.3791,5.6585,0,2.8579,0,2.7581,1.3791,76.125,2.7054,4.2794,4.237,0,5.6585,0,0.03876,0.94574,0.015504,0,0,0,1,0,0,0,0,1,0,0,0
0,0,0,1.2718,0,97.673,0,1.0552,0,0,0,2.3271,0,0,0,1.0552,92.669,3.9491,0,0,0,0,0,1.0552,0,0,0,93.94,3.7325,0,0,0,1.2718,0,0.015748,0.94488,0.03937,0,0,0,1,0,0,0,0,1,0,0,0
0,0,0,0,0,97.545,0,2.4546,0,0,0,2.4546,0,0,0,2.4546,93.63,1.4607,0,0,0,0,0,2.4546,0,0,0,93.63,3.9153,0,0,0,0,0,0.1,0.85833,0.041667,0,0,0,1,0,0,0,0,1,0,0,0
0,0,5.0224,2.1432,0,87.109,0,4.4482,1.2777,0,0,9.0583,0,0,5.0224,9.4705,66.728,8.4433,0,0,0,1.2777,1.2777,6.9151,0,0,0,77.638,4.4482,0,5.0224,1.2777,3.4209,0,0.26214,0.68932,0.048544,0,0,0,1,0,0,0,0,1,0,0,0
0,0,3.0318,0,0.82647,79.4,0,9.7813,6.1335,0.82647,0,2.2054,0.82647,0.82647,3.0318,12.403,67.432,8.3846,0,0,0,4.8906,4.8906,4.6848,0,0,0,66.125,11.07,0,3.0318,4.0642,6.1335,0,0.35246,0.62295,0.02459,0,0,0,1,0,0,0,0,1,0,0,0
0,0,14.56,3.4446,15.836,50.554,8.8409,0,6.7651,0,0,17.462,0,0,1.8465,12.233,39.576,8.3026,5.0062,5.0062,4.5009,6.0657,11.61,4.6524,0,3.6931,13.599,32.657,15.307,6.8594,1.8465,2.6543,7.122,0,0.040816,0.55102,0.18367,0.22449,0,0,1,0,0,0,0,1,0,0,0
2.5743,0.95764,5.9498,5.8197,19.996,47.98,4.5102,5.1486,0.95764,3.5319,2.5743,14.808,1.9153,0.95764,5.6305,10.758,22.065,12.892,11.08,5.4679,5.6123,8.8134,9.7828,9.6262,0,5.6123,3.8719,28.086,9.4842,11.821,3.0562,11.553,7.1055,0,0,0.073529,0.74265,0.18382,0,0,1,0,0,0,0,1,0,0,0
0,0,3.6415,3.9417,2.5243,76.747,2.8143,7.3477,1.8659,1.1172,0,7.8475,1.1172,1.1172,3.6415,7.6376,60.294,11.14,0,0,1.4072,5.7974,2.9831,5.8502,0,2.8143,1.4072,60.963,11.853,1.4072,3.6415,1.8659,7.2148,0,0.11864,0.79661,0.033898,0.050847,0,0,1,0,0,0,0,1,0,0,0
0,0,4.4862,0,1.3936,72.928,0,7.7711,7.8322,5.5888,0,6.8002,1.3936,1.3936,4.4862,9.1608,64.229,5.6716,0,0,0,6.8652,1.3936,10.981,0,0,1.2764,62.155,6.4036,0,8.6814,1.2764,7.8322,0,0.11321,0.75472,0,0.13208,0,0,1,0,0,0,0,1,0,0,0
0,0,10.197,0,3.2731,58.047,0,17.794,7.4156,3.2731,0,3.2731,3.2731,3.2731,6.5462,10.938,47.668,14.34,0,0,0,10.689,7.1054,16.743,0,0,7.2343,36.602,10.938,0,6.5462,7.4156,7.4156,0,0,0,0.35833,0.64167,0,0,1,0,0,0,0,1,0,0,0
0.50892,9.4149,26.544,5.613,15.636,16.722,17.778,7.7833,0,0,0,14.691,11.221,5.7319,5.1041,7.6009,7.359,15.844,8.3557,4.9545,8.6124,10.525,21.811,17.84,15.453,5.3287,1.5268,0,12.447,11.543,7.4239,5.5864,1.039,0,0,1,0,0,0,0,1,0,0,0,0,1,0,0,0
0,7.9674,5.2214,5.6572,1.0525,15.393,22.294,30.941,4.345,6.1581,0.97044,2.7918,0,2.8661,2.5075,22.445,35.874,14.961,14.117,2.9125,0.7575,0.76886,0,25.103,32.118,13.782,9.1318,0,0.48522,4.9825,9.8044,1.2427,3.3513,0,0,0,0,1,0,0,1,0,0,0,0,1,0,0,0
0,6.0145,7.2416,4.7463,1.5422,13.154,23.405,30.501,5.6204,7.1996,0.57628,2.7473,0,3.9143,3.2054,25.867,30.829,15.198,10.426,3.7264,2.452,1.6351,0.33541,24.015,25.984,13.006,14.602,0,0.28814,3.6509,9.0166,6.4245,2.6777,0,0,0,0.018182,0.98182,0,0,1,0,0,0,0,1,0,0,0
0,3.6024,6.7569,5.1879,0.62856,13.805,33.724,24.474,7.0161,4.8048,0,0.43773,0,5.4407,5.3852,29.496,34.818,11.172,10.088,1.0481,1.6767,0.43773,0,26.089,23.167,16.642,17.909,0,0.62856,2.421,5.9687,5.3992,1.7743,0,0,0,0.037736,0.96226,0,0,1,0,0,0,0,1,0,0,0
0,7.6615,4.4304,5.0578,2.2314,15.643,22.063,22.547,6.3536,10.364,3.6492,11.299,2.9591,4.9556,6.6731,24.82,23.032,12.398,10.785,0.8467,0.41624,1.8152,0.42391,15.768,24.196,8.8762,17.507,1.3103,2.2503,7.357,14.615,5.0716,2.6239,0,0,0,0,1,0,0,1,0,0,0,0,1,0,0,0
0,4.7053,5.5589,8.3963,1.4056,14.371,24.366,35.49,1.7516,3.9555,0,1.2418,0,4.3302,5.0188,25.663,31.739,9.5627,11.671,5.9696,3.2747,1.5284,0.28661,19.512,35.955,11.56,13.308,0,0.83238,3.5814,5.2989,7.1216,2.5439,0,0,0,0,1,0,0,1,0,0,0,0,1,0,0,0
0,9.3413,6.4867,7.1426,3.5832,15.24,19.218,20.886,7.1074,9.2309,1.7648,6.5768,0,4.2827,5.9952,27.36,29.424,10.488,8.7059,2.1811,2.2523,2.7349,0.50206,19.502,28.188,10.262,9.1909,0,0.88242,8.4337,13.233,6.6328,3.1733,0,0,0,0.0084034,0.9916,0,0,1,0,0,0,0,1,0,0,0
0,0,5.2239,0,4.4374,67.85,19.11,0,3.3787,0,0,13.04,0,3.2273,2.918,21.799,27.251,14.269,7.7404,9.7555,0,0,0,5.2239,5.2239,7.7589,41.408,24.024,14.672,0,0,0,1.6893,0,0,0.42222,0.28889,0.28889,0,0,1,0,0,0,0,1,0,0,0
0,0,1.4263,0,0,58.985,39.589,0,0,0,0,1.4263,0,17.002,4.3677,4.2789,29.039,13.482,19.793,10.611,0,0,0,1.4263,4.5866,35.002,11.807,22.806,24.373,0,0,0,0,0,0,0.55556,0.31111,0.13333,0,0,1,0,0,0,0,1,0,0,0
0,0,0,0,0,64.576,33.114,0,0,0,2.31,2.31,2.31,13.873,15.03,2.31,27.996,7.2664,22.048,6.8561,0,0,0,0,0,30.804,21.96,14.122,30.804,2.31,0,0,0,0,0,0.17949,0.48718,0.33333,0,0,1,0,0,0,0,1,0,0,0
0,2.771,1.0544,2.8618,0.33112,57.777,20.147,1.0998,0.33112,0.99337,12.633,18.704,15.225,11.971,0.66225,16.128,15.84,4.9677,14.787,1.3841,0,0.33112,0,0.33112,13.025,7.3622,42.421,15.794,12.302,3.1475,2.7554,0.33112,2.5306,0,0,0,0.11765,0.88235,0,0,1,0,0,0,0,1,0,0,0
0,0,2.704,1.1879,5.748,56.578,27.595,0,6.1875,0,0,10.076,0,10.163,1.6253,7.3955,29.03,14.974,21.559,3.9889,1.1879,0,2.1986,1.6932,6.447,13.647,30.983,28.185,12.234,1.1766,0,1.1879,2.2471,0,0.0087719,0.60526,0.24561,0.14035,0,0,1,0,0,0,0,1,0,0,0
0,0,1.8831,0.93372,3.7534,67.887,25.542,0,0,0,0,1.8831,0,8.0597,10.578,11.746,25.687,14.718,17.072,9.3219,0.93372,0,0,1.8831,3.9013,20.707,21.523,28.319,18.045,4.6871,0,0.93372,0,0,0,0.66055,0.15596,0.18349,0,0,1,0,0,0,0,1,0,0,0
0,0,12.28,1.4515,14.592,53.645,9.4643,0,8.5674,0,0,22.006,0,0,0,23.563,15.278,15.616,13.276,7.9966,2.264,0,14.637,4.9973,1.4039,1.4515,28.105,17.714,20.877,6.7896,0,0.81254,3.2127,0.045977,0.086207,0.32184,0.51724,0.028736,0,0,1,0,0,0,0,1,0,0,0
3.5154,0,5.7873,6.4328,13.034,45.865,21.66,1.7577,1.9468,0,0,9.3027,1.7577,17.392,5.2911,13.295,16.439,6.8352,19.944,5.068,4.6751,0,5.3138,3.6362,2.6246,12.133,23.266,8.5362,21.007,9.9072,0,12.641,0.9352,0,0,0.033058,0.90083,0.066116,0,0,1,0,0,0,0,1,0,0,0
0,0,0,1.4737,3.3517,59.976,35.199,0,0,0,0,0,0,9.9508,5.7049,5.7644,29.603,22.685,8.3271,16.491,1.4737,0,0,0,0,33.725,9.5913,33.235,17.149,4.8254,0,1.4737,0,0,0.029412,0.48529,0.33824,0.14706,0,0,1,0,0,0,0,1,0,0,0
0,4.6737,1.92,5.2143,0.45068,47.387,21.818,2.7862,1.3581,2.2595,12.133,22.714,17.044,1.395,0.90136,18.695,16.74,15.964,6.0952,0,0,0.45068,0.48759,1.2903,3.1795,7.602,46.227,12.664,0.45068,16.87,6.0148,0.45068,4.7636,0,0,0.64706,0.35294,0,0,0,1,0,0,0,0,1,0,0,0
1.7064,0,3.5719,8.2925,10.455,41.709,19.89,10.313,2.5389,1.5238,0,4.0834,0.85321,8.9323,5.3053,17.635,24.819,10.279,19.957,3.7437,2.8679,1.5238,0,7.4814,7.5984,13.27,14.633,17.086,13.562,9.7812,3.0476,10.672,2.8679,0,0,0.034483,0.58621,0.37931,0,0,1,0,0,0,0,1,0,0,0
0,10.046,8.4886,5.9496,2.8978,27.04,18.902,10.541,6.7768,7.7617,1.5956,15.084,6.7578,5.9359,1.5492,18.527,19.816,15.159,11.597,1.5992,1.7173,2.2576,2.3093,10.449,19.519,8.2765,21.555,3.4497,1.6045,11.081,13.952,3.4988,4.3048,0,0,0.086957,0.65217,0.26087,0,0,1,0,0,0,0,1,0,0,0
0,10.056,12.953,5.6521,3.4064,23.534,13.347,8.8005,8.9339,11.077,2.2409,15.402,3.0134,5.0268,4.7369,19.412,17.839,9.0578,11.216,4.9188,3.6892,5.6873,4.8886,10.087,16.761,7.5111,11.701,4.1625,4.1889,10.828,17.549,8.4479,3.8749,0,0,0.35443,0.56962,0.075949,0,0,1,0,0,0,0,1,0,0,0
0,4.1011,2.6164,12.239,1.413,37.015,24.183,6.2116,3.2496,4.1258,4.8457,26.08,15.92,5.5026,1.4689,9.9007,12.873,14.002,12.247,0.59269,0.2652,1.1478,1.4934,1.8031,6.3803,7.6516,37.023,4.8585,3.0553,11.385,13.814,1.1478,11.387,0,0,0.31343,0.34328,0.34328,0,0,1,0,0,0,0,1,0,0,0
0,14.355,8.5529,2.498,1.8384,37.678,18.206,1.059,4.4947,5.6906,5.6264,22.132,10.276,6.5574,2.044,25.649,12.835,4.0475,12.888,1.1433,0.63435,1.7946,2.2649,2.3446,12.274,16.349,26.854,9.4309,3.9774,12.467,10.969,1.7946,1.2751,0,0.092593,0.53704,0.22222,0.14815,0,0,1,0,0,0,0,1,0,0,0
0,10.61,10.407,8.1257,3.8135,35.537,12.057,4.2616,5.9765,6.145,3.0654,23.323,9.1846,2.1727,3.2764,14.571,17.881,11.372,8.0319,4.5957,1.6992,3.8921,2.9755,3.4745,11.406,9.2935,18.824,9.5465,5.1781,12.851,16.327,3.8921,6.2319,0,0.076923,0.28846,0.41346,0.22115,0,0,1,0,0,0,0,1,0,0,0
0,7.9997,13.72,3.4092,5.6017,42.253,4.9316,2.0542,11.16,8.1419,0.72808,14.049,3.9418,3.396,4.2623,10.778,28.921,11.284,6.2148,4.4643,5.5317,7.1572,4.5914,5.8953,11.822,2.5792,5.6219,21.497,7.6205,10.199,18.574,8.5533,3.0457,0,0.15094,0.43396,0.41509,0,0,0,1,0,0,0,0,1,0,0,0
0,6.8668,18.68,2.3284,1.7475,45.326,7.0832,0.50584,9.7708,7.1007,0.5906,15.588,4.1599,6.5748,1.5791,12.298,27.573,10.094,6.0059,5.5333,5.8809,4.7133,10.301,3.8298,8.8978,3.9751,11.709,23.241,9.2494,11.093,10.092,5.2385,2.3729,0,0,0.96226,0.037736,0,0,0,1,0,0,0,0,0.41509,0.58491,0,0
0,2.3336,12.066,0,1.0931,75.917,2.0094,1.0931,3.7996,1.6881,0,5.6855,1.7629,5.3741,1.0931,2.4809,53.264,18.631,1.7872,3.3276,4.4821,2.1114,5.2749,3.4638,5.5382,0.66979,3.1507,50.285,20.07,2.7064,6.2828,2.1114,0.44765,0,0,1,0,0,0,0,1,0,0,0,0,0,1,0,0
0,1.6073,13.858,0,0.98337,75.154,0.34561,0.98337,5.2705,1.798,0,5.9881,3.872,0.96956,2.3045,1.9391,54.492,16.911,1.174,6.1033,3.119,3.1269,8.3463,1.3211,6.0019,0.34561,1.2479,48.825,21.112,2.9047,5.5942,3.1269,1.174,0,0.041096,0.9589,0,0,0,0,1,0,0,0,0,0,1,0,0
7.5087,11.899,11.488,11.441,19.139,14.475,4.6638,15.323,2.8229,0.78189,0.45825,17.28,16.152,12.842,5.4456,6.5229,10.659,13.828,1.7677,6.3621,1.0552,8.0866,11.284,5.8386,5.6496,5.9952,18.972,0,0,7.763,21.642,9.4435,13.413,0.72414,0.27586,0,0,0,0,0,0.37931,0.62069,0,0,0.82759,0.17241,0,0,0
8.5366,18.056,7.7607,7.9109,17.778,21.996,1.6329,13.625,1.929,0.52434,0.2509,9.3,2.3443,20.546,5.795,8.0988,7.3865,16.558,2.0491,6.9365,6.0398,14.946,8.505,7.0576,11.85,12.226,22.494,0,0.75927,9.0379,15.504,3.6006,8.966,0.37931,0.58621,0.034483,0,0,0,0,0.86207,0.13793,0,0,0.62069,0.37931,0,0,0
1.5988,19.21,21.801,7.2728,10.046,8.6518,7.9733,20.228,2.3478,0.55857,0.31223,15.208,22.041,7.1281,13.182,1.0058,6.7142,2.41,2.1785,14.377,7.0871,8.6691,22.319,14.372,20.152,5.9092,1.1065,0,0.70671,2.0366,14.104,10.606,8.6886,0.91176,0.088235,0,0,0,0,0,0.88235,0.11765,0,0,0.41176,0.58824,0,0,0
9.573,5.4156,11.478,6.7371,17.479,23.735,3.4505,5.9837,13.728,1.7999,0.61944,12.029,12.334,11.792,3.9051,6.485,7.3491,13.01,9.6625,4.9948,8.63,9.8086,7.7337,8.8727,7.8811,2.6843,9.212,7.2939,3.1014,8.2285,5.1264,28.613,11.253,0.90984,0.090164,0,0,0,0,0,1,0,0,0,0.016393,0.98361,0,0,0
8.3531,7.0493,10.223,6.3121,15.42,16.442,7.6291,11.233,9.4984,4.5962,3.2452,12.763,9.7798,8.3987,7.3555,7.0344,3.9429,8.8744,10.831,9.1376,7.4272,14.456,7.9703,8.9646,8.244,5.5864,7.5404,1.7742,5.998,9.8804,6.5041,23.482,14.056,0.24051,0.46835,0.18987,0.063291,0.037975,0,0.063291,0.92405,0.012658,0,0,0,0.50633,0.49367,0,0
5.3537,11.953,10.418,9.3028,15.31,17.868,3.7855,7.7485,9.6397,5.2704,3.3505,13.452,10.579,8.4283,6.6531,4.5208,5.4233,9.7507,10.723,14.354,1.8887,14.227,10.908,7.3891,8.0703,3.0764,8.547,3.3918,2.6353,11.299,7.8848,22.574,14.225,0.99057,0.009434,0,0,0,0,0,0.98113,0.018868,0,0,0,1,0,0,0
0.80734,2.7554,5.0177,8.9646,10.318,35.921,16.486,12.913,4.3727,2.4453,0,1.6498,2.541,8.3733,4.2375,21.948,25.919,11.271,8.7068,4.5702,7.0614,3.722,0.43878,12.6,14.007,11.433,14.787,12.796,5.2177,7.5346,2.8671,13.019,5.3,0,0,0.015873,0.8254,0.15873,0,0,1,0,0,0,0,1,0,0,0
0,6.7005,10.687,8.4944,4.1973,14.853,23.349,17.377,5.6557,8.6868,0,4.0527,0.78306,1.0224,5.026,24.88,29.098,10.382,11.16,3.8645,3.4608,6.2699,1.5792,20.232,23.736,9.9554,11.453,1.9023,1.7917,5.4236,10.905,10.822,2.2005,0,0,0,0.61856,0.38144,0,0,1,0,0,0,0,1,0,0,0
2.8177,6.3581,20.35,2.2232,21.732,13.899,22.239,9.8823,0,0.49867,0,23.927,7.7005,1.5873,3.7192,9.7434,9.0177,6.4077,17.922,6.4346,2.6596,10.881,16.499,27.608,9.7976,5.8595,2.8177,0,18.387,10.605,5.7667,2.6596,0,0,0.11111,0.88889,0,0,0,0,1,0,0,0,0,1,0,0,0
5.5117,9.1286,14.626,1.3517,13.636,11.204,26.273,16.297,0.74696,0.9579,0.26633,22.398,7.3853,7.7397,2.6313,4.8314,3.6735,7.5405,10.866,15.615,4.3865,12.933,22.063,25.95,13.948,5.4153,6.7773,0,6.8819,8.2309,7.7522,1.7362,1.2452,0,0.56044,0.43956,0,0,0,0,1,0,0,0,0,1,0,0,0
1.311,16.392,23.349,1.9333,8.5791,17.393,20.089,8.6045,0.86701,1.4818,0,23.266,4.8151,10.35,4.6446,4.5723,3.0525,14.61,5.2686,12.209,9.6761,7.5363,21.947,23.871,17.364,7.6719,1.311,0,7.6642,13.402,3.8972,2.4377,0.4335,0,0.51471,0.35294,0.029412,0.10294,0,0,1,0,0,0,0,1,0,0,0
0.61628,3.3432,15.882,7.0603,10.318,19.281,19.357,17.152,4.2994,1.1558,1.5345,10.903,9.8222,10.91,7.5084,4.7669,6.2525,6.9233,11.009,5.1064,12.349,14.449,29.701,15.376,17.236,3.5028,2.3372,0,10.579,3.689,6.0547,8.7642,2.7608,0,0,0.75862,0.24138,0,0,0,0.55172,0.44828,0,0,0,0.034483,0.96552,0,0
2.4212,6.4055,15.238,4.6264,12.601,22.792,14.056,11.671,4.462,5.0257,0.70026,20.924,10.455,9.0654,10.69,10.635,5.548,9.4358,5.8946,6.0504,3.3799,7.9226,17.212,18.831,10.83,3.1687,5.2379,0,12.735,10.889,7.0261,8.6068,5.4636,0,1,0,0,0,0,0,1,0,0,0,0,1,0,0,0
0,4.4011,22.245,3.653,18.726,18.512,9.3599,14.857,3.1396,4.5929,0.51391,18.822,7.7092,11.855,6.3139,12.798,2.4619,13.999,9.6857,6.1281,1.7973,8.4309,16.94,24.019,9.779,3.3738,1.9736,0,12.423,11.567,10.959,5.4978,3.4673,0,0.91379,0.077586,0.0086207,0,0,0,0.99138,0.0086207,0,0,0,0.96552,0.034483,0,0
0,6.0645,18.329,3.56,9.6049,21.492,18.34,14.157,4.6665,2.1714,1.6139,14.893,7.5492,13.426,9.3364,10.625,7.0345,7.8804,7.9494,3.4083,7.4696,10.428,25.794,16.58,13.43,4.3156,3.693,1.0056,10.081,6.0372,7.3585,7.1333,4.5716,0,0.6,0.13333,0.26667,0,0,0,0.93333,0.066667,0,0,0.6,0.4,0,0,0
0,2.131,16.48,4.3908,7.2433,20.943,27.453,9.3043,7.1138,1.3552,3.5848,22.693,11.944,7.7729,3.5166,7.5715,4.1177,12.909,9.3889,6.3126,7.317,6.4567,22.973,15.681,14.569,4.8918,2.4841,0.32308,5.6442,6.8162,11.249,9.8162,5.5515,0,0.24691,0.60494,0.14815,0,0,0,0.1358,0.8642,0,0,0,0.012346,0.98765,0,0
0,4.4089,17.638,6.3474,9.4995,19.031,17.219,13.901,6.8377,4.4386,0.67877,13.954,9.8484,10.071,8.9687,10.659,4.3802,9.489,11.206,6.521,5.9812,8.9208,21.555,15.814,12.204,3.4265,4.1181,0.43436,7.0396,6.7577,10.972,11.968,5.7115,0,0.069565,0.55652,0.33913,0.034783,0,0,0.84348,0.15652,0,0,0,0.21739,0.78261,0,0
0,5.9172,21.764,7.1853,4.0043,20.038,13.823,11.575,7.912,5.7804,2.0005,14.769,7.7692,11.06,7.8513,12.873,3.6359,8.478,12.422,4.3356,8.1854,8.6216,15.95,17.54,7.4779,5.1396,7.8294,0.9706,4.732,3.266,12.104,14.489,10.502,0,0,0.24444,0.65556,0.1,0,0,1,0,0,0,0,0.055556,0.94444,0,0
0,5.8662,15.305,1.9836,7.3883,32.179,12.896,8.9289,8.8747,5.4268,1.151,11.398,11.402,14.245,10.492,13.902,12.596,5.2144,7.2018,5.4148,5.1804,2.9522,12.778,10.623,3.1957,7.4809,16.15,9.5243,3.769,6.2102,14.423,10.269,5.5755,0,0,0.31429,0.68571,0,0,0,1,0,0,0,0,0,1,0,0
2.4325,0,10.912,9.1713,20.461,36.469,13.259,1.2163,6.0801,0,0,18.378,1.2163,3.6488,1.1659,9.971,31.715,10.605,11.788,1.2248,7.9551,2.3318,9.2388,9.2302,1.2163,4.2657,21.271,16.058,12.337,13.164,1.1659,9.7203,2.3318,0.034091,0.079545,0.068182,0.81818,0,0,0,1,0,0,0,0.045455,0.95455,0,0,0
3.4577,3.9998,5.6482,8.2433,15.95,39.163,6.5919,2.1701,9.3648,3.1894,2.222,6.2944,4.2299,6.0414,5.7227,14.807,12.537,13.686,14.675,8.8706,5.085,8.0518,6.6457,2.483,3.668,1.8651,12.766,18.632,9.2766,11.84,2.0446,21.337,9.4417,0.23611,0.15278,0.083333,0.52778,0,0,0,1,0,0,0,0.097222,0.90278,0,0,0
4.2238,6.1526,11.272,10.436,17.456,23.097,7.9633,1.9944,12.246,4.3666,0.79201,19.628,11.752,7.8993,5.0735,6.3633,4.3621,8.3645,8.1097,8.1316,3.7108,16.604,8.8632,8.865,4.6889,3.7878,6.3962,4.3621,2.9885,10.763,6.6554,27.707,14.923,0,0.32692,0.32692,0.19231,0.15385,0,0,1,0,0,0,0,0.86538,0.13462,0,0
5.6014,2.3634,6.9331,8.7674,13.973,33.714,4.593,6.3848,9.5101,5.5607,2.5984,12.382,14.677,4.5286,3.3486,10.869,12.157,7.7911,10.314,8.2725,5.8379,9.8217,3.9696,9.218,2.3081,1.7918,11.749,12.157,2.3809,8.8783,10.716,25.621,11.211,0.13043,0.33696,0.47826,0.032609,0.021739,0,0,1,0,0,0,0,0.88043,0.11957,0,0
3.1656,1.5063,3.4738,15.059,12.679,41.691,10.063,3.6156,4.5763,3.4173,0.75313,5.8862,5.539,8.5724,3.5295,14.126,19.131,8.656,15.095,7.3535,5.897,6.215,0.75313,1.2062,9.4881,3.0518,19.698,15.987,5.1211,11.193,5.7136,21.074,6.7134,0,0,0,1,0,0,0,1,0,0,0,0,1,0,0,0
0,1.8518,5.7706,11.424,16.036,36.137,12.577,7.1852,5.1596,3.8585,0,2.307,5.0013,6.7603,2.8073,15.831,24.671,8.6059,4.0891,6.6503,15.484,7.7921,1.8974,3.7639,18.933,10.368,7.6169,12.96,4.0266,8.9874,5.6381,14.505,11.304,0,0.037383,0.35514,0.60748,0,0,0,1,0,0,0,0,1,0,0,0
2.9282,2.8025,3.7441,9.7491,14.599,46.878,5.9794,2.3462,7.907,2.3236,0.7425,7.4177,7.0562,6.7775,2.9964,11.782,22.126,12.727,5.7123,6.0266,9.5495,7.8297,1.2623,2.4555,8.5197,2.3169,12.933,23.551,5.9778,8.21,6.6154,17.964,10.194,0.14414,0.18919,0.099099,0.56757,0,0,0,1,0,0,0,0,1,0,0,0
0,0,4.7584,9.0958,17.939,44.388,10.908,5.0673,4.7547,3.0891,0,1.8933,8.158,6.9381,1.6545,14.481,26.741,8.5233,3.2233,6.8344,12.372,9.1802,1.2744,2.727,15.874,9.9326,8.8282,20.618,4.11,6.0754,6.8956,11.96,11.705,0,0,0.015385,0.98462,0,0,0,1,0,0,0,0,1,0,0,0
0,0.57234,4.0106,10.151,6.3142,66.3,1.8667,0.71297,3.9658,6.1062,0,1.4424,4.5739,1.908,1.6281,19.333,29.413,14.888,2.9646,4.817,9.4336,9.5987,1.4854,2.1902,8.6166,0.86183,19.664,29.651,9.3083,5.5098,7.4727,10.185,5.0553,0,0.66667,0.11111,0.22222,0,0,0,1,0,0,0,0,1,0,0,0
3.5507,5.416,9.2403,4.6588,16.286,28.516,6.3548,8.4364,10.974,4.5389,2.0278,14.016,6.7441,11.045,7.6734,6.8548,11.759,10.302,7.2196,7.6958,4.2523,12.438,11.409,9.0484,7.6146,1.5071,5.5214,10.718,9.9837,7.5675,6.7551,21.552,8.3221,0.013514,0.81081,0.16216,0.013514,0,0,0,1,0,0,0,0,0.99324,0.0067568,0,0
0,2.6863,5.6973,1.5483,6.2934,54.268,4.0271,9.8672,7.3892,8.2232,0,13.095,2.3225,4.3861,9.4112,12.201,40.605,7.5497,1.1332,1.3408,0,7.9558,9.4914,9.0268,3.8195,0,2.6453,32.137,13.899,8.6207,8.7964,3.4007,8.1634,0,0.19048,0.095238,0.19048,0.52381,0,0,1,0,0,0,0,1,0,0,0
0,3.9948,5.1233,10.707,11.575,45.381,6.7196,1.7501,9.1731,5.5758,0,6.8953,8.9067,9.4115,3.8258,12.376,23.675,10.899,6.6159,5.1618,5.7203,6.5135,1.6131,5.6741,3.3483,3.1875,12.11,24.65,4.9227,4.8805,13.756,19.976,5.8818,0,0.02459,0.14754,0.77869,0.04918,0,0,1,0,0,0,0,0.93443,0.065574,0,0
0,1.4953,8.5429,4.9797,11.078,55.579,4.4737,3.184,5.6849,4.9825,0,5.6705,8.921,5.378,6.2647,14.42,29.116,11.318,4.6438,1.3126,9.3294,3.6266,2.3762,4.3878,5.6108,4.4737,19.907,25.35,2.876,7.4402,14.093,8.0758,5.4105,0,0.026144,0.071895,0.90196,0,0,0,0.98693,0.013072,0,0,0,1,0,0,0
0,1.252,16.583,5.2309,6.4244,47.051,7.2598,7.5087,3.9414,4.4058,0.34326,8.6457,6.4235,8.1692,6.5128,15.589,28.701,8.0878,7.1364,1.6633,5.7227,3.3487,4.1178,9.7754,1.1492,5.5965,18.627,18.495,5.5248,8.0029,12.066,9.1858,7.4599,0.088608,0.10127,0.62025,0.18987,0,0,0,0.86076,0.13924,0,0,0,0.64557,0.35443,0,0
0,4.7195,11.098,3.9089,11.361,46.751,4.6059,1.4665,7.3563,8.7333,0,4.9731,10.7,11.705,7.3605,11.095,23.955,8.0672,8.865,0.70781,7.0269,5.5449,4.6408,7.23,1.8737,4.6059,17.683,21.881,2.4508,4.6781,20.959,10.895,3.1033,0.1875,0.45833,0.29167,0.0625,0,0,0,0.46875,0.53125,0,0,0,0.98958,0.010417,0,0
0,7.7001,12.818,6.7298,5.0561,27.265,12.305,9.8699,9.6459,7.9296,0.67985,9.81,1.9404,3.8065,2.7704,19.308,23.12,13.011,5.4492,5.7062,7.2996,7.7782,3.3273,12.111,18.631,8.0755,9.0215,7.3348,5.58,9.1983,12.154,9.1888,5.3777,0,0.058065,0.096774,0.84516,0,0,0,1,0,0,0,0,1,0,0,0
0,4.7926,15.013,3.7293,5.9994,47.071,2.2211,3.0455,9.8025,8.3257,0,9.526,2.7934,2.7166,1.8822,13.089,32.536,10.434,3.8684,5.8721,8.2888,8.9941,5.8081,6.0143,13.629,2.2211,6.1117,26.337,5.9563,10.843,8.7879,10.266,4.0262,0,0.034783,0.2,0.75652,0.0086957,0,0,1,0,0,0,0,1,0,0,0
0,3.376,20.518,0.61038,1.9218,54.217,1.2185,1.1718,12.093,4.8732,0,10.245,1.6809,3.5163,3.7721,7.8703,41.553,10.459,2.3379,4.5718,7.344,6.6498,9.2128,6.0385,7.9452,1.2185,2.6223,35.812,12.228,5.0706,11.335,7.2985,1.2185,0,0,0.98413,0.015873,0,0,0,1,0,0,0,0,0.33333,0.66667,0,0
0,2.109,9.069,2.1875,3.6643,59.145,2.7338,0.70141,16.8,3.5903,0,5.8257,2.978,2.0324,3.3637,8.8044,45.745,10.187,2.4912,1.5304,6.3362,10.706,2.5936,5.011,6.7261,2.7338,7.5533,37.971,9.1105,3.7852,11.861,7.6197,5.0346,0,0,0.036458,0.32292,0.64062,0,0,1,0,0,0,0,1,0,0,0
0,2.8289,19.739,0,0,59.551,0.56565,1.9301,9.1536,6.232,0,5.3924,4.3918,0.56565,3.3716,6.3398,47.15,16.241,3.2606,0,4.9167,8.3707,8.2085,9.7655,6.2471,0.56565,5.2186,47.034,6.2446,6.4313,3.4125,3.8263,3.0461,0,0,1,0,0,0,0,1,0,0,0,0,0.29167,0.70833,0,0
0,0.76901,10.324,0,0.34767,73.398,0.55497,0.768,10.566,3.2731,0,5.6651,0.768,2.2438,0.90264,2.7933,56.806,17.146,2.4314,1.538,4.6753,5.0297,6.1226,2.6631,3.7622,0.55497,0.84269,53.49,14.902,4.5956,6.0255,5.0297,2.0111,0.024096,0.084337,0.89157,0,0,0,0,1,0,0,0,0,0.036145,0.96386,0,0
0,3.1465,15.423,0,0,64.891,0,0.69283,13.023,2.8225,0,7.9037,3.0864,0,3.3746,1.3857,61.7,8.7462,1.3767,0,3.9984,8.4285,4.0073,8.7944,6.392,0,3.8994,51.964,8.4129,3.5064,7.0576,4.5291,1.4368,0.2,0.16,0.64,0,0,0,0,1,0,0,0,0,0.22,0.78,0,0
0,7.0416,12.411,0.57148,2.7579,56.692,3.1308,1.6386,11.74,4.017,0,5.9906,4.1606,1.99,3.0435,9.1459,46.401,8.0972,6.4319,0,4.0036,10.736,4.1048,6.3302,6.2605,3.1308,17.263,38.82,3.4676,6.1243,6.8899,4.5646,3.0435,0,0,0,0.45395,0.54605,0,0,1,0,0,0,0,1,0,0,0
0,9.2718,19.8,0,0.46749,54.512,1.5026,0.5204,12.885,1.0408,0,3.9037,9.2608,0.46749,1.8114,7.6688,43.706,13.11,7.3828,0.74857,0.98789,10.952,5.6887,9.8534,12.547,1.5026,13.835,40.348,1.8313,1.0408,5.0107,6.5308,1.8114,0,0,0.98148,0.018519,0,0,0,1,0,0,0,0,0.46296,0.53704,0,0
0,11.12,10.317,1.5478,3.8834,55.104,5.0059,2.2074,8.4276,2.3873,0,6.8108,5.1212,2.3271,4.6388,15.452,34.797,10.81,6.6231,2.7479,1.3766,9.296,3.8575,2.8188,9.7905,5.0059,23.477,28.52,4.1713,5.2119,5.5055,7.248,4.393,0,0,0,0.99194,0.0080645,0,0,1,0,0,0,0,1,0,0,0
0,8.1639,11.813,0,2.2844,56.241,0.56483,0.56483,18.855,1.5129,0,4.5171,8.9233,1.7196,3.0039,5.8609,44.495,8.708,7.8635,3.3064,1.7196,9.8832,3.0719,4.1783,10.649,0.56483,13.518,42.804,1.4318,2.6426,5.8783,12.257,3.0039,0,0,0.15116,0.54651,0.30233,0,0,1,0,0,0,0,1,0,0,0
0,5.5461,12.301,0,0,58.882,0.76051,0.59893,17.45,4.4624,0,6.5661,4.0606,0,4.2982,4.7861,52.349,9.5012,6.2155,0,0.59893,11.625,6.6074,2.2314,5.5816,0.76051,11.638,47.105,4.1631,4.4624,8.1824,4.9691,4.2982,0.13235,0.029412,0.83824,0,0,0,0,1,0,0,0,0,0.14706,0.85294,0,0
0,19.507,9.905,0,0.84534,49.281,2.8109,0,15.397,2.2537,0,8.3557,7.2609,0.84534,3.1395,7.3934,39.27,8.5522,3.6562,3.2911,0.84534,17.39,2.8109,6.2083,15.328,2.8109,21.452,32.894,0,2.2537,4.8302,8.273,3.1395,0.18462,0,0.81538,0,0,0,0,1,0,0,0,0,0.23077,0.76923,0,0
0,0,5.8898,0,0,94.11,0,0,0,0,0,0,1.9673,0.97765,0,0,37.69,56.42,0,1.9673,0.97765,0,4.9122,0.97765,0,0,0,60.545,33.565,0,0,0,0,0.08,0,0.92,0,0,0,0,1,0,0,0,0,0.12,0.88,0,0
0,0,7.3718,0,0,92.628,0,0,0,0,0,0.48566,1.6928,1.2646,0.48566,0,86.624,6.0043,0,1.6928,1.7502,0,5.1359,1.7502,0.48566,0,0,57.505,35.123,0,0,0,0,0.31818,0.045455,0.63636,0,0,0,0,1,0,0,0,0,0.36364,0.63636,0,0
0,0.39085,15.159,0,0.39085,81.522,0,0.39085,1.5612,0.58518,0,3.1978,1.6309,2.7658,2.2217,0,55.658,25.761,0.58518,2.0218,5.1819,0.97603,7.9497,4.5967,3.5886,0,0,58.389,21.181,1.1704,1.5634,0.97603,0.58518,0.22222,0.044444,0.73333,0,0,0,0,1,0,0,0,0,0.26667,0.73333,0,0
0,0,0,0,0,100,0,0,0,0,0,0,0,0,0,11.001,83.882,5.1164,0,0,0,0,0,0,0,0,0,73.833,26.167,0,0,0,0,0,0,0.16279,0.2093,0.62791,0,0,1,0,0,0,0,1,0,0,0
0,0,0,0,4.7036,95.296,0,0,0,0,0,0,0,0,3.1259,16.417,68.072,12.385,0,0,0,0,0,0,0,0,0,67.672,27.624,3.1259,1.5777,0,0,0,0,0.22449,0.18367,0.59184,0,0,1,0,0,0,0,1,0,0,0
0,0,0,0,0,100,0,0,0,0,0,0,0,0,0,12.824,72.674,14.502,0,0,0,0,0,0,0,0,0,73.117,26.883,0,0,0,0,0,0,0.98039,0.013072,0.0065359,0,0,1,0,0,0,0,1,0,0,0
0,0,0,0,3.3876,96.612,0,0,0,0,0,0,0,0,1.683,12.236,77.298,8.7832,0,0,0,0,0,0,0,0,0,83.283,13.329,1.683,1.7046,0,0,0,0,0.96324,0.036765,0,0,0,1,0,0,0,0,1,0,0,0
0,0,0,0,25.973,74.027,0,0,0,0,0,2.1858,0,0,6.1699,15.842,63.052,4.3949,8.3557,0,0,0,0,0,0,0,0,62.984,11.043,14.526,11.447,0,0,0,0,0.16327,0.20408,0.63265,0,0,1,0,0,0,0,1,0,0,0
0,0,0,0,16.737,83.263,0,0,0,0,0,9.463,0,0,4.9904,12.265,63.819,0,9.463,0,0,0,0,0,0,0,0,52.072,31.191,14.453,2.2837,0,0,0,0,0.16667,0.66667,0.16667,0,0,1,0,0,0,0,1,0,0,0
0.73684,0,0,0.73684,18.016,80.51,0,0,0,0,0,2.4201,0,1.4737,9.1897,18.496,58.74,3.3202,5.6232,0,0,0.73684,0,0,0,0,0,61.358,19.153,14.813,3.2031,0.73684,0.73684,0,0,1,0,0,0,0,1,0,0,0,0,1,0,0,0
1.8476,0,0,6.1935,42.798,46.988,0,0,0,2.173,0,2.173,0,8.0411,14.311,18.762,38.461,0,12.058,2.173,2.173,1.8476,0,0,0,0,0,36.263,10.725,28.542,14.257,6.1935,4.0205,0,0,0.90722,0.041237,0.051546,0,0,1,0,0,0,0,1,0,0,0
0,0,0,0,0,100,0,0,0,0,0,0,0,0,0,1.1167,97.767,1.1167,0,0,0,0,0,0,0,0,0,94.864,5.1358,0,0,0,0,0,0,1,0,0,0,0,1,0,0,0,0,1,0,0,0
0,0,0,0,2.2614,97.739,0,0,0,0,0,0,0,0,0,4.4249,93.412,2.1635,0,0,0,0,0,0,0,0,0,92.626,5.1123,0,2.2614,0,0,0,0,1,0,0,0,0,1,0,0,0,0,1,0,0,0
0,0,0,0,0,100,0,0,0,0,0,0,0,0,0,0,100,0,0,0,0,0,0,0,0,0,0,100,0,0,0,0,0,0,0,0.96503,0.034965,0,0,0,1,0,0,0,0,1,0,0,0
0,0,0,0,2.2678,97.732,0,0,0,0,0,0,0,0,0,2.2678,97.732,0,0,0,0,0,0,0,0,0,0,97.732,0,0,2.2678,0,0,0,0,0.936,0.064,0,0,0,1,0,0,0,0,1,0,0,0
2.2281,0,0,2.9633,7.1607,86.177,0.73521,0,0,0,0.73521,2.2866,0.73521,4.4562,0,5.8963,80.354,1.0222,1.5514,0,0.73521,2.9633,0,0,0,0,0,77.956,8.2214,2.2866,5.6093,3.6985,2.2281,0,0,1,0,0,0,0,1,0,0,0,0,1,0,0,0
2.471,1.491,0,14.445,16.554,52.997,1.2255,0,0,8.8461,1.971,9.7587,2.2055,14.945,0.98001,4.8353,40.543,0.74549,2.9037,9.3151,10.306,3.4619,0,0,0.74549,0.74549,0,37.923,14.094,12.699,9.2772,16.416,8.1006,0,0,0.90435,0.017391,0.078261,0,0,1,0,0,0,0,1,0,0,0
1.9259,0,0,5.1185,7.2943,81.399,1.5247,0,0,1.2129,1.5247,2.7377,2.2827,3.0938,0.758,3.0407,78.412,0,1.9709,2.7289,2.2827,2.6926,0,0,0,0,0,77.199,3.4419,3.7987,8.9622,4.2173,2.3809,0,0,1,0,0,0,0,1,0,0,0,0,1,0,0,0
6.313,4.5199,1.1199,9.9423,17.27,52.339,0.57014,0,0,6.3168,1.6092,4.2786,4.9008,10.651,4.9008,7.2809,35.559,1.6092,4.437,12.148,7.6712,6.5626,0,0,2.3201,1.6296,0,35.332,12.676,11.692,24.202,4.6267,7.5216,0,0,1,0,0,0,0,1,0,0,0,0,1,0,0,0
10.752,3.2223,0,7.107,10.867,59.224,1.192,0,0,4.8334,2.8031,3.2167,2.8065,15.056,1.6145,4.421,44.826,1.6111,3.6392,4.8401,6.0288,11.94,0,0,1.6111,1.6111,0,42.801,14.808,8.0602,12.061,9.9101,9.1373,0,0,0,0.33333,0.66667,0,0,1,0,0,0,0,1,0,0,0
3.3023,7.6081,1.1666,19.202,20.92,42.271,1.6208,0,0,2.5005,1.4077,4.8111,10.551,13.723,9.6198,6.3341,21.212,0.47675,3.2745,14.609,11.312,4.078,0,0,6.2284,0.68984,0,22.019,11.323,16.715,33.18,5.3643,4.4809,0,0,0,0,1,0,0,1,0,0,0,0,1,0,0,0
5.5131,9.5144,1.3832,14.843,10.424,39.852,3.2103,0,0,9.8802,5.3806,6.6844,6.2968,10.295,3.8955,2.845,32.564,2.9792,0.7967,8.7309,11.592,13.32,0,0,5.4915,3.2139,0,33.385,3.3805,6.7822,27.452,10.499,9.7961,0,0,0,0.11765,0.88235,0,0,1,0,0,0,0,1,0,0,0
0,0,0,0,0,94.988,0,1.2905,3.7219,0,0,1.2905,0,0,0,3.6944,92.379,2.6359,0,0,0,0,0,1.2905,0,0,0,93.697,1.2905,0,0,0,3.7219,0,0,0.92029,0.072464,0.0072464,0,0,1,0,0,0,0,1,0,0,0
0,0,0,0,0,96.583,0,0,3.4169,0,0,0,0,0,0,1.3518,91.613,7.0357,0,0,0,0,0,0,0,0,0,93.678,2.9053,0,0,0,3.4169,0,0,0.97248,0.027523,0,0,0,1,0,0,0,0,1,0,0,0
0,0,0,0,0,82.086,0,9.8513,8.0625,0,0,2.2918,0,0,0,8.0236,73.56,11.431,0,0,0,4.6936,2.8659,2.2918,0,0,1.8277,72.235,8.0236,0,0,4.6936,8.0625,0,0,0.9635,0.021898,0.014599,0,0,1,0,0,0,0,1,0,0,0
0,0,0,0,0,89.55,0,3.2572,5.5641,1.6286,0,0,1.6286,0,0,7.1926,75.855,12.067,0,0,3.2572,0,0,0,0,0,0,79.112,10.438,0,0,3.2572,7.1926,0,0,0.98473,0.015267,0,0,0,1,0,0,0,0,1,0,0,0
0,0.62915,0.95065,6.3162,4.6044,80.203,0.60994,0,1.4833,3.643,1.5606,3.6238,1.2391,0,0,3.8187,74.853,7.0092,2.0632,3.9645,0.60994,2.8189,0,0,0,0,0,74.273,5.93,0.60994,12.212,1.2199,5.7555,0,0,1,0,0,0,0,1,0,0,0,0,1,0,0,0
2.276,5.4892,3.5033,7.9058,8.824,59.892,2.5453,0,0.53707,4.7514,4.2761,6.0485,5.3434,4.1056,3.4667,5.8364,46.469,4.1153,0.99812,8.4933,4.8785,10.245,0,0,1.9019,1.8446,0,49.417,8.2134,5.5969,22.11,3.3182,7.598,0,0.063291,0.93671,0,0,0,0,1,0,0,0,0,1,0,0,0
1.385,11.957,4.4405,12.797,5.9806,47.495,4.859,0.99516,1.1269,6.1413,2.8219,12.079,7.668,6.5357,7.1178,5.912,28.404,2.3547,2.3437,4.439,4.9171,18.228,0,0,1.5364,4.8535,0,37.622,8.1904,4.2136,23.48,3.2404,16.863,0,0,0.83117,0.11688,0.051948,0,0,1,0,0,0,0,1,0,0,0
0,1.1699,0.75592,4.3258,1.6686,73.883,0,7.0151,3.3234,6.1647,1.6932,2.4246,4.6774,0.93723,0,7.9544,51.586,17.46,0.7314,2.2432,7.0151,4.9702,0.93723,0,0.93723,0,0,61.194,11.753,1.8745,5.6318,7.0151,10.658,0,0,0.95726,0.042735,0,0,0,1,0,0,0,0,1,0,0,0
0,2.291,2.519,12.156,1.784,45.1,1.1455,9.4379,0.72989,12.741,12.096,10.172,3.2872,3.1509,5.869,9.3015,19.759,16.129,0.50854,3.2555,14.161,14.406,2.0054,0,1.2755,1.1455,0,30.979,11.684,8.4353,12.661,13.001,18.813,0,0.065934,0.86813,0.054945,0.010989,0,0,1,0,0,0,0,1,0,0,0
1.7698,1.0874,4.4214,0,0,75.707,0,2.7325,10.084,4.1986,0,0,0,0,0,10.109,68.147,13.322,0,0,1.0874,7.3346,1.3662,4.4214,1.0874,1.7698,4.4214,63.47,7.8147,0,4.1986,1.3662,10.084,0,0,0,0.51136,0.48864,0,0,1,0,0,0,0,1,0,0,0
4.2897,1.0941,1.6176,0,4.8034,76.633,0,7.4775,4.0845,0,0,4.8034,4.8034,0,0,14.991,45.755,21.589,0,0,1.0941,6.9637,0,1.6176,5.8975,4.2897,4.2916,60.547,11.795,0,0,7.4775,4.0845,0,0,0,0.55,0.45,0,0,1,0,0,0,0,1,0,0,0
0,1.5139,0,10.247,5.3905,63.459,0,5.405,4.7783,3.725,5.4811,6.496,5.8133,5.4489,1.1055,15.337,28.702,22.034,0,0,4.39,10.673,5.4489,0,5.3905,0,0,36.706,23.483,7.6455,2.6194,6.5105,12.196,0,0.13725,0.78431,0.039216,0.039216,0,0,1,0,0,0,0,1,0,0,0
0,1.0747,0,18.035,1.2923,45.947,0,17.385,7.081,6.4145,2.7703,2.6774,10.943,6.0063,1.3852,19.332,7.9141,23.604,0,0,17.478,10.66,6.0063,0,1.2923,0,0,26.374,16.01,4.9479,2.4599,15.208,27.702,0.060606,0.89899,0,0.020202,0.020202,0,0,1,0,0,0,0,1,0,0,0
11.719,12.548,2.6444,5.1264,12.67,30.894,2.5054,0,0,15.539,6.3532,5.9832,5.0571,8.8257,4.2419,5.9185,15.496,5.538,3.385,12.429,12.534,20.591,0,0,4.5838,6.274,0,18.043,10.299,8.4701,31.78,6.2142,14.336,0,0,0,0,1,0,0,1,0,0,0,0,1,0,0,0
1.9525,4.0622,4.3729,12.868,6.8381,48.288,0.42743,1.3781,0.92552,10.743,8.1451,7.1008,4.0878,3.3235,4.1129,6.1327,36.547,6.3396,1.6977,13.767,7.0956,9.7952,0,0,2.5481,0.58859,0,37.929,7.6244,6.091,29.015,4.1996,12.005,0,0,0,0,1,0,0,1,0,0,0,0,1,0,0,0
0,7.4575,2.6756,12.953,1.5071,54.176,1.5636,5.4018,5.2589,6.3874,2.6191,5.7463,7.7677,3.9993,1.5636,18.954,22.881,8.8189,0,2.2239,5.4018,22.643,2.4357,0,1.5071,1.5636,0,35.74,14.346,5.5969,10.793,2.819,25.198,0,0,0,0.055556,0.94444,0,0,1,0,0,0,0,1,0,0,0
0,1.3827,0,18.916,5.037,40.941,0,7.9262,5.9528,8.095,11.749,8.3932,5.9528,9.6071,3.3561,17.111,5.531,22.57,0,0,11.282,16.196,9.6071,0,5.037,0,0,14.84,21.064,13.43,4.7389,11.282,20.001,0,0,0.0625,0.79167,0.14583,0,0,1,0,0,0,0,1,0,0,0
0,2.7646,17.835,3.6562,0.47161,31.199,21.806,4.8291,13.911,3.5285,0,6.147,0.35958,11.26,2.6237,11.622,25.049,28.886,0.93336,0,3.5669,9.5514,15.262,3.4739,2.7548,21.188,5.2038,16.962,12.886,3.5285,0.47161,14.528,3.7397,0,0.011364,0,0.011364,0.97727,0,0,1,0,0,0,0.011364,0.98864,0,0,0
0,1.1705,8.2834,17.518,0,40.388,7.5801,3.353,17.184,4.5235,0,7.5801,5.2391,3.353,6.4096,12.734,20.863,24.764,7.0397,0,1.1705,10.848,9.3807,13.449,2.9711,7.5801,7.5801,18.766,15.212,4.5235,5.2391,6.7059,8.592,0,0.62637,0.16484,0.098901,0.10989,0,0,0.52747,0.47253,0,0,0.7033,0.2967,0,0,0
0.99071,5.2549,22.519,6.7548,1.1241,35.041,9.406,1.3538,14.846,2.7098,0,12.314,3.4063,7.3971,4.4316,17.084,11.264,24.443,1.9236,0.99071,11.326,5.4196,13.84,10.958,5.4664,13.636,9.406,14.121,13.004,2.7098,3.7077,9.411,3.7415,0,0,0,0,1,0,0,1,0,0,0,0,1,0,0,0
0,3.1273,8.8148,9.8795,1.911,43.316,9.6063,5.0564,16.673,1.6158,0,7.8267,2.5323,8.0996,2.9846,15.239,24.037,24.983,2.6423,0.34735,5.6294,5.6788,10.396,6.8553,1.4434,11.013,4.3521,22.72,19.528,1.9631,3.479,11.436,6.8151,0,0,0.020833,0.03125,0.94792,0,0,1,0,0,0,0,1,0,0,0
0,0.61352,7.5017,5.2387,0,62.938,6.6434,3.1252,10.201,3.7387,0,2.0554,1.3731,5.4192,3.6508,8.7294,47.136,20.508,0.82837,0,2.8224,7.4774,8.7672,3.3596,0.61352,6.6434,2.0554,36.805,24.691,3.7387,0.82837,8.5444,3.9536,0,0.035088,0.96491,0,0,0,0,1,0,0,0,0,1,0,0,0
0,2.7138,12.012,4.3996,2.7234,63.62,3.3715,2.131,7.5952,1.4332,0,6.3062,0.78552,3.6131,2.9158,12.647,48.015,13.674,1.2608,1.0745,5.53,4.1785,10.169,4.336,1.9064,4.8082,2.8544,41.468,21.481,2.5077,2.186,5.6505,2.633,0,0.097826,0.90217,0,0,0,0,1,0,0,0,0,1,0,0,0
0,0,4.1338,2.2428,2.7436,90.88,0,0,0,0,0,0.63034,0.57432,0,1.6685,9.8464,75.158,9.2784,0.54507,0.63034,1.6685,0,4.5977,1.779,0,0,4.6863,65.274,23.032,0.63034,0,0,0,0.012048,0.012048,0.9759,0,0,0,0,1,0,0,0,0,1,0,0,0
0,2.2482,17.717,9.843,0.43642,44.291,13.903,1.0079,9.1777,1.3754,0,5.6556,1.9932,5.2487,4.0412,10.886,37.019,20.684,4.68,0,3.386,6.4066,14.519,8.5138,4.5273,14.272,4.7828,31.867,9.9571,1.3754,1.9645,5.7526,2.4684,0.012346,0.037037,0.87654,0.074074,0,0,0,1,0,0,0,0,1,0,0,0
0,0,7.6844,5.4984,0,83.951,0,0.7166,1.4332,0.7166,0,0,0.44622,0.7166,2.8661,11.857,66.123,9.3189,2.186,0,2.8661,3.6192,7.9183,3.0785,2.186,0,0,55.611,28.34,0.7166,0,1.4332,0.7166,0,0.057143,0.94286,0,0,0,0,1,0,0,0,0,1,0,0,0
0,1.0956,9.056,5.67,0.72941,76.949,1.271,0.73301,3.3438,1.1526,0,2.3384,1.7045,1.071,2.124,8.5812,63.818,11.208,2.261,0.3914,2.3682,4.1343,6.4281,6.049,2.2487,1.947,1.271,55.704,20.731,1.544,0.76988,1.804,1.5029,0.15686,0.078431,0.76471,0,0,0,0,1,0,0,0,0,1,0,0,0
0,0,1.8447,1.2682,0,96.887,0,0,0,0,0,0,0,0,0.69176,10.677,82.323,4.464,0.57648,0,0.69176,0.57648,1.96,0.57648,0.57648,0,6.0508,78.966,11.871,0,0,0,0,0,0.078431,0.92157,0,0,0,0,1,0,0,0,0,1,0,0,0
0,0,2.2722,1.8291,0.4077,95.491,0,0,0,0,0,0,0.27003,0,1.1159,12.554,73.318,10.741,0.44315,0,1.1159,0.44315,2.6749,0.98322,0.44315,0,5.7635,62.602,27.534,0,0,0,0,0.13559,0.10169,0.76271,0,0,0,0,1,0,0,0,0,1,0,0,0
4.0684,6.2701,17.198,2.5395,2.5742,36.424,10.585,5.218,11.869,3.2531,0,11.986,6.559,4.688,0.95294,17.941,18.207,22.912,0,3.7638,9.6312,3.3601,12.138,6.2124,5.456,19.404,6.7225,11.157,13.766,2.495,6.6745,12.864,3.1099,0,0,0,0.016667,0.98333,0,0,1,0,0,0,0,1,0,0,0
1.1232,2.8022,21.971,4.7216,1.2762,44.726,8.3296,3.9705,8.8507,2.2294,0,9.5139,2.9293,5.875,3.4542,14.437,27.561,20.314,0.53249,1.9773,7.9174,5.4888,14.717,9.0405,4.0583,9.5461,7.2997,22.033,15.619,3.0835,2.3148,10.176,2.1129,0,0,0.82716,0.11111,0.061728,0,0,1,0,0,0,0,1,0,0,0
1.2313,1.4672,16.499,0.59286,2.8179,41.59,6.5899,4.4513,20.604,4.157,0,10.649,4.6278,10.02,0,18.321,21.67,21.122,0,0.38219,12.615,0.59286,7.2557,6.1262,4.9409,10.39,3.0713,10.582,19.378,2.8447,11.09,22.995,1.3265,0,0,0,0.017241,0.98276,0,0,1,0,0,0,0,1,0,0,0
5.1568,5.8723,22.152,1.0216,4.2895,39.848,7.4907,0.91998,10.179,3.0701,0,10.911,8.2347,4.6771,0.28079,17.615,22.04,21.185,0,4.6238,9.9716,0.45999,14.532,6.2364,7.5614,18.423,5.3141,14.188,12.26,3.5278,7.8925,8.5702,1.4946,0.16176,0.044118,0.60294,0.073529,0.11765,0,0,1,0,0,0,0,1,0,0,0
8.9923,2.8174,22.838,0,6.9223,40.46,4.1415,1.4193,6.2343,6.1749,0,17.911,9.7397,4.815,0,20.73,24.581,12.521,0,2.8174,6.885,0,9.7778,5.5609,16.491,9.7764,4.1415,4.8903,8.6668,12.35,20.691,7.6537,0,0,0,0,0,1,0,0,1,0,0,0,0,1,0,0,0
1.2939,2.9358,13.286,2.5613,4.0804,63.777,1.9645,1.188,7.8529,1.0603,0,6.3324,3.9833,4.7841,1.9407,14.268,45.553,15.021,0,0.64433,6.6514,0.82132,9.484,4.8042,2.853,5.1339,1.9645,32.312,27.903,1.7099,5.7353,7.16,0.9404,0,0,1,0,0,0,0,1,0,0,0,0,1,0,0,0
1.5681,1.5681,13.027,0,3.7927,38.021,10.397,1.4802,21.979,8.1665,0,4.2018,11.094,4.1655,0,17.693,19.185,27.119,1.9422,2.0588,12.54,0,8.1627,4.2018,2.2308,21.7,2.2308,8.3492,17.197,1.4618,11.007,23.459,0,0,0,0,0,1,0,0,1,0,0,0,0,1,0,0,0
2.5645,1.7039,12.944,0.60677,7.5052,59.614,2.5131,1.5467,7.9286,3.0733,0,8.8841,4.1615,2.8755,0.30338,16.599,40.601,15.55,2.8846,2.4242,5.7169,0,6.3245,5.0123,4.7788,6.2954,1.2194,24.015,28.059,6.6411,8.639,8.5562,0.45957,0.26866,0.059701,0.40299,0.1194,0.14925,0,0,1,0,0,0,0,1,0,0,0
0,0,4.4336,0.64153,5.1657,89.047,0,0,0.71183,0,0,0.78946,1.0326,0.71183,0.32077,12.324,66.626,12.603,4.4819,0.78946,0.32077,0,3.6441,1.431,0,0,4.6524,50.092,36.715,2.0411,0.71183,0.71183,0,0,0.010753,0.98925,0,0,0,0,1,0,0,0,0,1,0,0,0
1.0133,0,3.3132,0,3.8242,89.686,0,0,1.1499,1.0133,0,2.0266,2.1632,1.1499,0,16.088,56.141,20.633,1.7973,0,0,0,2.2998,0,2.0266,0,2.4181,41.648,44.241,2.0266,4.1899,1.1499,0,0,0,0,0,1,0,0,1,0,0,0,0,1,0,0,0
0,0,3.721,0,17.46,77.762,0,0,1.0572,0,0,0.53553,1.0572,1.0572,0,20.654,48.323,13.151,14.686,0.53553,0,0,3.1855,0.53553,0,0,2.5648,35.263,49.367,6.9704,1.0572,1.0572,0,0.34848,0.10606,0.30303,0.10606,0.13636,0,0,1,0,0,0,0,1,0,0,0
0,6.3547,19.335,7.9774,1.6913,18.315,14.363,12.996,10.639,7.2668,1.0617,18.289,9.1871,9.4501,7.2459,14.363,5.6809,6.9075,10.857,4.7801,3.2192,10.02,20.105,13.989,8.6165,6.8457,7.2581,5.207,3.269,6.7509,4.2291,10.517,13.213,0,0.91304,0.086957,0,0,0,0,1,0,0,0,0.91304,0.086957,0,0,0
0,4.111,17.018,6.2711,5.9518,18.11,22.119,17.836,5.9555,2.26,0.36792,9.0871,8.3686,10.696,9.4626,8.1824,6.885,6.2608,10.453,5.4713,11.102,14.031,30.493,17.348,17.332,2.8066,3.946,0.65888,6.4259,1.6051,3.5036,11.419,4.4619,0.010417,0.34375,0.5625,0.083333,0,0,0,0.30208,0.69792,0,0,0,0.083333,0.91667,0,0
0.3866,7.7288,21.658,3.646,7.2015,20.449,12.028,17.195,5.1211,3.6889,0.89808,7.5841,4.6978,16.426,8.7919,11.217,6.016,11.39,5.9558,3.5102,8.7977,15.613,24.35,18.936,15.204,2.7175,3.9924,0.75086,8.353,3.3232,11.401,6.6108,4.3607,0.039604,0.87129,0.089109,0,0,0,0,0.81188,0.18812,0,0,0.33663,0.40594,0.25743,0,0
0,4.8523,20.12,6.8094,3.5906,19.96,15.217,13.334,8.8011,5.9375,1.3791,12.255,12.945,15.722,9.8508,9.8957,5.4968,5.9541,9.1021,6.5014,5.19,7.0875,20.764,14.863,8.5037,5.4209,7.0797,3.1512,3.9346,4.8334,12.019,13.25,6.1808,0,0.46154,0.44231,0.096154,0,0,0,0.90385,0.096154,0,0,0,0,1,0,0
0,0,0,14.895,44.685,33.333,0,0,7.0869,0,0,7.0869,14.895,11.352,14.895,14.895,3.5434,3.5434,11.352,14.895,3.5434,0,0,0,0,0,18.438,0,3.5434,44.685,3.5434,22.703,7.0869,0.58333,0.41667,0,0,0,0,0,1,0,0,0,0,1,0,0,0
0.31462,0.62924,2.2335,0,2.5745,91.148,0,0,1.1809,1.9188,0,1.4955,1.6042,0.5263,1.1033,11.932,69.154,10.613,2.4155,0,0.84092,0.31462,0,1.3925,1.3925,0,15.865,58.482,18.927,0.86625,1.5789,1.1809,0.31462,0.058824,0.16471,0.77647,0,0,0,0,1,0,0,0,0,1,0,0,0
0,0,0.86197,8.0865,34.37,41.385,2.2368,1.6176,11.442,0,0,21.469,13.647,4.3226,10.311,13.461,7.5204,8.1844,5.3294,8.8483,6.9074,0,0,1.3749,0.8088,0.86197,15.764,4.6122,20.2,33.508,9.0463,3.2436,10.58,0,0.725,0.275,0,0,0,0,1,0,0,0,0,1,0,0,0
0.87639,0.62424,4.7795,8.5608,34.433,40.912,4.0036,1.2834,3.6666,0.86069,0,10.997,9.4525,10.413,16.899,16.997,5.5972,5.4599,13.093,8.6352,2.144,0.31212,0,1.242,1.5024,1.9453,15.612,9.9919,11.962,32.236,6.7495,17.898,0.86069,0,0.23077,0.76923,0,0,0,0,1,0,0,0,0,1,0,0,0
3.4211,4.6828,9.4068,0,1.392,56.32,5.6141,0,6.1018,11.257,1.8042,14.043,4.9265,2.1304,6.5761,13.853,32.341,16.501,0.46516,1.1557,5.8099,2.199,0,5.631,8.2855,3.7369,16.994,31.946,11.935,3.8303,7.1742,8.0763,2.3913,0.010309,0.051546,0.93814,0,0,0,0,1,0,0,0,0,1,0,0,0
2.343,3.3441,2.5667,0,1.2834,70.296,0,6.3326,8.9075,4.927,0,1.2834,1.2834,1.2834,2.5667,8.4685,56.158,14.577,0,0,3.3441,11.036,1.2834,5.1334,3.3441,2.343,3.7658,55.777,9.4697,0,6.2103,3.7658,8.9075,0,0,0,0.66116,0.33884,0,0,1,0,0,0,0,1,0,0,0
9.803,2.9414,3.1622,0.92428,9.2518,56.833,2.9414,3.8172,8.4769,1.8486,0,6.8071,0,2.9414,4.6259,4.8782,36.711,21.164,0.92428,3.7016,9.5845,8.6616,0,6.1037,12.526,9.803,4.9623,41.661,13.912,6.4745,0.92428,0.87576,2.7581,0,0,0.033333,0.96667,0,0,0,1,0,0,0,0,1,0,0,0
2.4004,4.2455,2.2521,0,6.816,69.444,1.2002,4.8824,8.7591,0,0,4.6337,2.2333,1.2002,2.2913,11.331,48.252,17.381,0,2.2913,7.7371,2.6491,0,3.4523,11.171,2.4004,3.701,46.785,21.25,2.2913,0,3.6822,5.2676,0,0,0.021277,0.60638,0.37234,0,0,1,0,0,0,0,1,0,0,0
13.455,8.2301,0,2.883,9.7912,44.017,6.7524,7.1621,5.1494,2.56,0,12.585,0,8.3554,1.28,12.462,18.957,13.282,3.8893,4.2123,15.392,9.5854,0,6.7524,19.535,13.455,4.4859,25.591,12.934,11.071,3.8893,1.0063,1.28,0.11628,0.16279,0.11628,0.56977,0.034884,0,0,0.90698,0.093023,0,0,0.093023,0.90698,0,0,0
3.5776,2.4245,0,3.8481,22.787,53.365,1.2437,2.4452,5.1001,5.2087,0,3.8269,0,2.4875,7.7045,12.157,18.941,24.851,5.0707,8.8102,9.9699,6.1819,0,1.2437,8.7473,3.5776,5.0918,23.083,29.068,20.291,5.0707,1.2226,2.6043,0,0,0.058824,0,0.94118,0,0,1,0,0,0,0,1,0,0,0
1.4092,5.6718,13.97,6.512,9.0221,34.456,7.5865,7.9219,6.5394,6.9112,0,9.6193,6.3671,7.9162,8.6307,16.955,14.647,9.8799,9.068,3.0599,4.6454,9.2112,8.6289,11.323,2.8428,5.8267,14.135,8.4302,6.6338,11.917,11.239,8.9856,10.038,0.055249,0.50276,0.43094,0.01105,0,0,0,0.9779,0.022099,0,0,0,0.55801,0.44199,0,0
0.97084,1.7771,13.544,6.763,11.271,45.207,2.6868,5.5186,3.998,8.2631,0,6.9533,6.3434,9.5463,6.3415,15.588,20.84,11.7,8.7769,2.5722,5.7025,5.6353,5.3567,5.8749,0.7146,3.0589,15,18.666,10.361,13.462,13.496,9.9488,4.0617,0.014925,0.16915,0.54229,0.26866,0.0049751,0,0,1,0,0,0,0,0.74627,0.25373,0,0
4.6985,1.194,2.4339,10.414,22.039,41.803,6.3417,1.6151,3.9976,5.4631,0,6.9563,2.4733,14.106,7.0742,16.575,4.6534,15.622,9.8373,11.772,4.3229,6.6075,0.84222,6.7564,4.5555,5.0765,16.582,4.8101,20.293,24.211,9.8532,3.2564,3.7627,0,0,0.044444,0.94444,0.011111,0,0,1,0,0,0,0,1,0,0,0
1.5084,0,4.2417,4.1416,29.401,47.044,5.1345,1.7674,5.6592,1.102,0,10.697,3.8144,5.6229,17.774,16.757,15.626,10.656,9.7878,4.4097,2.9549,1.9002,0,1.5318,0.88372,3.0372,19.807,14.437,16.604,23.003,9.3732,7.5989,3.724,0.021739,0.01087,0.15217,0.81522,0,0,0,1,0,0,0,0,1,0,0,0
6.1208,4.4613,5.9093,4.5674,17.42,38.022,4.986,10.199,5.6631,2.651,0,10.985,3.2583,10.712,2.4763,16.816,12.355,10.236,5.6674,7.1096,15.139,5.246,3.1566,6.666,14.346,6.6264,6.721,15.474,13.93,19.189,7.4336,4.8392,1.6186,0.026786,0.071429,0.24107,0.32143,0.33929,0,0,0.98214,0.017857,0,0,0,0.84821,0.15179,0,0
2.5243,0,0,9.7526,1.848,64.141,0,8.7181,8.7855,2.3829,1.848,1.848,6.3352,5.8003,0,15.541,26.906,28.631,0,0,8.7181,6.2204,5.8003,0,1.848,2.5243,0,43.197,19.095,3.6961,0,8.7181,15.121,0,0.006993,0,0.53846,0.45455,0,0,1,0,0,0,0.006993,0.99301,0,0,0
0,0.66198,0,11.525,9.4401,54.007,0,11.059,0.66198,4.3423,8.3026,10.359,5.4798,6.4653,0.91868,20.642,2.6479,22.353,0,0,9.0028,22.132,6.4653,0,9.4401,0,0,14.369,29.693,17.329,1.5807,8.4981,12.625,0.10784,0.27451,0.31373,0.29412,0.0098039,0,0,1,0,0,0,0,1,0,0,0
3.6314,1.2221,0.43745,4.2757,33.028,37.757,1.6595,10.819,4.7951,2.3745,0,10.881,2.0177,3.4248,7.4876,19.645,8.2172,12.804,9.1615,8.3764,14.389,3.5966,0,1.2221,10.025,4.0689,5.4031,13.201,14.684,32.217,7.7466,8.6688,2.7629,0.15385,0.40385,0.44231,0,0,0,0,1,0,0,0,0,1,0,0,0
1.8889,1.2566,4.0626,8.4436,21.189,48.311,4.4894,0.99017,6.7701,2.5981,0,11.725,6.2959,4.5052,8.854,19.796,16.124,14.29,8.1751,5.3948,4.4992,0.34065,0,0.91018,1.4467,0.41163,20.458,15.923,19.099,18.779,11.159,6.569,5.2431,0,0.047619,0.95238,0,0,0,0,1,0,0,0,0,1,0,0,0
0.59651,1.193,5.7861,0,0,86.042,0,0,4.2551,2.1275,0,6.3826,1.531,0,0,13.752,62.979,11.1,0,1.531,2.1275,0.59651,0,0.59651,2.1275,0,17.5,52.354,17.38,0.59651,4.5931,2.7241,2.1275,0,0,1,0,0,0,0,1,0,0,0,0,1,0,0,0
0.57181,1.1436,4.7389,0,0.52221,87.713,0,0,2.7752,2.5356,0,4.1627,1.9638,0.57401,0,17.477,66.055,5.8958,0.52221,0.81577,1.9616,0.57181,0,1.1458,1.9616,0,14.201,62.338,12.266,0.57181,4.1693,1.9594,1.3876,0.054054,0.18919,0.75676,0,0,0,0,1,0,0,0,0,1,0,0,0
2.8303,4.7109,8.729,0.59779,7.4233,56.328,5.7922,0,6.5101,7.0779,0,12.108,5.7689,1.0798,6.9733,19.61,29.82,15.098,2.4011,1.4592,3.9243,1.7585,0,3.0961,3.9575,1.6954,30.256,25.316,11.232,8.5981,7.0791,5.8161,2.9541,0,0.1194,0.8806,0,0,0,0,1,0,0,0,0,1,0,0,0
0.77633,1.2512,12.172,0.31761,3.8342,53.577,7.3533,0,5.4393,14.913,0.36573,11.755,8.8165,1.7576,6.2801,15.41,28.236,16.386,1.1617,2.9292,6.9147,0.35232,0,3.4645,5.7237,3.0945,18.589,27.545,12.376,5.4917,15.349,5.7233,2.643,0.014925,0.26866,0.71642,0,0,0,0,1,0,0,0,0,1,0,0,0
0,11.519,3.6563,0.86932,6.8955,65.878,1.5989,0.69064,8.8923,0,0,3.8283,4.2868,2.0574,2.6155,19.033,34.882,15.419,4.0213,2.2294,1.1881,10.439,0.9083,2.0574,10.611,1.5989,20.041,40.057,8.9107,2.2506,5.1703,6.8349,1.56,0,0,0,1,0,0,0,1,0,0,0,0,1,0,0,0
0,11.165,1.5682,0,6.4322,65.793,0.93415,0,14.108,0,0,5.1154,4.8153,0.63407,1.6589,14.811,44.846,9.5504,3.2271,8.0242,0.63407,6.6836,0.93415,0.63407,10.231,0.93415,18.489,37.776,14.602,0,2.927,13.474,0,0.056338,0.098592,0.28169,0.5493,0.014085,0,0,1,0,0,0,0,1,0,0,0
1.3609,2.6465,2.923,4.1428,12.277,68.856,3.5329,0,4.2615,0,0,5.1353,2.9035,3.258,7.9033,26.294,27.202,16.985,5.8051,1.908,0,2.6062,0,0.7511,1.855,0.81102,22.536,31.073,23.985,7.6018,5.4103,5.2258,0.7511,0,0,0,1,0,0,0,1,0,0,0,0,1,0,0,0
1.9448,5.3238,1.9448,1.4769,13.264,68.495,3.8895,0,3.6612,0,0,6.3614,4.4166,0.73846,8.5009,18.816,28.075,21.756,7.2946,1.1894,0,2.8519,0,0,2.8519,0,30.854,30.363,20.874,4.628,8.5009,1.9278,0,0.085714,0.042857,0.15714,0.71429,0,0,0,1,0,0,0,0,1,0,0,0
0,11.764,9.9889,0,0.97716,64.586,2.282,0,9.6974,0.70512,0,2.9872,4.342,0.97716,0.70512,14.98,38.214,13.675,9.9889,1.9908,0.97716,11.164,5.6469,0.97716,12.141,2.282,20.687,44.895,1.9908,0.70512,2.6594,7.31,0.70512,0.16667,0.083333,0.75,0,0,0,0,1,0,0,0,0,0.36667,0.63333,0,0
0.43612,3.5051,7.2558,2.3167,12.866,57.92,3.3921,0,8.2141,4.094,0,11.806,5.5187,2.3321,13.374,19.401,19.994,13.614,8.5819,2.2287,2.7132,0.43612,0,1.0449,2.683,2.1262,27.214,18.784,19.763,8.1352,11.243,6.36,2.6467,0,0.051282,0.48718,0.46154,0,0,0,1,0,0,0,0,1,0,0,0
3.3719,1.1625,13.116,0,14.675,46.998,10.107,0,4.1717,6.398,0,13.278,6.8023,0.5786,7.6259,24.366,21.117,17.894,1.9491,2.8613,2.9469,0.58125,0,2.2273,5.0886,1.729,22.017,21.603,21.697,9.0487,10.108,4.6853,1.7965,0.025641,0.076923,0.16667,0.73077,0,0,0,1,0,0,0,0,1,0,0,0
2.9056,5.7805,21.062,0,3.1947,47.856,5.4598,0,7.3122,5.7844,0.64522,13.106,7.2201,1.4475,4.0233,20.976,23.082,16.359,1.4226,4.3144,5.6442,2.4047,0,8.1396,11.953,0.7991,25.228,23.528,9.4703,4.0788,6.9714,6.4848,3.3477,0,0.34524,0.65476,0,0,0,0,1,0,0,0,0,1,0,0,0
2.0058,4.9408,9.145,0,2.2003,44.217,10.438,0,5.1799,20.652,1.2214,14.967,7.7017,1.0844,7.2006,16.264,19.322,20.094,1.3708,0.73026,9.797,1.4684,0,4.4074,4.5494,4.6593,23.085,16.362,15.435,6.0259,14.906,7.7381,2.8319,0,0.076923,0.47692,0.44615,0,0,0,1,0,0,0,0,1,0,0,0
0,0,1.8437,0,2.5946,90.511,1.128,0,0.95143,2.9717,0,2.0794,1.8437,0.44616,1.9029,14.477,60.453,13.964,4.3869,0,0.44616,0,0,1.3976,1.3976,1.128,10.535,49.036,31.407,1.6814,2.4665,0.95143,0,0,0.012987,0.98701,0,0,0,0,1,0,0,0,0,1,0,0,0
1.4923,0.74615,0.96515,0,6.6514,81.973,3.4937,0,0.96515,3.7127,0,5.205,1.7113,0,3.4226,15.048,51.309,17.471,5.833,0,0,0,0,0.96515,2.4575,3.4937,12.194,42.24,32.555,2.3824,2.7476,0.96515,0,0.21127,0.042254,0.42254,0.12676,0.19718,0,0,1,0,0,0,0,1,0,0,0
4.6603,3.869,4.9206,0,1.9611,61.688,7.3506,0,1.7483,11.391,2.4108,12.282,5.699,4.391,5.0549,15.478,31.432,17.251,1.7125,0,5.2752,1.4245,0,3.8123,7.8556,6.6322,18.546,29.716,16.181,0.68618,11.578,4.1653,0.82659,0,0.0125,0.9875,0,0,0,0,1,0,0,0,0,1,0,0,0
7.3555,4.0708,3.2511,0,1.6835,65.675,5.6846,0,3.0711,6.8088,2.3998,12.826,7.7358,3.6687,12.34,10.919,30.445,16.193,3.0316,0,2.0549,0.78595,0,3.5541,11.738,5.2706,16.018,33.175,17.482,2.2852,5.4206,5.057,0,0.3617,0,0.42553,0.06383,0.14894,0,0,1,0,0,0,0,1,0,0,0
13.024,7.0396,4.7123,0,8.0605,35.821,9.146,0,4.0211,12.382,5.794,20.207,8.405,3.7454,7.3266,9.1133,12.881,16.164,0,0,18.746,3.4123,0,11.294,8.1967,6.7642,17.375,23.609,5.5828,0.60882,13.342,7.4333,5.794,0,0,0.30612,0.26531,0.42857,0,0,1,0,0,0,0,1,0,0,0
3.6011,2.1658,3.9522,0,3.6011,48.578,12.35,0,2.9858,13.594,9.1716,17.502,7.5833,8.6811,6.623,13.406,18.532,16.735,0.56077,0,8.7682,1.6084,0,6.5446,9.565,8.0976,8.6941,22.671,16.232,1.3774,16.363,7.9049,2.5501,0.078431,0.11765,0.4902,0.13725,0.17647,0,0,1,0,0,0,0,1,0,0,0
4.8905,3.8887,9.7746,0,1.6567,41.62,15.575,0,1.4182,9.3017,11.874,19.585,10.453,8.9927,11.218,12.925,14.468,13.133,0,0.51259,8.4342,0.27871,0,7.6449,17.82,6.8642,12.105,17.246,13.162,1.6455,13.618,6.1062,3.7891,0,0.11392,0.81013,0.075949,0,0,0,1,0,0,0,0,1,0,0,0
6.6235,4.4633,7.5483,0,4.6325,39.151,10.443,0,4.283,16.776,6.0797,16.151,9.1589,7.6846,5.8599,14.462,16.013,14.501,0,1.6133,11.308,3.2485,0,7.898,10.688,6.7016,16.207,20.962,7.5253,2.0215,15.526,10.208,2.2611,0,0.068966,0.43103,0.5,0,0,0,1,0,0,0,0,1,0,0,0
6.4922,5.7253,4.4037,0,2.0225,33.321,17.613,0,2.0225,13.023,15.378,25.361,9.1898,15.932,12.893,12.68,5.7253,9.2157,0,0,6.9808,2.0225,0,4.9583,21.315,11.212,8.7271,13.473,9.8908,0,17.955,11,1.4679,0,0,0,1,0,0,0,1,0,0,0,0,1,0,0,0
