h1,h2,h3,h4,h5,h6,h7,h8,h9,h10,h11,h12,h13,h14,h15,h16,h17,h18,h19,h20,h21,h22,h23,h24,h25,h26,h27,h28,h29,h30,h31,h32,h33,h34,h35,h36,h37,h38,h39,h40,h41,h42,h43,h44,h45,h46,h47,h48,label
0,0,0,0,0,100,0,0,0,0,0,0,0,0,0.83339,17.029,80.739,1.3983,0,0,0,0,0,0,0,0,22.499,62.1,15.4,0,0,0,0,0,0,0.060606,0.21212,0.72727,0,0,1,0,0,0,0,1,0,0,0
0,0,0,0,0,100,0,0,0,0,0,0,0,0,0,18.002,80.529,1.4683,0,0,0,0,0,0,0,0,25.946,66.444,7.6097,0,0,0,0,0,0,0.90196,0.078431,0.019608,0,0,1,0,0,0,0,1,0,0,0
0,0,0,0,0,100,0,0,0,0,0,0,0,0,0,15.306,78.711,5.9829,0,0,0,0,0,0,0,0,19.515,77.924,2.5614,0,0,0,0,0,0,1,0,0,0,0,1,0,0,0,0,1,0,0,0
0,0,0,0,0,100,0,0,0,0,0,0,0,0,1.6103,18.84,77.578,1.9714,0,0,0,0,0,0,0,0,17.8,69.258,12.942,0,0,0,0,0,0,1,0,0,0,0,1,0,0,0,0,1,0,0,0
0,0,0,0,0,100,0,0,0,0,0,0,0,0,0.52959,12.202,85.196,2.0723,0,0,0,0,0,0,0,0,29.391,61.812,8.7972,0,0,0,0,0,0,1,0,0,0,0,1,0,0,0,0,1,0,0,0
0,0,0,0,0,100,0,0,0,0,0,0,0,0,0,5.5528,89.776,4.6711,0,0,0,0,0,0,0,0,18.6,81.4,0,0,0,0,0,0,0,1,0,0,0,0,1,0,0,0,0,1,0,0,0
0,0,0,0,0,100,0,0,0,0,0,0,0,0,0.78792,9.7495,86.533,2.9295,0,0,0,0,0,0,0,0,18.028,76.446,5.526,0,0,0,0,0,0,1,0,0,0,0,1,0,0,0,0,1,0,0,0
0,0,0,0,0,99.514,0,0,0,0.4857,0,0,0,0,0,7.1948,81.206,11.599,0,0,0,0,0,0,0,0,20.697,78.464,0.35321,0.4857,0,0,0,0,0,1,0,0,0,0,1,0,0,0,0,1,0,0,0
0,0,0,0,0,99.258,0,0,0,0,0.74174,0,0,0,0,5.177,82.914,11.167,0.74174,0,0,0,0,0,0,0,16.515,82.001,0.74174,0.74174,0,0,0,0,0,0.98507,0.014925,0,0,0,1,0,0,0,0,1,0,0,0
0,0,0,0,0.52134,95.67,0,0,0,2.0775,1.731,0,0,0.52134,0.52134,1.8655,80.82,14.541,1.731,0,0,0,0,0,0,0,13.781,80.679,1.731,3.8086,0,0,0,0,0,1,0,0,0,0,1,0,0,0,0,1,0,0,0
0,0,0,0,2.9254,97.075,0,0,0,0,0,0,0,0,5.6377,10.77,75.596,4.9316,3.0645,0,0,0,0,0,0,0,20.287,54.653,19.07,5.9898,0,0,0,0,0,0.027778,0.38889,0.58333,0,0,1,0,0,0,0,1,0,0,0
0,0,0,0,3.5889,96.411,0,0,0,0,0,0,0,0,0.90524,14.917,68.18,10.883,5.1147,0,0,0,0,0,0,0,22.859,56.303,15.654,5.1837,0,0,0,0,0,0,0.52778,0.47222,0,0,1,0,0,0,0,1,0,0,0
0,0,0,0,2.2107,97.789,0,0,0,0,0,0,0,0,0.80157,22.607,66.319,8.6701,1.6031,0,0,0,0,0,0,0,15.127,57.057,24.002,3.8138,0,0,0,0,0,1,0,0,0,0,1,0,0,0,0,1,0,0,0
0,0,0,0,3.3784,96.622,0,0,0,0,0,0,0,0,4.8764,13.82,66.148,6.6553,8.5012,0,0,0,0,0,0,0,15.016,55.125,17.619,12.24,0,0,0,0,0,1,0,0,0,0,1,0,0,0,0,1,0,0,0
0,0,0,0,4.3893,95.611,0,0,0,0,0,0,0,0,3.0093,10.681,64.535,12.918,8.8559,0,0,0,0,0,0,0,18.822,58.954,8.4192,13.805,0,0,0,0,0,0.68571,0.085714,0.22857,0,0,1,0,0,0,0,1,0,0,0
0,0,0,0,1.0026,98.997,0,0,0,0,0,0,0,0,1.0026,9.1629,77.329,6.9429,5.5628,0,0,0,0,0,0,0,27.836,51.048,16.72,4.3964,0,0,0,0,0,0.051282,0.15385,0.79487,0,0,1,0,0,0,0,1,0,0,0
0,0,0,0,2.1043,97.896,0,0,0,0,0,0,0,0,0.98912,9.42,74.607,8.1332,6.8504,0,0,0,0,0,0,0,25.904,60.481,8.2434,5.3715,0,0,0,0,0,1,0,0,0,0,1,0,0,0,0,1,0,0,0
0,0,0,0,0,100,0,0,0,0,0,0,0,0,0,10.287,76.333,8.9582,4.4224,0,0,0,0,0,0,0,16.535,71.014,10.813,1.6383,0,0,0,0,0,1,0,0,0,0,1,0,0,0,0,1,0,0,0
0,0,0,0,1.0466,98.953,0,0,0,0,0,0,0,0,1.8899,5.8761,88.339,3.8954,0,0,0,0,0,0,0,0,18.039,70.974,9.4776,1.5097,0,0,0,0,0,0.97561,0.02439,0,0,0,1,0,0,0,0,1,0,0,0
0,0,0,0,0,98.851,0,0,0,1.1486,0,0,0,0,0,1.9041,88.533,9.5628,0,0,0,0,0,0,0,0,13.373,84.464,1.0139,1.1486,0,0,0,0,0,0.97333,0.026667,0,0,0,1,0,0,0,0,1,0,0,0
0,0,0,0,1.1297,98.87,0,0,0,0,0,0,0,0,0.60878,1.4901,90.941,6.96,0,0,0,0,0,0,0,0,17.139,75.476,3.6863,3.6984,0,0,0,0,0,1,0,0,0,0,1,0,0,0,0,1,0,0,0
4.178,4.3078,11.859,5.9183,13.06,25.849,10.051,7.4979,6.6572,7.4938,3.1287,8.4054,7.8163,7.9004,7.9703,7.5335,13.236,11.585,7.3757,9.5899,7.0414,11.546,8.6889,11.092,6.5664,5.7076,6.7797,4.276,11.242,5.3035,11.033,13.649,15.661,0.097826,0.71739,0.16304,0.021739,0,0,0,0.92391,0.076087,0,0,0.21739,0.78261,0,0,0
3.1166,0.95901,0.47951,0,1.5182,88.481,0,0,0,1.9977,3.4479,0,0,3.1963,4.1553,1.5182,74.354,10.451,3.4479,2.3975,0.47951,0,0,0.47951,0.47951,0.95901,13.503,75.686,3.9274,4.9661,0,0,0,0,0,0.96739,0.032609,0,0,0,1,0,0,0,0,1,0,0,0
3.9589,5.2503,11.704,9.231,16.709,24.304,11.818,3.7184,4.0456,5.4759,3.7845,9.3498,6.5466,6.9888,7.4119,7.8827,12.623,9.0584,10.12,9.8699,8.2807,11.868,10.398,10.53,6.9513,7.0641,4.9217,6.0475,9.4894,8.4745,10.825,14.006,11.293,0.095238,0.25714,0.4381,0.20952,0,0,0,1,0,0,0,0.18095,0.81905,0,0,0
1.2098,0,0,0,0.39715,95.767,0,0,0,2.2291,0.39715,0,0,1.607,1.607,0.39715,90.13,5.8618,0.39715,0,0,0,0,0,0,0,13.288,82.771,0.90695,3.0341,0,0,0,0,0,0.98718,0.012821,0,0,0,1,0,0,0,0,1,0,0,0
1.017,0,7.7783,21.635,16.378,38.056,4.2915,4.4709,3.3924,0,2.9816,7.5341,4.6196,2.6806,7.9821,10.342,16.926,10.134,3.4625,13.875,13.036,9.4067,5.761,7.1784,3.8131,3.9403,2.9615,12.244,19.852,9.9348,15.948,9.3386,9.0279,0,0.90244,0.097561,0,0,0,0,1,0,0,0,0.02439,0.97561,0,0,0
0,0,0,0,0,99.438,0,0,0.5617,0,0,0,0,0,0,6.0804,85.966,7.392,0,0.5617,0,0,0,0,0,0,15.24,77.355,5.1551,1.6873,0,0.5617,0,0,0,0.94565,0.054348,0,0,0,1,0,0,0,0,1,0,0,0
0,0,0,0,0,99.513,0,0,0.48728,0,0,0,0.48728,0,0,6.0097,82.801,10.702,0,0,0,0,0,0,0,0,12.361,78.085,8.5625,0.50367,0,0.48728,0,0,0,0.93023,0.05814,0.011628,0,0,1,0,0,0,0,1,0,0,0
0.6651,7.0111,20.233,11.84,10.546,27.924,7.7085,5.988,4.048,2.2606,1.7763,15.473,7.0966,5.2375,5.8272,6.502,19.272,8.9452,10.474,5.6803,9.3865,6.1056,10.298,6.0544,4.2603,4.5566,11.833,8.3713,8.7742,8.3714,9.1968,16.18,12.104,0,0,1,0,0,0,0,1,0,0,0,0,0,1,0,0
1.2695,0,0,0,0,94.298,2.9118,0.51203,1.0088,0,0,0,0,1.7816,1.2695,3.823,77.292,14.825,0,1.0088,0,0,0,0.51203,0,2.9118,17.134,72.226,6.2075,0,0,1.0088,0,0,0,1,0,0,0,0,1,0,0,0,0,1,0,0,0
7.1867,5.5684,11.91,10.896,14.484,17.946,11.359,4.3948,6.3549,6.4256,3.475,10.812,7.5353,6.2465,9.4671,6.3841,7.8298,6.8389,9.3229,14.067,8.3582,13.138,10.98,8.4451,9.0449,8.907,3.473,1.5111,4.8083,6.9362,14.752,12.369,18.773,0,1,0,0,0,0,0,1,0,0,0,0,1,0,0,0
0,0.4377,0.50134,0,0,95.919,0,0,3.142,0,0,0.4377,1.727,0.93904,0,8.7508,75.566,10.663,0,1.415,0,0.50134,0.50134,0,0.4377,0.4377,13.519,68.671,11.851,0.93904,0,3.6434,0,0,0,0.95181,0.048193,0,0,0,1,0,0,0,0,1,0,0,0
9.2941,9.8821,6.5938,6.6771,9.4053,31.56,9.2802,4.9927,3.5935,2.6472,6.0735,6.5521,5.709,9.1062,8.7733,6.2555,16.74,9.8334,8.0203,10.622,12.13,6.2581,6.5493,11.361,10.476,10.542,15.645,9.4022,8.5967,6.339,4.5509,8.8866,7.6521,0.071429,0.53571,0.26786,0.089286,0.035714,0,0,0.91071,0.089286,0,0,0.35714,0.64286,0,0,0
2.3538,0.84188,0,0.42094,1.2767,85.113,0,0,5.1126,2.3676,2.5137,2.1251,0,0.43477,0.43477,7.0389,66.082,16.891,2.5137,2.3538,2.1251,0,0,0.42094,0.84188,0,14.645,65.822,7.434,2.9485,1.9329,1.7042,4.2503,0,0,0.92727,0.072727,0,0,0,1,0,0,0,0,1,0,0,0
3.0665,1.6765,0.33095,0.5073,2.2986,84.525,0,0,1.3918,3.7507,2.4532,0.97122,0,1.6149,2.2768,4.9691,63.665,19.35,2.4532,3.3975,1.3022,0,0,0.83824,1.3455,0.66189,16.103,68.332,4.4401,4.6374,1.2354,0.46392,1.9424,0,0,1,0,0,0,0,1,0,0,0,0,1,0,0,0
5.1796,3.5489,11.529,0.46892,4.9536,62.122,0.47912,0,6.0969,1.9498,3.6714,6.8814,2.8346,1.4212,3.4325,8.1615,37.208,21.198,3.0246,6.7785,2.9958,6.0638,4.5688,5.5967,5.3304,3.8893,15.791,39.825,10.877,3.8065,3.0269,5.1301,2.1586,0,0.04918,0.93443,0.016393,0,0,0,1,0,0,0,0,1,0,0,0
4.5076,5.24,4.3856,1.7833,4.7064,65.542,0.57725,0.28863,6.8663,1.467,4.6364,5.3519,0.44509,2.4165,2.497,9.6485,45.622,16.361,4.3304,4.7095,5.8008,2.8168,3.2099,3.5015,5.3337,2.5845,18.671,41.763,8.4185,4.959,1.704,3.8954,5.9602,0,0.031746,0.96825,0,0,0,0,1,0,0,0,0,1,0,0,0
3.8879,0,10.204,0.42556,3.8587,59.67,9.5318,0,11.15,0,1.2726,11.15,5.1605,5.7741,7.321,14.031,17.584,19.839,11.685,4.4839,0,2.9708,3.4331,4.4472,8.3339,9.6579,18.27,25.84,16.744,1.6982,1.4763,5.1605,4.9387,0,0,0.13559,0.20339,0.66102,0,0,1,0,0,0,0,1,0,0,0
3.4036,2.0724,14.372,1.9621,9.497,54.084,4.1172,0,8.2951,0,2.196,9.3046,4.0206,6.5361,7.325,12.877,22.252,17.012,6.3896,5.9808,2.2058,6.0964,5.839,5.9685,4.7229,7.0913,16.073,25.609,17.539,5.0032,1.9491,6.7294,3.4771,0,0.056338,0.59155,0.33803,0.014085,0,0,1,0,0,0,0,1,0,0,0
4.2063,3.8892,12.121,2.1808,11.112,44.766,2.6965,1.2751,12.195,0.65694,4.9021,7.1883,4.4331,3.8908,5.9057,8.2877,22.046,18.942,3.2832,8.4195,9.8519,7.7521,5.7792,9.0837,5.8904,3.8026,9.9628,19.547,15.98,8.4145,3.4464,13.691,4.4027,0.17647,0.77941,0.044118,0,0,0,0,1,0,0,0,0,1,0,0,0
8.1779,5.9968,1.1903,1.5317,3.6162,68.734,1.5564,0.33451,0,4.1443,4.7179,1.9753,0.44368,3.0766,6.1192,3.2557,53.41,13.904,5.4961,8.5946,3.0565,0.66902,1.0035,2.0529,4.3628,4.8243,17.409,51.455,6.9352,7.557,2.0058,0.66902,1.7253,0,0,1,0,0,0,0,1,0,0,0,0,1,0,0,0
4.9395,4.4114,0.91126,0,3.4186,75.637,4.3878,0.53191,0,3.1103,2.6522,1.2944,1.2944,3.5673,8.7413,1.8935,57.99,14.51,3.9467,5.8507,0.91126,0,0,1.4432,2.2057,8.7992,14.002,58.691,7.4194,7.4401,0,0,0,0,0,0.98214,0.017857,0,0,0,1,0,0,0,0,1,0,0,0
9.4954,7.7825,4.0751,3.6915,6.0305,48.106,4.7654,2.8195,3.549,5.1776,4.5073,5.42,1.5883,7.1761,6.0753,5.6235,29.387,14.649,6.1058,9.4658,9.5691,4.9393,6.3246,5.098,7.822,7.4116,13.736,28.668,9.5857,5.8754,6.431,6.5276,2.5197,0,0.044776,0.95522,0,0,0,0,1,0,0,0,0,1,0,0,0
12.335,7.887,3.9151,3.6722,3.3865,43.886,7.2936,5.9442,3.1541,3.672,4.8541,5.1229,5.0427,9.392,8.7679,5.1484,28.903,11.907,8.4575,10.035,5.5496,1.674,4.8725,10.825,6.1506,8.8945,18.885,25.891,9.3875,4.6278,2.3633,3.3599,4.7417,0.16867,0.27711,0.50602,0.048193,0,0,0,0.95181,0.048193,0,0,0.14458,0.85542,0,0,0
2.94,2.7336,0.49063,0,2.935,81.93,3.9216,2.9592,1.6973,0.39248,0,1.5631,0.77809,4.8097,5.2743,7.0168,60.55,14.493,1.5631,2.0829,0,1.8694,1.8694,2.7579,2.1569,5.4778,14.968,60.042,7.1146,2.0468,0,1.7954,1.7713,0,0,0.97727,0.022727,0,0,0,1,0,0,0,0,1,0,0,0
2.0243,1.2959,3.0619,0,2.0243,82.941,2.4648,1.9,3.6207,0.66714,0,2.6302,1.6193,2.8993,1.3571,11.522,51.807,20.41,0.66714,1.3343,0,5.7533,5.0861,1.21,3.3202,5.095,9.8991,49.939,17.723,2.3564,0,4.014,1.3571,0,0,0.94565,0.054348,0,0,0,1,0,0,0,0,1,0,0,0
5.0415,5.7212,1.764,1.6577,4.4614,61.478,6.926,5.7,6.0412,1.2091,0,5.6496,4.285,4.5763,6.4293,5.6156,40.985,19.294,7.48,2.745,0.2936,2.6465,6.1346,8.0134,3.9412,7.2065,14.891,38.902,9.022,2.0275,0,2.6247,7.2374,0,0,0.95604,0.043956,0,0,0,1,0,0,0,0,1,0,0,0
0.74777,5.5381,5.0003,1.2796,3.1643,65.794,5.5137,3.7314,7.1633,2.0674,0,7.3527,2.0274,6.0505,1.4757,14.007,32.797,20.902,5.2084,3.2647,0.35903,6.5557,8.7262,5.6229,4.3647,8.2493,14.771,30.271,14.988,2.3187,0.37884,5.4898,4.8197,0,0.25424,0.71186,0.033898,0,0,0,1,0,0,0,0,1,0,0,0
5.4359,8.7001,10.042,4.545,11.911,40.987,4.8424,2.6803,5.3295,1.8688,3.658,7.6465,3.1946,5.9139,3.381,8.9328,24.248,12.817,6.2583,9.2379,9.1591,9.2106,7.3475,6.7049,11.669,4.9264,14.272,17.982,11.561,7.2439,3.4204,9.7263,5.1462,0,0.054545,0.56364,0.090909,0.29091,0,0,1,0,0,0,0,1,0,0,0
4.5827,8.0398,8.6919,6.0629,15.848,26.718,10.485,4.3081,7.4464,3.8857,3.9318,8.3249,5.9192,9.1779,6.1933,8.1984,13.62,14.191,7.4041,8.5016,11.366,7.1041,10.081,10.102,9.0017,7.7551,8.5996,7.0067,11.264,7.5226,6.8527,13.537,8.2772,0,0,0,1,0,0,0,1,0,0,0,0,1,0,0,0
5.2103,8.1321,6.6491,7.1264,6.1773,32.241,9.9259,9.7842,8.5905,4.4582,1.7046,9.3846,9.0307,13.314,6.9455,5.4987,17.535,14.783,8.6565,6.071,6.4246,2.3566,8.8903,13.039,7.2296,10.626,13.288,14.266,8.5171,4.1121,2.8995,7.7062,9.4256,0,0.37662,0.5974,0,0.025974,0,0,1,0,0,0,0,1,0,0,0
2.9789,1.9238,6.751,5.0972,7.0858,48.049,7.3335,9.7697,10.415,0.59625,0,9.3517,5.3899,5.8691,5.5376,9.9877,28.512,15.569,8.0846,6.0671,1.0949,4.5362,11.81,9.6785,5.4268,4.2726,9.4983,28.662,8.4588,2.6864,1.1179,5.2941,13.095,0,0,0.97872,0.021277,0,0,0,1,0,0,0,0,1,0,0,0
0,4.0388,12.025,8.3548,7.891,47.665,6.1969,4.0695,8.6129,0.82812,0.31797,7.5987,4.571,3.1629,3.7809,12.616,30.466,13.433,8.5912,8.9124,3.7537,3.1138,6.1805,5.5035,3.573,2.6553,6.4032,35.914,5.5486,4.418,3.2155,6.6903,19.898,0,0.14103,0.14103,0.48718,0.23077,0,0,1,0,0,0,0,1,0,0,0
0,10.509,9.5215,11.579,11.806,23.412,7.556,20.063,3.7235,1.829,0,33.813,4.0421,1.034,4.457,9.4995,9.739,3.6524,7.4211,4.759,5.4169,16.166,18.059,24.348,7.9154,16.505,0.55005,0.96862,8.3548,9.0152,4.3472,5.657,4.2796,0,0.26667,0.73333,0,0,0,0,1,0,0,0,0,1,0,0,0
0.3881,5.3717,5.8134,2.3767,3.7644,15.254,19.275,36.62,7.9529,2.928,0.25617,1.4205,0.96064,1.7245,6.85,19.387,31.514,15.748,12.223,6.1309,2.7533,1.2885,0.31637,29.423,22.801,15.036,11.506,0.73076,1.9072,5.945,5.3207,4.5169,2.4971,0,0,0,0.013699,0.9863,0,0,1,0,0,0,0,1,0,0,0
0.47263,6.1191,7.3183,6.4057,3.5517,21.163,14.304,24.635,9.7994,5.4351,0.79572,2.222,0.57775,4.98,8.696,12.706,30.055,15.06,14.376,4.5075,4.5369,2.2832,1.3168,26.261,17.206,11.888,12.029,1.9583,3.3443,5.6753,7.5863,8.5133,4.2209,0,0,0,0.08,0.92,0,0,1,0,0,0,0,1,0,0,0
0.26011,2.8594,5.1446,3.0684,4.0804,21.817,18.266,27.911,11.946,4.6474,0,0.26011,0.71119,10.227,8.9813,16.469,31.954,19.129,8.2837,1.9979,1.4656,0.52021,4.3284,22.709,18.078,15.575,15.773,0.69903,3.6715,4.2717,6.7954,6.1129,1.9858,0,0,0,0.020833,0.97917,0,0,1,0,0,0,0,1,0,0,0
2.0572,7.3302,7.3523,5.2785,3.6306,16.29,14.897,22.231,9.8311,9.8719,1.2301,8.4066,4.1771,7.4807,6.1008,14.957,27.308,10.813,11.231,3.8059,2.0497,3.6703,2.3769,17.908,20.761,11.316,11.684,2.6994,1.0042,9.6484,12.458,8.5422,1.6017,0,0,0,0.10256,0.89744,0,0,1,0,0,0,0,1,0,0,0
0.56717,4.6832,5.5139,7.3451,5.9697,17.236,22.116,28.274,5.3876,2.5283,0.37892,1.7083,0.95766,8.9305,9.9889,13.884,27.264,15.59,8.5991,7.4889,3.7761,1.8129,1.9579,20.71,20.429,15.616,10.407,3.0708,5.6483,7.0222,5.1933,5.3615,4.5843,0,0,0,0,1,0,0,1,0,0,0,0,1,0,0,0
0.59548,7.0626,10.15,3.9631,4.51,13.406,18.283,22.24,13.061,4.9898,1.7382,4.0323,1.5423,6.2072,10.081,19.508,32.709,8.7139,5.5351,4.3441,4.1226,3.2035,1.5925,24.964,19.942,15.652,6.9389,1.4082,2.3399,6.2833,10.556,6.9235,3.3999,0,0,0,0.02381,0.97619,0,0,1,0,0,0,0,1,0,0,0
0.87369,0,7.2877,0,7.3447,68.591,12.982,0,2.9208,0,0,5.7676,0.87369,4.7708,9.192,14.983,28.103,22.404,5.6942,8.2116,0,0,3.2675,0.58671,4.4409,14.516,26.587,31.301,14.341,2.0386,0.58671,0.87369,1.4604,0,0,0.3125,0.3125,0.375,0,0,1,0,0,0,0,1,0,0,0
0,0,1.0148,0,12.556,48.362,34.907,3.1598,0,0,0,0,3.1598,19.657,9.9454,3.0445,18.349,22.258,17.024,6.5636,0,0,1.0148,0,8.908,25.976,22.235,28.294,7.8004,5.7708,0,0,0,0,0,0.53488,0.25581,0.2093,0,0,1,0,0,0,0,1,0,0,0
0,0.70645,0,0.78723,15.579,49.834,28.976,2.2809,0,1.8356,0,3.6712,0.78723,18.084,17.433,1.4129,14.56,26.453,8.7034,8.189,0.70645,0,0.78723,0,1.4937,31.419,21.774,23.76,9.425,8.0929,2.5421,0,0.70645,0,0,0.21429,0.42857,0.35714,0,0,1,0,0,0,0,1,0,0,0
5.9302,4.8042,1.6159,7.1014,4.0687,23.286,30.694,11.784,6.4482,3.2318,1.0359,17.587,8.9729,14.8,9.7449,9.6448,10.708,4.4947,6.3295,13.619,3.0017,1.098,1.0628,1.0669,16.842,26.007,19.84,8.1641,0,4.8125,13.581,5.6225,3.0017,0,0,0.29545,0.25,0.45455,0,0,1,0,0,0,0,1,0,0,0
1.0593,0,8.8781,1.7976,6.4436,59.573,16.719,0,4.9657,0,0.56361,7.3005,1.6229,12.071,5.7146,6.3478,27.146,18.48,14.174,4.9716,0.37637,1.7957,1.2321,3.6059,8.1102,15.951,22.227,27.135,11.473,3.5036,2.5629,1.9993,2.201,0,0.0096154,0.68269,0.16346,0.14423,0,0,1,0,0,0,0,1,0,0,0
0,0.63075,4.7676,3.3629,11.137,55.568,21.475,2.2425,0.8165,0,0,1.6453,1.2277,12.136,11.403,9.0921,21.213,22.218,10.994,8.1194,1.4596,0.49232,2.5216,1.3929,7.0492,19.283,17.688,29.675,12.135,5.1986,3.189,0.82884,1.039,0,0,0.62385,0.22018,0.15596,0,0,1,0,0,0,0,1,0,0,0
1.7934,2.3161,12.445,3.4956,12.73,47.581,7.7042,1.5955,7.7701,0,2.5685,9.1528,2.7175,3.4421,5.4153,13.937,24.006,16.217,7.7462,7.3441,4.8186,5.203,5.3094,6.1747,7.8059,4.0559,12.395,22.811,16.854,7.2525,4.0077,7.8801,5.4535,0,0,0.0097087,0.99029,0,0,0,1,0,0,0,0,1,0,0,0
1.7175,1.49,8.5846,5.3845,20.332,40.276,14.207,3.7595,1.5924,0.85452,1.8019,5.6158,2.9504,13.438,8.7356,10.942,19.47,14.112,8.2588,10.238,1.9247,4.3138,4.7912,4.1904,4.0478,8.8929,10.189,20.588,15.375,13.339,9.1493,1.8274,7.6104,0,0,0,0.92593,0.074074,0,0,1,0,0,0,0,1,0,0,0
0,0.96768,1.2769,2.1351,11.171,50.198,28.28,5.9719,0,0,0,0.79233,3.8918,8.6947,14.78,5.4275,18.105,26.212,7.557,13.117,1.4214,0,1.2584,0,6.6786,24.084,17.861,29.101,9.9591,6.7456,2.5523,0.45375,1.3063,0,0.031746,0.68254,0.22222,0.063492,0,0,1,0,0,0,0,1,0,0,0
0.35171,6.3326,1.1329,13.13,9.4216,10.945,29.404,21.248,2.2187,4.9575,0.85905,25.53,11.622,9.4849,7.5004,5.2453,6.4161,4.7133,8.0144,13.428,6.7852,1.261,1.4496,1.9544,16.737,24.257,16.53,1.06,0.2788,4.9959,16.818,9.4126,6.5064,0,0,0.64615,0.27692,0.076923,0,0,1,0,0,0,0,1,0,0,0
1.4974,0.85793,3.6668,9.8317,17.674,37.995,19.23,7.1207,1.1551,0.57373,0.39695,4.7842,3.7146,12.791,11.848,8.4871,14.583,20.702,10.928,7.9695,1.8728,2.3194,2.7064,1.4571,4.2446,14.45,13.801,18.597,11.786,15.747,10.116,2.4466,4.6502,0,0,0.12963,0.51852,0.35185,0,0,1,0,0,0,0,1,0,0,0
0.69526,8.4608,6.6377,3.0332,6.5178,21.486,16.98,11.892,13.453,6.7137,4.1299,11.937,5.9459,7.0077,9.6425,15.598,18.313,8.5115,5.4757,8.1857,5.2735,4.1097,2.1103,13.401,11.539,17.027,11.353,3.2825,3.5495,10.543,11.455,12.147,3.5935,0,0,0.35,0.61667,0.033333,0,0,1,0,0,0,0,1,0,0,0
1.1441,8.8169,12.272,6.49,6.5245,21.416,10.458,9.43,9.3288,11.202,2.918,12.817,3.4568,5.2749,8.1568,13.847,18.406,8.8673,7.2384,7.5675,5.6515,8.7163,3.2514,14.648,12.494,12.144,6.8307,5.3354,8.2584,11.799,10.163,10.509,4.5668,0,0,0.14286,0.85714,0,0,0,1,0,0,0,0,1,0,0,0
3.392,6.2184,4.1038,6.095,5.339,24.612,21.239,8.8663,8.3515,8.7696,3.0137,19.033,6.0376,12.809,9.4845,12.191,13.016,5.2346,2.8299,11.596,4.0303,3.7383,1.5634,4.2665,11.221,21.544,12.646,8.6868,2.2207,10.092,13.362,11.806,2.5913,0,0,0.19048,0.14286,0.66667,0,0,1,0,0,0,0,1,0,0,0
7.5379,7.2027,2.4312,1.1895,3.2132,32.389,24.726,2.6195,11.068,5.8651,1.7587,14.435,5.8372,17.148,14.127,14.505,15.097,4.523,1.9855,8.933,1.1812,2.2277,1.6824,2.9986,12.066,25.889,22.241,8.959,0.88146,7.1824,12.603,5.0095,0.48656,0,0.073171,0.31707,0.34146,0.26829,0,0,1,0,0,0,0,1,0,0,0
2.1193,12.264,6.8678,5.8321,4.841,26.726,11.553,8.0231,9.9462,10.598,1.2295,13.673,9.7638,5.0857,7.7648,12.049,14.905,9.9708,5.1325,8.0715,5.1023,8.482,3.5357,6.4174,11.809,15.625,8.4888,8.4283,5.9139,12.908,14.697,9.3927,2.7843,0,0.14286,0.4881,0.32143,0.047619,0,0,1,0,0,0,0,1,0,0,0
1.0334,9.0747,13.29,6.7171,5.9741,30.54,8.0082,2.7718,10.371,8.5902,3.63,13.11,4.8209,5.6602,7.7849,11.126,16.452,9.9292,4.5373,8.2446,6.6909,11.644,6.5977,11.365,6.4485,9.6345,5.4898,13.338,13.025,10.004,11.105,7.9364,5.0558,0,0.37705,0.62295,0,0,0,0,1,0,0,0,0,1,0,0,0
1.3907,9.7919,9.2326,4.5653,4.4911,28.607,17.488,3.2609,7.7234,8.7219,4.728,14.61,9.9116,6.2214,7.1004,14.002,21.637,5.9545,3.1937,8.244,3.4357,5.6894,6.1776,6.9191,8.6872,16.596,7.7499,14.014,7.6596,13.155,6.8028,10.03,2.2084,0,0,0.78571,0.21429,0,0,0,1,0,0,0,0,0.91071,0.089286,0,0
0.4654,8.0809,6.6439,3.0731,1.8815,59.12,5.3812,2.0965,6.333,5.4499,1.4741,6.6621,8.6438,2.2982,3.1052,10.615,40.392,12.427,1.7207,3.6225,3.3806,7.1329,4.7543,5.9738,5.8894,7.652,3.2269,41.18,12.046,6.777,3.6724,6.9408,1.8865,0,0,0.97802,0.010989,0.010989,0,0,1,0,0,0,0,0.054945,0.94505,0,0
0.88764,5.1906,7.3398,4.6972,2.141,62.105,2.8524,1.3573,7.5646,4.8944,0.96992,8.3322,4.0691,3.9121,1.4396,9.528,41.071,11.564,3.2735,6.3496,4.2712,6.1888,8.1248,6.415,2.239,4.0891,3.3475,43.588,13.004,7.0847,3.5102,5.4555,3.1419,0,0.085714,0.91429,0,0,0,0,1,0,0,0,0,0,1,0,0
7.8937,9.5281,1.7157,3.7256,9.7963,47.404,7.5894,2.9429,1.6423,4.0635,3.699,6.5922,3.4763,8.2386,9.8337,5.0813,30.06,14.442,6.82,5.6181,6.6927,3.1446,4.6602,5.3661,8.3475,10.533,16.129,27.235,7.5735,7.5412,4.6102,4.1861,3.8182,0.39189,0.28378,0.2973,0.027027,0,0,0,0.89189,0.10811,0,0,0.39189,0.60811,0,0,0
6.2014,8.286,7.5645,9.2383,13.912,20.637,12.87,8.9885,5.1359,5.3804,1.7857,9.6723,7.4854,8.7343,8.5854,4.6374,12.696,10.433,9.7967,11.803,9.6011,6.5552,10.468,11.376,10.042,8.6211,10.706,2.8362,6.7099,5.2931,8.9351,13.304,11.709,0.98374,0.01626,0,0,0,0,0,0.98374,0.01626,0,0,0.41463,0.58537,0,0,0
8.965,9.8618,7.5056,6.9948,5.9139,25.448,15.172,6.4077,6.0048,3.9478,3.7782,7.4266,11.175,10.799,8.9994,4.2859,14.549,10.742,8.5533,7.2399,10.251,5.9789,9.7858,14.818,6.8079,13.544,9.8378,6.6941,9.5957,4.9725,6.3576,9.1202,8.4666,0.090909,0.74242,0.15152,0.015152,0,0,0,0.83333,0.16667,0,0,0.25758,0.74242,0,0,0
3.6137,3.1186,12.608,9.4289,12.015,29.982,5.3674,5.4615,4.5245,9.8483,4.0325,12.433,5.9854,5.2153,5.3946,9.6678,15.968,9.0207,8.9391,7.8757,5.2109,14.29,6.7315,6.1443,5.5158,6.5386,6.9947,6.9998,12.019,9.7156,12.593,11.529,15.219,0.54717,0.43396,0.018868,0,0,0,0,1,0,0,0,0.037736,0.96226,0,0,0
4.3177,4.5068,14.891,10.228,13.363,20.263,10.212,5.9226,6.5378,5.8131,3.9457,9.1839,7.0738,5.7179,7.784,6.3985,11.515,8.1116,8.998,12.16,8.0273,15.03,9.6841,8.2442,8.4697,7.6633,5.0284,2.6925,7.5418,6.7454,12.499,12.596,18.835,0.98077,0.019231,0,0,0,0,0,1,0,0,0,0.27885,0.72115,0,0,0
4.9322,4.5454,16.652,8.6456,14.056,20.897,11.164,7.3213,4.1746,5.2052,2.4072,10.465,7.722,5.5236,9.6606,7.1638,10.834,8.1439,7.8999,11.397,6.4857,14.704,11.25,11.183,8.1144,8.691,5.0476,1.4427,6.3473,4.8359,15.446,12.532,15.11,0.97959,0.020408,0,0,0,0,0,0.97959,0.020408,0,0,0,1,0,0,0
0.82349,4.9349,5.9025,10.168,13.657,32.944,16.755,10.358,2.8009,0.96391,0.69198,6.5157,2.942,9.7543,9.7279,12.417,17.467,11.765,8.9237,9.6206,5.822,5.0451,2.3812,8.1607,9.3636,13.684,9.535,9.392,14.853,8.3598,11.014,5.9847,7.2716,0,0,0,0.92405,0.075949,0,0,1,0,0,0,0,1,0,0,0
0.50457,5.8906,9.4489,6.3827,7.4231,19.629,20.702,18.043,7.0593,3.6326,1.2843,4.0772,1.3063,7.3794,8.7878,13.172,25.467,14.083,10.525,5.89,4.2575,5.0557,1.4249,17.859,18.704,16.174,9.8691,2.3239,7.1216,5.9564,9.8633,6.3804,4.3243,0,0,0,0.43038,0.56962,0,0,1,0,0,0,0,1,0,0,0
0,1.0972,21.741,5.7243,7.0946,26.781,10.365,22.84,3.589,0.7685,0,22.261,6.2194,0.30286,4.9191,4.5663,13.09,1.3503,11.015,9.5669,11.691,15.018,14.287,21.556,1.8897,20.806,2.3737,0.3363,6.7566,11.388,6.3302,11.989,2.2882,0,0.025,0.975,0,0,0,0,1,0,0,0,0,1,0,0,0
0.76423,0,0,0,0,98.278,0.47247,0,0,0.48535,0,0,0,0.76423,0.76423,0.36933,90.099,8.0033,0,0,0,0,0,0,0,0.47247,14.069,83.17,0.85893,1.4295,0,0,0,0,0,0.91667,0.083333,0,0,0,1,0,0,0,0,1,0,0,0
0.73761,6.1874,13.807,9.3647,10.958,23.483,9.7674,16.923,6.6393,2.1326,0,27.851,5.6166,0.69874,5.0542,7.7079,9.5861,4.5015,8.7474,7.475,7.3482,15.414,15.202,22.172,6.2535,14.398,2.4037,2.801,7.3656,8.6099,5.2132,8.7055,6.8749,0,0.53846,0.25,0.11538,0.096154,0,0,1,0,0,0,0,1,0,0,0
0.97115,1.2558,4.2195,2.9718,27.762,16.59,20.527,5.2255,11.331,8.611,0.53528,6.7432,2.1474,8.4231,3.27,3.4265,11.154,20.627,3.7561,10.924,18.272,11.256,28.723,6.095,10.067,10.447,3.1261,0.72684,9.9888,11.146,10.579,4.0178,5.0844,0.02,0.08,0.58,0.32,0,0,0,0.34,0.66,0,0,0,0.18,0.82,0,0
1.143,5.1422,13.845,12.83,10.873,20.322,8.4392,14.833,8.2261,3.6306,0.71587,19.113,9.9381,2.5864,9.2278,10.429,9.8614,4.4013,8.5474,8.6574,6.5458,10.692,13.911,14.995,8.1458,7.4325,2.48,1.5971,8.4536,6.2838,9.9472,10.742,16.012,0.011364,0.96591,0.022727,0,0,0,0,1,0,0,0,0,1,0,0,0
0.55747,5.002,13.695,10.03,15.213,27.166,7.1958,12.304,7.1532,1.4564,0.22727,19.106,6.8552,3.3896,9.5753,9.6117,14.337,7.9278,9.4873,7.1947,4.906,7.6094,16.813,10.562,5.4264,7.378,4.4936,8.3659,12.493,3.394,8.3729,8.3435,14.358,0,0.98485,0.015152,0,0,0,0,1,0,0,0,0,1,0,0,0
0.75334,4.51,8.0002,8.6448,15.109,23.224,14.152,14.241,6.901,3.5658,0.89897,18.69,8.0943,3.4282,8.817,9.7428,10.474,9.8633,8.3211,5.2905,8.2562,9.0225,19.526,12.876,7.6252,8.6788,4.7791,2.1835,8.44,7.5254,8.762,9.9418,9.6626,0,0.31034,0.43678,0.25287,0,0,0,0.75862,0.24138,0,0,0.26437,0.16092,0.57471,0,0
1.0803,13.041,9.6999,2.6244,11.03,18.548,22.936,4.3246,9.279,6.9486,0.48885,40.972,2.4862,0.8758,9.0444,14.356,3.6865,10.078,4.0507,3.0422,8.5621,2.8457,22.821,17.7,8.4995,7.6012,8.714,0.90665,2.1491,3.6163,8.0455,15.09,4.8571,0,0.11765,0.82353,0.058824,0,0,0,0,1,0,0,0,0,1,0,0
1.2393,4.1463,13.325,12.44,12.732,21.671,11.343,10.201,6.2428,4.4798,2.1804,16.473,8.0942,5.7548,6.8738,9.1412,13.108,8.4196,10.046,7.6084,8.4733,6.0068,14.882,10.799,6.53,5.9948,5.9312,5.7073,6.2906,7.3133,11.013,15.709,9.8297,0,0,0.11828,0.80645,0.075269,0,0,1,0,0,0,0,0.096774,0.90323,0,0
0.53048,3.8508,14.397,13.831,15.217,19.038,11.567,10.51,6.1535,3.8666,1.0372,16.531,4.7865,5.7173,7.2769,6.1834,13.241,13.545,10.074,7.5994,7.5915,7.4546,15.041,9.072,5.569,6.3378,8.0707,2.6441,5.2333,8.0303,9.3162,15.699,14.988,0,0,0.10577,0.77885,0.11538,0,0,1,0,0,0,0,0.028846,0.97115,0,0
0.30917,3.9824,10.884,11.365,12.166,40.981,8.6227,6.7174,2.2662,1.361,1.3456,13.115,6.3971,3.9024,8.8398,8.8052,24.478,12.587,8.6697,4.0362,4.4281,4.7409,7.0769,4.4704,2.4837,6.5678,11.605,14.205,10.782,9.868,6.9872,13.995,11.96,0,0,0.51429,0.48571,0,0,0,1,0,0,0,0,0.028571,0.97143,0,0
2.4459,3.7302,8.8142,9.7803,17.641,34.077,7.0596,5.6695,6.1964,2.2697,2.3165,7.7511,5.6161,7.9093,6.0634,8.1978,19.289,11.861,6.7334,8.7506,9.218,8.6105,6.9183,8.5777,7.551,5.0013,6.6123,13.783,10.057,11.301,9.6627,12.018,8.5173,0.028571,0.0095238,0.0095238,0.95238,0,0,0,1,0,0,0,0,1,0,0,0
3.5447,3.3382,12.502,10.274,15.809,31.735,7.8034,4.2412,2.8401,5.2987,2.6138,10.782,4.1243,6.9726,6.7834,11.504,11.862,9.5817,12.653,8.3971,4.5169,12.823,7.2046,5.2322,5.3165,7.3176,6.7658,11.393,12.093,11.138,14.602,8.5802,10.358,0.023256,0,0.0077519,0.96899,0,0,0,1,0,0,0,0,1,0,0,0
2.6633,3.0592,13.437,8.1889,9.2111,37.308,5.7209,6.1844,5.1744,6.3549,2.6975,8.4402,4.6479,4.9591,6.5536,8.8281,23.76,12.799,7.5969,6.6719,5.5901,10.154,5.353,7.1375,4.4612,5.2885,6.5949,15.019,13.5,5.8477,10.117,10.784,15.897,0,0.17647,0.39706,0.42647,0,0,0,1,0,0,0,0,0.98529,0.014706,0,0
4.6431,4.7205,15.412,8.9432,10.264,28.95,5.4239,4.3601,5.5231,7.0677,4.6923,9.4442,6.7382,3.2289,4.5134,10.242,14.621,10.885,8.1007,8.0994,5.8484,18.278,6.9212,7.2992,6.864,7.0396,7.065,6.2327,12.156,6.1263,15.949,11.205,13.141,0.054054,0.27027,0.66216,0.013514,0,0,0,1,0,0,0,0,1,0,0,0
2.4688,2.855,7.4429,11.246,12.098,40.231,10.607,5.355,2.7793,3.2499,1.6678,10.336,4.094,8.7773,3.5577,12.287,18.277,8.2989,9.2692,9.3572,3.7759,11.969,3.1635,4.0848,5.9339,7.5776,11.532,11.58,14.272,10.547,12.972,8.6645,9.6723,0.016529,0.024793,0.016529,0.94215,0,0,0,1,0,0,0,0,1,0,0,0
0.24039,5.5488,5.4514,9.6884,10.547,30.464,17.24,12.542,6.0512,1.6159,0.61075,13.494,2.9713,9.7003,5.1345,11.02,13.117,8.2799,4.3911,10.422,5.8388,15.632,1.4871,8.8906,10.847,11.595,9.2807,8.905,12.074,6.0176,9.881,7.9616,13.061,0,0.024096,0.39759,0.57831,0,0,0,1,0,0,0,0,1,0,0,0
1.9286,3.0063,7.754,12.133,9.2719,44.125,7.8968,6.3063,2.3266,3.5029,1.7489,10.948,4.0982,5.648,3.8342,13.586,21.068,9.135,7.6664,5.5691,5.0356,13.411,3.873,4.201,5.9933,7.7384,11.512,12.835,18.057,7.4223,11.777,6.1365,10.454,0.034483,0.025862,0.0086207,0.93103,0,0,0,1,0,0,0,0,1,0,0,0
0.15771,2.8305,4.0833,7.0471,9.8656,43.417,13.351,14.106,3.1521,1.6908,0.29817,11.506,4.2232,6.8203,4.6089,13.874,23.263,5.646,5.1731,8.1907,4.0693,12.626,2.1044,9.1067,6.7485,8.2338,13.646,12.883,15.951,5.3639,8.3788,5.7667,11.819,0,0.0091743,0.018349,0.97248,0,0,0,1,0,0,0,0,1,0,0,0
0.5808,6.1755,8.4242,5.9227,7.4757,39.623,9.8591,9.4427,7.4166,4.1297,0.95004,12.391,4.3516,4.4455,4.7694,14.111,21.174,7.0579,3.803,8.3832,6.1892,13.325,3.2034,12.014,8.2343,7.554,10.252,14.262,16.25,5.8634,7.26,6.1815,8.9261,0,0.0091743,0.11009,0.88073,0,0,0,1,0,0,0,0,1,0,0,0
0.69083,3.9348,11.501,10.032,17.7,19.322,11.57,12.623,8.1683,3.4914,0.96617,20.449,5.959,5.1479,7.8841,8.8412,9.6932,12.281,7.4479,6.5366,7.0053,8.7547,19.168,15.239,5.168,7.6751,5.4598,0.63306,6.9265,6.8697,9.989,11.543,11.329,0,0.10843,0.81928,0.072289,0,0,0,0.46988,0.53012,0,0,0,0.3012,0.6988,0,0
0.53363,3.8488,7.3855,9.7198,11.229,40.903,8.4859,7.5618,8.8768,1.4559,0,12.59,5.5364,5.7342,3.9614,12.862,22.42,10.939,9.2173,9.0509,3.1336,4.5541,8.6563,6.1887,6.0407,3.6326,6.5007,22.212,10.015,6.6171,5.3146,4.8881,19.934,0,0.35484,0.096774,0.29032,0.25806,0,0,1,0,0,0,0,1,0,0,0
0.24872,1.5539,6.7291,10.672,9.4968,50.54,8.2058,7.989,1.5601,2.0523,0.95158,10.521,3.0564,5.2345,7.4055,12.532,25.91,10.615,8.6864,3.7679,3.9759,8.2946,2.9422,7.5799,4.1534,6.6217,12.44,13.767,19.446,7.8372,7.0883,9.2552,8.8684,0,0.0081967,0.02459,0.90984,0.057377,0,0,1,0,0,0,0,1,0,0,0
0,1.4574,3.9501,6.5889,8.189,49.557,11.483,12.661,3.3711,2.0563,0.68685,9.5654,4.7367,4.2663,6.4002,13.594,28.576,11.694,6.5973,3.5215,3.891,7.1578,1.2684,8.2937,4.3607,6.4634,15.588,19.097,11.316,11.976,6.3357,8.7509,6.5501,0,0,0.009434,0.99057,0,0,0,1,0,0,0,0,1,0,0,0
0,2.4494,7.2619,12.464,11.961,46.046,8.4141,6.9826,1.8119,2.0225,0.58641,10.305,7.1813,4.0743,8.8357,8.6663,27.249,14.138,7.0029,3.2981,3.6255,5.6238,3.2021,3.5669,1.7292,5.259,13.846,16.68,11.268,12.308,7.4886,13.57,11.083,0.015152,0.16667,0.10606,0.71212,0,0,0,0.83333,0.16667,0,0,0,1,0,0,0
0,2.9032,6.3223,7.7024,11.179,48.43,7.8752,7.8529,4.1291,2.1518,1.4537,11.51,4.5793,4.9043,8.0065,9.9538,29.017,9.7711,8.5725,4.0499,2.4012,7.2343,2.6841,5.5123,2.1394,7.0785,12.321,21.678,12.062,9.9542,6.96,13.194,6.4162,0.064935,0.80519,0.12987,0,0,0,0,0.077922,0.92208,0,0,0,1,0,0,0
0.66195,4.6858,8.6348,8.6534,9.4503,27.33,13.693,7.0882,13.446,4.9045,1.4528,9.925,3.4495,5.8349,5.2592,15.209,18.398,9.2993,5.5379,7.5824,7.9015,11.603,2.0489,12.065,9.4777,10.538,7.4893,6.5706,13.053,8.7864,11.091,10.856,8.0234,0,0.073529,0.13235,0.79412,0,0,0,1,0,0,0,0,1,0,0,0
1.7576,8.6455,9.5947,3.0339,6.952,41.296,5.6258,3.4837,11.972,6.0867,1.5525,11.419,6.2056,2.9724,3.6245,12.875,22.394,10.022,4.0848,7.3619,7.2261,11.814,4.3544,10.774,5.827,6.1483,6.5471,20.925,15.67,7.3961,7.2566,7.59,7.5118,0,0,0.029703,0.93069,0.039604,0,0,1,0,0,0,0,1,0,0,0
0.40452,9.0515,12.389,5.8673,2.9657,44.102,6.1263,0.72199,10.328,5.8473,2.1957,12,5.9412,4.6759,3.3609,13.707,24.973,9.1018,3.7242,6.9799,6.1211,9.4154,9.1606,9.4851,5.3633,8.0041,5.5776,26.285,13.349,7.1543,7.1119,5.7208,2.788,0,0,1,0,0,0,0,1,0,0,0,0,0.33962,0.66038,0,0
1.1704,10.207,8.163,3.0705,3.8981,47.523,8.1955,6.7699,6.3752,4.3237,0.30337,9.045,4.6103,5.1644,2.0764,16.595,27.224,7.8034,4.7232,6.0613,5.1128,11.584,4.027,11.884,7.719,6.1747,11.896,26.775,12.62,4.1908,3.8392,4.7319,6.1432,0,0,0,0.23301,0.76699,0,0,1,0,0,0,0,1,0,0,0
1.9031,12.762,12.331,1.8707,0.8519,53.941,3.643,2.5402,6.431,3.7262,0,8.5051,6.7858,2.1107,0.55654,21.275,30.565,7.0565,6.5688,3.3744,6.8717,6.3307,6.7691,14.949,6.0018,3.4793,8.3615,36.623,12.381,3.1077,2.604,3.3772,2.346,0,0,1,0,0,0,0,1,0,0,0,0,0.10811,0.89189,0,0
1.4932,6.7673,9.8767,5.7815,2.1047,58.841,3.0327,1.5808,6.3875,3.8592,0.27529,8.0606,6.1207,2.9132,0.50139,15.333,34.933,10.552,6.1579,2.8082,3.8607,8.7592,8.5413,10.108,3.2738,3.6679,4.9118,41.724,14.016,3.8263,2.3593,4.2347,3.3367,0,0.057471,0.94253,0,0,0,0,1,0,0,0,0,0.034483,0.96552,0,0
0.55259,12.885,11.203,2.0176,0,56.403,1.0107,1.1036,9.9126,4.9111,0,10.064,5.5273,3.0864,0.32275,16.32,38.751,7.2851,6.0244,1.5287,2.8934,8.1974,7.4938,6.6287,8.9878,4.6519,3.6431,45.342,8.9509,1.8238,3.4031,5.9915,3.0838,0.36957,0.21739,0.41304,0,0,0,0,1,0,0,0,0,0.3913,0.6087,0,0
0,5.6429,6.6789,3.1132,3.9669,54.966,6.1527,6.9669,5.3344,6.9718,0.20614,9.4649,4.4477,2.789,4.5069,14.968,34.136,10.228,4.8292,2.1691,3.7942,8.6671,2.67,9.2131,5.9882,5.2651,12.38,31.099,13.367,8.6125,1.9971,6.6664,2.7416,0,0,0,0.54054,0.45946,0,0,1,0,0,0,0,1,0,0,0
0,11.02,13.773,0.58446,0.29223,51.116,3.4713,3.6959,11.911,4.1363,0,8.2163,5.4977,3.6026,0.25334,15.545,37.264,7.4833,5.9432,1.4888,6.3192,8.3865,3.2933,10.756,9.8386,6.1228,6.9555,40.997,5.8821,2.7871,1.4178,10.786,1.1644,0,0,1,0,0,0,0,1,0,0,0,0,0.63415,0.36585,0,0
0,2.8031,9.4392,4.6773,6.3715,51.661,7.1059,6.9055,5.8824,4.7853,0.36931,7.4156,6.7867,3.4883,4.4325,12.479,29.74,13.281,6.7307,2.646,4.2541,8.7463,2.8719,5.9343,4.2616,5.8997,13.719,28.416,10.371,8.9038,4.3953,10.425,4.8025,0,0,0,0.81061,0.18939,0,0,1,0,0,0,0,1,0,0,0
0,4.1295,10.033,2.6451,2.076,51.266,3.788,5.7013,13.674,6.6875,0,8.7196,8.239,2.4171,0.98248,13.039,32.392,12.127,7.5373,0.34286,2.6938,11.51,1.9014,6.232,6.8572,6.7649,8.6714,37.268,8.2167,6.3869,1.0815,14.734,1.8859,0,0,0.061856,0.072165,0.86598,0,0,1,0,0,0,0,1,0,0,0
0.39509,9.3774,11.011,0.43952,0,55.721,2.1294,1.9829,8.8833,10.061,0,9.1276,4.4516,3.0304,0.31471,20.399,34.36,9.3277,3.6192,1.3195,6.1001,7.9494,2.5133,13.372,5.1601,2.5414,5.0027,41.23,12.952,5.1961,1.6993,7.184,3.1486,0.10811,0.013514,0.87838,0,0,0,0,1,0,0,0,0,0.10811,0.89189,0,0
0,6.6776,12.209,0.79717,0.39859,49.096,2.966,3.4757,10.656,13.723,0,8.89,8.324,0.5371,0,17.986,30.028,10.326,4.513,0.55897,3.0645,15.773,2.1553,7.9316,6.2915,8.2528,4.0839,35.809,14.322,6.8733,0.5371,10.518,3.2264,0.1358,0.024691,0.83951,0,0,0,0,1,0,0,0,0,0.17284,0.82716,0,0
0,2.5537,5.1074,4.2207,0,88.118,0,0,0,0,0,0,3.5824,1.5251,0,10.678,66.265,12.203,1.667,3.0501,0,1.0287,5.7457,5.1074,1.0287,0,0,73.361,13.232,1.5251,0,0,0,0.23077,0,0.76923,0,0,0,0,1,0,0,0,0,0.23077,0.76923,0,0
0.27574,3.081,5.5105,6.2283,0.27574,82.032,0,0.27574,1.7698,0.55147,0,1.9303,3.7973,1.4222,0,6.7516,62.329,13.928,4.2351,2.4383,1.0879,2.08,8.2171,5.2195,1.6588,0,0.68183,71.344,8.99,1.5676,0.81219,0.55147,0.95757,0.18868,0,0.81132,0,0,0,0,1,0,0,0,0,0.18868,0.81132,0,0
0.34994,4.042,7.7573,4.2245,0.34994,77.769,0.25486,0.34994,3.9475,0.95474,0,4.9364,3.828,1.9742,0,13.361,54.582,10.887,2.5064,2.0163,2.8336,3.0757,7.3356,6.6093,2.174,0.25486,1.7723,63.375,12.325,1.5066,2.0801,0.95474,1.6125,0.1791,0.014925,0.80597,0,0,0,0,1,0,0,0,0,0.19403,0.80597,0,0
0,0,0,0,0,100,0,0,0,0,0,0,0,0,0,7.7047,81.476,10.042,0.77785,0,0,0,0,0,0,0,9.4267,69.89,20.683,0,0,0,0,0,0,0.96703,0.032967,0,0,0,1,0,0,0,0,1,0,0,0
0,0,0,0,1.8862,98.114,0,0,0,0,0,0,0,0,0.94309,13.675,78.128,7.2545,0,0,0,0,0,0,0,0,0,67.87,30.244,0.94309,0.94309,0,0,0,0,0.64583,0.16667,0.1875,0,0,1,0,0,0,0,1,0,0,0
0,0,0,0,0,100,0,0,0,0,0,0,0,0,0,8.3173,80.773,10.91,0,0,0,0,0,0,0,0,0.82581,81.594,17.58,0,0,0,0,0,0,1,0,0,0,0,1,0,0,0,0,1,0,0,0
0,0,0,0,3.2771,96.723,0,0,0,0,0,0,0,0,1.8082,9.336,77.865,10.652,0.33923,0,0,0,0,0,0,0,0.70891,80.63,15.384,1.4689,1.8082,0,0,0,0,1,0,0,0,0,1,0,0,0,0,1,0,0,0
0,0,0,0,18.718,81.282,0,0,0,0,0,0,0,1.0704,3.8189,18.261,63.798,9.7464,3.3053,0,0,0,0,0,0,0,0,65.673,19.985,10.523,3.8189,0,0,0,0,0.054054,0.2973,0.64865,0,0,1,0,0,0,0,1,0,0,0
0,0,0,0,27.778,72.222,0,0,0,0,0,0,0,9.0872,3.3009,8.8362,56.155,11.533,10.088,1.0006,0,0,0,0,0,0,1.0006,51.039,38.357,4.3015,5.3021,0,0,0,0,0.051282,0.58974,0.35897,0,0,1,0,0,0,0,1,0,0,0
0,0,0.42824,0,17.057,82.514,0,0,0,0,0,0.42824,0,1.8967,2.5352,19.757,58.608,11.114,5.1679,0.4918,0,0,0,0,0,0,0.4918,54.243,33.901,8.2738,3.0906,0,0,0,0,1,0,0,0,0,1,0,0,0,0,1,0,0,0
0,0,2.6706,0.89185,30.446,65.992,0,0,0,0,0,2.3827,0.28795,4.6852,7.7599,13.665,46.17,11.364,10.429,2.3644,0,0.89185,0,0,0,0,2.0484,47.923,28.924,12.178,8.0343,0.89185,0,0,0,1,0,0,0,0,1,0,0,0,0,1,0,0,0
0,0,0,0,0,98.757,0,0,1.2428,0,0,0,1.2428,0,0,7.2999,80.485,10.973,0,0,0,0,0,0,0,0,6.0127,83.614,9.1308,0,0,1.2428,0,0,0,1,0,0,0,0,1,0,0,0,0,1,0,0,0
0,0,0,0,0.36943,99.206,0,0,0.4245,0,0,0,0.4245,0,0.36943,1.607,93.875,3.3545,0.36943,0,0,0,0,0,0,0,3.5191,89.485,6.2025,0,0.36943,0.4245,0,0,0,1,0,0,0,0,1,0,0,0,0,1,0,0,0
0,5.0671,21.163,6.2545,0,19.339,32.579,4.4357,9.3076,1.8546,0,6.743,7.7836,2.4977,8.1566,9.9842,44.724,6.2752,0,9.8045,1.7989,2.2318,11.859,11.798,6.0917,26.367,12.168,9.2936,8.3531,0.32584,2.8948,3.014,7.8346,0,0.76471,0.17647,0.058824,0,0,0,0.5,0.5,0,0,0.85294,0.14706,0,0,0
0.54474,1.8383,1.8738,0,0.54474,90.96,0.54474,0,3.1493,0.54474,0,2.9277,0.54474,2.0778,0,10.568,68.287,10.027,0.54474,2.0599,0,2.9633,2.4185,0.54474,2.383,3.4725,12.784,57.033,16.443,2.0778,0,2.8442,0,0,0,1,0,0,0,0,1,0,0,0,0,1,0,0,0
0,1.0436,0.63522,8.6259,7.2641,46.715,11.904,10.871,7.6117,4.2855,1.0436,15.812,7.4075,0.72362,10.725,11.831,26.054,3.2107,3.5432,1.2342,6.3456,13.113,0,3.9811,0.50188,1.0436,11.756,18.259,19.94,9.6416,9.6152,11.782,13.48,0.33333,0.625,0.020833,0.020833,0,0,0,1,0,0,0,0,1,0,0,0
0,1.0848,0,0,0.62842,92.459,3.6594,0,2.1682,0,0,2.4728,2.1682,1.5264,0,10.892,81.365,1.5759,0,0,0,0,0,0,2.9144,2.9144,7.7572,73.835,10.085,1.7132,0,0.78016,0,0,0,1,0,0,0,0,1,0,0,0,0,1,0,0,0
0,3.0286,16.066,13.265,13.312,48.669,0,0,5.6591,0,0,11.24,0.30286,3.3457,7.0073,6.9045,28.416,15.851,7.9016,3.1394,1.9567,13.935,3.2329,1.2028,0,0.67714,0.84607,36.853,13.913,13.758,10.187,11.15,8.1796,0,0,0.38235,0.058824,0.55882,0,0,1,0,0,0,0,1,0,0,0
0,0,3.1652,2.2845,14.548,80.003,0,0,0,0,0,2.7848,0.38043,1.4024,7.4142,5.8492,67.041,7.6213,3.2041,2.0183,0,2.2845,0,0,0,0,1.3274,70.437,13.044,7.1735,5.3303,2.2845,0.40345,0,0,1,0,0,0,0,1,0,0,0,0,1,0,0,0
0,0.70471,7.8661,5.1898,17.538,66.852,0,0,1.8503,0,0,4.8575,1.3465,2.7129,10.434,7.4937,43.885,13.762,8.0325,1.0678,0.73953,5.6684,1.2182,0.40606,0,0.33347,2.0082,51.577,17.429,11.778,7.6233,4.8563,2.7702,0,0,1,0,0,0,0,1,0,0,0,0,1,0,0,0
0,1.5214,1.7742,2.152,8.8688,52.435,12.112,6.0497,10.413,3.9072,0.76714,11.008,5.5571,5.4832,3.9721,11.724,38.91,10.564,3.2949,1.1493,6.0467,2.2906,2.6082,3.2296,5.7748,3.2059,18.051,31.765,9.2932,6.0325,3.7881,7.0194,9.2323,0,0.48438,0.51562,0,0,0,0,1,0,0,0,0,1,0,0,0
0,0.69341,2.3161,4.5335,7.6151,83.407,0,0,1.4351,0,0,3.4295,0.41061,0.41061,5.3417,4.7556,70.428,6.1244,3.7978,0.76879,0.41527,4.1182,0,0.69341,0,0.41527,3.7875,72.788,6.2084,6.7898,3.7361,3.4248,2.1565,0,0,1,0,0,0,0,1,0,0,0,0,1,0,0,0
2.0596,1.6014,6.0202,0.62117,3.302,67.582,6.8224,1.0794,9.31,1.6014,0,7.2129,4.5513,3.2208,1.7006,13.73,42.564,11.959,2.2225,3.7786,0.62117,8.4389,9.1044,1.6014,6.0698,8.411,12.681,38.982,12.737,1.5752,0,7.1371,1.7006,0,0.38554,0.59036,0.024096,0,0,0,1,0,0,0,0,1,0,0,0
0,1.7508,10.595,12.426,12.179,58.155,0,0,4.8939,0,0,7.867,1.5385,2.1713,10.83,7.3547,33.456,13.126,6.4453,2.3491,2.6119,12.249,3.6212,1.6492,0.34382,1.2388,1.9413,42.952,14.332,14.015,7.2669,8.4622,4.1777,0,0,1,0,0,0,0,1,0,0,0,0,1,0,0,0
4.4856,5.6934,15.447,4.597,10.287,40.376,6.506,3.6773,6.182,0.54847,2.2005,9.7244,2.9679,8.1065,3.8761,11.508,21.102,9.8181,7.9674,6.8032,7.9674,10.159,10.569,9.9162,10.416,5.1197,9.9166,19.044,11.905,5.1954,3.9011,8.2542,5.7626,0.075949,0.18987,0.22785,0.46835,0.037975,0,0,1,0,0,0,0,1,0,0,0
5.3929,3.3218,9.6392,0.38763,4.1718,60.847,1.6101,0,13.515,0.33432,0.7797,13.679,3.4758,2.7977,4.6891,15.795,26.233,15.063,6.6564,4.7987,3.1031,3.7094,4.1192,2.6511,7.3511,5.872,19.607,26.462,16.869,1.6353,2.2339,6.6309,6.5678,0.22222,0.69444,0.027778,0.055556,0,0,0,1,0,0,0,0,1,0,0,0
6.3217,6.1551,6.6673,7.1074,7.7485,28.674,10.572,9.6578,11.232,4.3163,1.5481,8.9953,7.5651,8.3624,6.7256,5.9914,15.198,14.405,12.286,4.4495,10.421,5.6005,6.8825,13.781,7.2709,6.4302,12.664,9.7911,7.7115,6.1348,3.1772,9.7827,16.374,0,0.026316,0,0.21053,0.76316,0,0,1,0,0,0,0,1,0,0,0
0,1.9421,19.395,19.502,14.255,35.923,0.22576,0.57169,8.0128,0.17378,0,8.6386,2.7121,1.6687,9.7226,4.9927,21.003,15.23,4.805,4.4662,4.774,21.987,10.484,3.777,1.168,0.45151,2.3662,24.159,13.611,10.307,13.007,11.819,8.8493,0,0,0.48889,0.088889,0.42222,0,0,1,0,0,0,0,1,0,0,0
3.5469,4.2873,4.72,0.48679,4.8601,61.905,5.386,2.471,10.124,2.2128,0,8.9341,3.2506,3.019,2.6473,12.994,39.278,11.697,3.0392,5.1478,0.48679,9.5061,9.0933,2.8629,8.395,11.161,9.9698,31.579,15.958,1.3953,0,6.2589,3.3265,0,0.79167,0.1875,0.020833,0,0,0,1,0,0,0,0,1,0,0,0
0.39319,1.6162,2.0572,0.44748,1.9753,76.758,8.8229,2.4907,4.5075,0.66241,0.26922,5.2442,2.7556,5.1254,1.6138,11.202,62.334,6.2607,0.84067,1.0873,0.98592,2.5505,4.2743,0.66241,6.1379,4.6766,19.447,47.962,9.0499,1.7475,0,2.6866,3.3561,0,0.35802,0.64198,0,0,0,0,1,0,0,0,0,1,0,0,0
2.1347,5.2063,8.0642,3.0478,5.3807,43.862,11.783,5.6298,11.705,2.7129,0.47412,15.612,7.2101,4.947,2.941,14.155,21.108,10.384,4.7764,6.3925,3.4646,9.0081,12.992,6.0173,9.599,9.8929,15.396,13.741,12.139,2.4626,1.8083,8.868,7.0836,0.022124,0.78319,0.18584,0.0088496,0,0,0,1,0,0,0,0,1,0,0,0
0.33195,2.9183,3.2719,1.088,4.0035,52.892,12.893,9.2565,9.7475,2.2972,1.3008,10.685,7.1125,6.7585,3.9361,12.177,44.549,3.75,1.6525,1.5979,4.3541,3.4283,5.1287,2.4967,10.416,5.7463,12.8,37.463,5.4128,1.0483,1.2959,7.8522,10.34,0,1,0,0,0,0,0,1,0,0,0,0,1,0,0,0
0,0.86586,0.44689,2.1786,4.3037,82.744,5.9469,0,3.5142,0,0,2.9375,1.6248,1.5811,1.8894,7.7076,76.59,4.1781,1.3127,0,0,2.1786,0.46496,0.86586,2.741,2.276,9.0918,70.418,3.5921,5.5885,1.3127,1.3127,2.3363,0,0,0.925,0.075,0,0,0,1,0,0,0,0,1,0,0,0
0,0.76269,9.0089,10.585,11.496,60.724,1.0042,0.75094,5.1715,0.49647,0,7.0654,1.7368,1.0808,7.2407,9.0178,42.394,11.035,5.9341,1.3323,3.0158,10.147,4.1528,1.3838,2.0902,1.9052,3.3638,46.634,13.471,9.8038,6.1725,5.7371,5.2856,0,0.054945,0.94505,0,0,0,0,1,0,0,0,0,1,0,0,0
0,1.4807,8.3181,15.445,20.626,40.942,1.5133,3.3473,6.9488,1.3792,0,9.1784,4.8478,0.16461,12.611,9.7607,20.099,12.588,7.8825,2.3007,6.1231,14.445,5.4173,4.1263,2.1922,2.3267,3.3195,25.084,19.643,15.787,7.5342,6.1683,8.4013,0,0,0.8125,0.0625,0.125,0,0,1,0,0,0,0,1,0,0,0
0,1.0403,2.37,4.1081,5.6182,67.841,6.5825,4.4278,5.9983,2.0133,0,5.0024,1.4131,2.6795,3.7779,11.082,55.905,7.7269,3.9588,0.52513,1.2209,6.7091,1.2791,1.3781,5.0129,2.6555,8.504,53.528,7.454,5.5224,3.0037,3.269,8.3926,0,0,1,0,0,0,0,1,0,0,0,0,1,0,0,0
0,1.5526,6.0303,8.4616,11.098,51.536,4.3739,5.1768,7.2466,3.8669,0.65728,10.096,3.3504,1.1207,8.7028,7.6045,36.177,9.3217,6.9098,0.85555,3.9986,11.863,2.205,2.6744,4.671,2.4342,5.3684,38.645,12.889,9.3373,5.833,4.9587,10.984,0,0.081967,0.91803,0,0,0,0,1,0,0,0,0,1,0,0,0
0,4.5318,6.6033,4.16,10.691,43.698,12.32,7.3181,7.4335,2.9202,0.32375,9.2465,8.7876,4.6434,7.6628,11.586,22.14,15.036,6.1229,6.5877,6.673,1.5143,3.5035,5.227,6.7334,8.4114,8.0519,27.873,8.7292,5.1536,5.7357,9.3067,11.275,0,0,0,0.36709,0.63291,0,0,1,0,0,0,0,1,0,0,0
0,4.0903,5.9578,3.653,10.885,43.685,8.5267,8.8158,11.018,1.8846,1.483,12.545,7.1783,3.4121,10.794,13.807,21.827,13.765,3.3552,3.5055,7.6563,2.1535,3.5349,5.0634,7.4279,1.9711,10.187,25.963,14.254,5.2917,5.5442,7.558,13.206,0,0,0,0.66667,0.33333,0,0,1,0,0,0,0,1,0,0,0
0,0.83967,2.4491,6.3993,9.4544,51.866,5.2098,7.9665,9.2129,5.6197,0.98278,10.602,4.2636,1.0679,6.7056,10.8,37.993,7.5858,5.0925,1.9955,4.7193,9.1744,0.83775,3.2491,4.1482,1.6222,9.466,31.949,15.549,9.4595,7.4701,5.4696,10.779,0,0,0.96154,0,0.038462,0,0,1,0,0,0,0,1,0,0,0
0,0.94246,0.96632,5.4493,16.61,38.871,7.3277,7.1676,7.6251,12.027,3.0135,13.223,5.5073,1.2635,9.5282,14.336,20.015,5.85,6.8284,4.0874,9.6959,9.6656,0,0.93999,1.2701,0.94246,10.26,20.371,17.054,16.432,9.1039,10.488,13.139,0.1,0.9,0,0,0,0,0,1,0,0,0,0,1,0,0,0
0,3.9153,14.62,20.047,11.486,43.525,0,0.28594,6.1204,0,0,15.559,2.1133,4.2415,8.2232,9.4707,11.559,17.596,10.633,1.4311,3.6507,15.522,1.8914,0.62738,0.44578,2.2051,1.8273,23.612,19.474,19.988,8.2421,12.416,9.2715,0,0,0,0,1,0,0,1,0,0,0,0,1,0,0,0
0,1.5484,14.723,12.366,14.619,45.983,0.77396,1.5969,7.8069,0.58225,0,9.1843,1.8515,0.85315,11.286,10.178,21.04,14.78,9.8994,1.4262,4.6779,14.823,7.5192,3.4872,3.3892,2.6263,0.74034,31.838,16.004,13.395,7.7056,7.5413,5.7536,0,0,0,0,1,0,0,1,0,0,0,0,1,0,0,0
0,2.9296,5.8512,7.1597,11.433,43.287,6.7748,6.2644,9.5434,5.0038,1.7532,12.386,7.042,0.445,9.7196,9.268,27.036,6.6943,7.2088,0.69466,5.5819,13.924,2.0973,3.7439,3.7538,4.5063,6.0529,25.919,15.536,11.494,7.3862,9.2758,10.234,0,0.044444,0.73333,0.066667,0.15556,0,0,1,0,0,0,0,1,0,0,0
0,3.5545,2.0265,7.1928,7.7804,38.83,11.05,8.0244,5.4982,11.483,4.5606,15.823,10.72,0,8.4334,11.251,20.394,2.1642,7.7275,2.144,8.0445,13.299,0,2.0845,2.0265,4.1599,6.6262,19.008,19.713,12.472,11.47,14.197,8.243,0,0,0.020408,0.87755,0.10204,0,0,1,0,0,0,0,1,0,0,0
0,7.4354,17.059,4.3342,0.25777,28.533,25.343,3.1801,12.971,0.88599,0,3.3848,9.7276,2.2632,5.8108,9.1513,44.259,9.8188,0,6.0492,4.9707,4.5646,9.091,7.514,6.6449,23.458,9.6355,10.058,16.819,0.62822,1.8013,7.8048,6.5452,0,0,0,0.092105,0.90789,0,0,1,0,0,0,0,1,0,0,0
0,2.3159,20.066,2.7385,0,27.899,27.831,3.5246,12.811,2.8134,0,6.6944,5.9548,3.4813,4.8926,10.184,47.706,7.0808,0,8.3583,1.9193,3.7282,6.1125,10.745,4.1656,24.131,9.1597,12.72,16.342,0.28765,1.0758,9.9836,5.2764,0,0.61905,0.16667,0.16667,0.047619,0,0,0.59524,0.40476,0,0,0.80952,0.19048,0,0,0
0,4.422,21.388,3.4637,0.82403,28.664,23.444,1.6928,12.831,2.9831,0.28699,6.3252,9.2051,2.5069,6.5075,10.231,35.019,12.268,2.2317,3.7262,6.6645,5.3151,9.7044,8.774,8.5934,16.738,11.687,16.606,11.036,1.6597,2.3343,7.1736,5.694,0,0,0,0,1,0,0,1,0,0,0,0,1,0,0,0
0,4.2768,18.773,3.6713,1.4103,36.735,16.6,2.4078,13.512,2.3447,0.26996,6.8777,7.0971,4.71,5,10.62,37.467,10.956,1.3046,4.0703,8.1013,3.7964,6.2876,9.4984,9.0115,11.309,7.6342,17.977,21.371,0.26996,2.2134,8.708,5.7204,0,0,0,0.028571,0.97143,0,0,1,0,0,0,0,1,0,0,0
0,6.713,21.226,2.9966,0,34.124,24.95,0.65016,7.4729,1.8666,0,4.4501,7.7909,2.8924,7.733,8.5489,50.071,6.5382,0,5.6621,3.0156,3.298,13.045,7.6431,6.9111,21.008,8.2511,19.095,15.603,0.32134,0.65016,4.8254,2.6475,0,0,0.93827,0.049383,0.012346,0,0,1,0,0,0,0,1,0,0,0
0,3.5983,18.589,2.7536,1.8191,55.278,6.0814,1.3932,8.1538,2.0708,0.26355,4.2735,5.8507,3.0501,5.1402,9.3308,49.248,7.614,0.94839,4.1848,5.8652,4.494,10.456,4.3632,6.1024,6.2797,3.9212,29.823,27.588,0.74722,2.0961,5.1161,3.5069,0,0.074627,0.92537,0,0,0,0,1,0,0,0,0,1,0,0,0
0,0,9.817,2.994,1.1461,84.517,0.36374,0,0.87136,0.29045,0,1.6065,1.6655,0.29045,2.5422,10.46,69.663,7.5427,0.68475,3.0545,0.87136,1.619,7.809,3.4459,0.87136,0.36374,0.36374,57.671,26.728,0.67067,1.4955,0.29045,0.29045,0.013158,0.013158,0.97368,0,0,0,0,1,0,0,0,0,1,0,0,0
0,1.8353,26.326,3.6851,0.50333,36.979,19.287,2.2865,5.7348,3.3632,0,7.5258,5.393,2.8893,4.6915,10.691,46.013,7.7581,0.17885,7.035,2.9802,4.8447,11.111,11.902,5.6283,16.755,6.9733,20.006,18.584,0.84036,1.257,3.5784,3.3647,0.032787,0.11475,0.7541,0.098361,0,0,0,1,0,0,0,0,1,0,0,0
0,2.049,14.765,3.2616,0,72.842,2.8183,1.3893,2.8746,0,0,0.458,2.0119,0.49511,5.75,10.937,68.963,2.3642,0,3.3422,0.99023,4.688,10.968,5.1742,1.5539,4.1391,1.0588,46.196,26.646,0,0,2.3795,1.8844,0,0.015152,0.98485,0,0,0,0,1,0,0,0,0,1,0,0,0
0,2.927,16.369,3.1419,0.29547,64.173,5.5971,1.4957,4.9637,1.0371,0,3.2425,4.448,1.5219,2.2619,7.4241,61.982,6.185,0.27876,6.4827,2.6459,3.5275,6.7481,8.6863,3.5437,6.5319,2.847,36.752,27.889,0.26329,0.91149,2.9501,2.8766,0.063492,0.12698,0.80952,0,0,0,0,1,0,0,0,0,1,0,0,0
0,0,4.4619,0.62003,0,91.086,2.827,0,1.0055,0,0,0,0.50275,0,1.2401,5.8293,85.876,2.827,0.50275,2.6018,0,0.62003,5.082,0,0,0,3.3297,74.943,15.64,0,0,1.0055,0,0,0.15517,0.84483,0,0,0,0,1,0,0,0,0,1,0,0,0
0,0,2.801,0.53229,0,93.036,2.3909,0,1.24,0,0,0,0.61999,0,1.0646,11.158,81.328,3.4731,0.61999,1.2042,0,0.53229,3.3333,0,0,0,3.0109,70.401,22.015,0,0,1.24,0,0.10294,0.058824,0.83824,0,0,0,0,1,0,0,0,0,1,0,0,0
0,5.2884,26.266,1.5994,2.0197,29.395,20.913,1.9857,9.2192,1.8223,1.4923,4.3758,8.8867,4.8666,1.3267,9.1602,31.77,16.247,2.8459,5.2356,8.7166,6.5684,11.551,12.038,9.7679,10.797,10.236,16.314,12.321,1.2544,3.59,9.5757,2.5535,0,0,0,0.049383,0.95062,0,0,1,0,0,0,0,1,0,0,0
0,4.5444,23.032,3.2631,1.414,42.76,13.404,1.4253,7.2304,2.2077,0.7197,4.7583,9.0732,2.8067,4.4106,8.0818,38.178,14.544,2.1476,3.4238,5.3057,7.2702,11.174,10.057,6.2662,9.4545,8.148,23.906,18.9,1.8333,1.1533,6.3071,2.8009,0,0,0.87879,0.12121,0,0,0,1,0,0,0,0,1,0,0,0
0,3.1854,18.844,1.2787,3.4126,36.837,13.951,1.9029,15.503,3.2138,1.8719,6.54,6.6119,5.0585,5.5338,11.276,35.763,9.6649,4.5693,2.3408,8.9875,3.6538,6.5123,8.7355,8.5365,7.5926,6.2435,14.335,24.671,2.0353,3.2391,13.171,4.9284,0,0,0,0,1,0,0,1,0,0,0,0,1,0,0,0
0,4.4344,24.713,2.4821,5.7316,39.275,12.13,0.2249,9.3402,0.94451,0.72521,2.0754,8.2664,4.7925,3.6306,10.596,35.489,15.318,2.1595,4.9747,8.135,4.5629,10.851,11.889,8.6083,4.1626,6.673,21.197,21.328,0.64658,5.0448,8.0796,1.5194,0.10667,0.026667,0.69333,0.093333,0.08,0,0,1,0,0,0,0,1,0,0,0
0,4.676,20.721,1.9121,4.6796,34.575,13.411,1.5905,13.404,1.8993,3.1317,3.879,6.7331,3.9484,6.5001,8.0965,33.295,14.835,3.4539,4.4392,7.8939,6.9261,7.7203,12.796,10.44,2.3512,6.1093,17.99,18.611,1.9568,4.2892,13.786,3.9505,0,0,0,0,1,0,0,1,0,0,0,0,1,0,0,0
0,2.4995,15.127,3.4114,5.5773,60.052,3.6641,0.5992,6.9386,1.5309,0.5992,3.8226,5.8288,3.7804,3.3709,11.583,48.445,11.775,1.2184,2.2278,4.6666,3.2813,6.7329,7.7548,4.2696,2.0964,2.5135,32.751,30.852,1.7612,3.8095,5.5867,1.8723,0,0.022472,0.97753,0,0,0,0,1,0,0,0,0,1,0,0,0
0,6.7841,19.099,5.2072,11.834,33.282,11.756,0.91474,9.2937,0.91474,0.91474,1.8295,6.8235,10.245,6.0647,12.799,34.75,10.966,3.9993,5.2771,4.9833,2.2621,8.5169,13.899,4.432,4.2396,6.5518,15.658,22.859,2.9101,9.8106,9.2437,1.8795,0,0,0,0,1,0,0,1,0,0,0,0,1,0,0,0
0,3.7019,17.407,5.0867,6.3321,49.526,5.6132,1.521,6.5186,1.8409,2.4528,4.0751,6.4097,5.0516,3.694,11.87,42.194,12.052,2.9914,4.9053,3.2288,3.5282,7.9137,11.145,4.6111,1.0752,2.3253,22.554,29.227,2.8496,8.1265,7.9824,2.1901,0.42222,0.066667,0.4,0.066667,0.044444,0,0,1,0,0,0,0,1,0,0,0
0,0,5.8615,1.6243,3.8431,87.052,1.0245,0,0.59456,0,0,1.5686,1.6806,0.9142,0.77495,14.073,66.66,9.7261,0.47767,3.587,0.29728,0.24102,3.9399,2.4036,0,1.0245,1.6414,58.129,26.549,3.2721,2.4463,0.59456,0,0.012987,0,0.98701,0,0,0,0,1,0,0,0,0,1,0,0,0
5.6881,4.2149,13.909,9.6414,12.58,28.94,7.2144,3.3595,4.8448,5.8043,3.8036,10.134,6.6952,5.7722,6.231,9.3812,12.985,9.0554,9.172,8.9075,6.4716,15.196,8.0958,9.0476,7.6296,5.7755,5.8125,6.4584,10.361,7.0176,15.257,10.232,14.313,0.39474,0.55263,0.052632,0,0,0,0,1,0,0,0,0.21053,0.78947,0,0,0
0,1.54,5.175,5.2885,9.255,76.772,0.91027,0,0.62421,0.43471,0,2.4919,1.5687,6.2379,1.3507,15.744,56.58,12.204,0.7033,2.8075,0.31211,0,3.6063,3.1087,0,0.91027,2.9036,47.373,27.038,6.443,5.0669,3.5508,0,0.25926,0.074074,0.48148,0.055556,0.12963,0,0,1,0,0,0,0,1,0,0,0
0.904,2.396,14.823,11.346,10.695,24.092,12.428,11.247,7.3836,1.9596,2.7265,17.76,5.1508,4.5635,4.9824,10.464,11.531,11.09,7.2511,9.5998,7.6253,9.9825,14.672,11.281,7.6346,6.6851,8.4171,2.6513,4.3836,5.5726,10.99,14.869,12.844,0,0.28037,0.25234,0.46729,0,0,0,1,0,0,0,0.25234,0.028037,0.71963,0,0
0.46843,4.9898,14.379,7.0077,14.255,19.284,15.795,9.5963,7.3736,4.7066,2.145,19.94,5.515,4.4524,7.2127,8.6262,10.408,12.54,7.4634,7.2728,9.1461,7.4224,19.933,13.173,7.8124,7.4485,6.3789,2.0366,4.4432,5.7816,9.4696,14.799,8.7242,0,0.76471,0.17647,0.058824,0,0,0,0.17647,0.82353,0,0,0,0.23529,0.76471,0,0
1.0465,4.2152,16.675,11.995,13.935,24.843,10.643,7.1832,5.2664,1.3527,2.845,14.176,6.3786,5.3732,7.1094,8.7007,11.037,10.425,8.8752,8.2852,8.3642,11.275,12.753,11.936,6.0479,4.7448,7.2355,5.3769,9.0756,7.7689,10.544,13.878,10.639,0,0.12162,0.74324,0.13514,0,0,0,0.98649,0.013514,0,0,0.081081,0.013514,0.90541,0,0
1.1859,5.4513,16.031,12.993,11.623,21.845,10.696,8.8215,5.0243,3.3914,2.9369,16.962,6.536,5.8646,6.4726,7.9592,12.813,10.856,8.0012,6.9484,8.5992,8.987,13.526,9.1172,5.0248,5.6573,8.8259,5.0681,6.1926,8.5285,10.481,13.924,13.654,0,0.72222,0.27778,0,0,0,0,0.77778,0.22222,0,0,0.027778,0.027778,0.94444,0,0
0.72382,0,0,0,0.46544,94.843,0,0,0,1.1893,2.7788,0,0,0.46544,0.46544,1.1893,76.313,18.064,2.7788,0.72382,0,0,0,0,0,0,13.695,78.835,3.5026,3.2442,0.72382,0,0,0,0.085714,0.87143,0.042857,0,0,0,1,0,0,0,0,1,0,0,0
2.948,4.0961,11.568,9.4171,12.826,27.569,9.6045,7.6633,5.8799,5.3727,3.0545,11.541,6.884,5.3982,8.1606,9.8871,14.346,8.8785,7.8201,9.4316,6.9484,10.704,8.9648,8.5915,5.7723,6.813,6.1347,6.4033,12.609,4.1804,11.833,11.702,16.995,0,1,0,0,0,0,0,1,0,0,0,0,1,0,0,0
0,0,0.39282,0,1.2317,88.295,3.9643,0,4.6606,1.4559,0,0.90674,1.533,1.3881,0.92437,10.385,72.881,9.9353,1.1402,0.37519,0.53155,0,0,0.39282,0,1.3227,7.5556,65.758,17.641,1.2141,1.4559,4.6606,0,0.028571,0.17143,0.8,0,0,0,0,1,0,0,0,0,1,0,0,0
0.53456,0.83644,11.388,17.973,23.248,35.059,3.6344,2.4653,3.6784,0.16109,1.0222,3.734,8.3124,3.9968,5.3687,7.5032,25.923,12.358,3.2322,9.2089,13.58,6.7833,5.9217,5.698,3.2063,1.0491,4.3606,13.926,19.518,17.864,14.515,6.5139,7.4275,0,0.31818,0.68182,0,0,0,0,1,0,0,0,0,1,0,0,0
0.7153,1.0699,9.271,20.395,18.545,40.353,3.4141,3.3044,2.7697,0.16355,0,5.0907,7.1834,5.4686,11.332,9.6824,22.144,11.158,4.2197,10.36,9.5317,3.8294,5.0376,5.0286,2.9617,2.572,3.9349,14.996,21.899,14.016,20.007,5.4976,4.0505,0,0,1,0,0,0,0,1,0,0,0,0,1,0,0,0
4.4492,4.291,8.6373,0.39929,3.5482,54.041,8.6656,0.49842,10.539,4.9315,0,7.9945,7.7145,3.2211,5.1559,10.523,39.897,12.656,4.8248,3.7637,3.3165,0.93225,0,6.4864,4.0855,4.2831,18.082,32.332,16.01,1.9382,6.5273,9.4162,0.83876,0,0.1039,0.8961,0,0,0,0,1,0,0,0,0,1,0,0,0
0,3.8486,7.5584,9.2286,10.459,45.931,10.604,4.4125,5.9037,0.76029,1.2935,10.01,5.1271,4.6419,6.2057,14.779,23.299,13.294,6.3816,8.6601,3.7394,3.8623,5.7826,3.8351,8.3707,3.5893,6.3491,29.484,10.527,4.3238,4.4396,7.6358,15.663,0,0,0,0.78495,0.21505,0,0,1,0,0,0,0,1,0,0,0
0.2594,2.4603,10.511,7.8275,11.429,44.298,10.334,5.9872,3.8492,0.75291,2.2929,6.7231,6.1306,5.4368,7.3058,13.778,17.903,18.304,5.271,6.7477,3.8609,8.5386,4.3098,7.1164,5.3552,4.6933,9.643,23.026,14.742,5.6558,7.6619,6.509,11.287,0,0,0.010989,0.98901,0,0,0,1,0,0,0,0,1,0,0,0
0,3.3359,6.4564,5.9212,13.762,44.023,13.047,5.8785,3.9082,2.0084,1.659,8.328,5.9563,1.7151,8.0619,16.132,20.252,18.715,3.8541,6.3869,5.9215,4.6775,2.9284,5.4403,6.7272,4.7122,12.5,20.931,17.892,6.4118,6.5146,4.3103,11.633,0,0,0,0.64474,0.35526,0,0,1,0,0,0,0,1,0,0,0
0.76164,1.6699,12.19,11.806,14.441,38.657,10.282,3.799,3.1852,0.16947,3.0387,6.7494,5.0736,6.8014,5.5486,13.135,10.874,17.049,2.9394,13.071,6.0679,12.69,5.0452,9.1812,7.1991,2.2705,9.7661,14.722,19.128,6.72,10.12,4.1177,11.731,0.017857,0.16071,0.17857,0.64286,0,0,0,0.98214,0.017857,0,0,0,0.92857,0.071429,0,0
0.98411,3.7082,18.257,10.012,13.593,32.129,9.0783,6.5466,4.4804,0.70183,0.50954,9.3564,6.112,5.5358,5.2764,9.9899,12.903,15.901,3.1756,10.078,7.5598,14.113,6.6005,9.4788,7.4449,3.4849,7.6272,14.821,15.846,4.0691,11.43,7.5348,11.662,0.04,0.06,0.16,0.6,0.14,0,0,0.98,0.02,0,0,0,0.92,0.08,0,0
0.4639,4.3445,17.556,14.887,10.697,29.256,8.3763,7.8684,4.4282,0.97489,1.1479,12.906,5.4822,5.1694,6.8044,8.1023,19.003,10.031,11.059,6.5151,7.4887,7.4393,7.9474,6.0766,4.4985,4.3942,11.461,8.9146,10.027,6.7998,8.916,17.639,13.326,0,0.27273,0.72727,0,0,0,0,1,0,0,0,0,0.36364,0.63636,0,0
0.12448,4.476,14.294,13.471,12.172,33.421,7.5785,9.4333,2.186,1.8612,0.98198,11.432,8.9581,5.1768,5.5567,6.9681,21.889,9.256,8.2644,7.1961,7.6524,7.6501,6.2603,4.6106,5.3889,6.5059,11.303,11.126,10.063,7.4281,7.7705,17.496,12.048,0,0.060606,0.050505,0.88889,0,0,0,1,0,0,0,0,0.9798,0.020202,0,0
0.6314,2.4174,15.379,14.655,16.164,33.095,7.4018,4.623,3.3572,0.91121,1.3645,7.1637,5.3515,6.9713,5.9973,9.4426,15.422,14.006,4.0364,10.952,8.5819,12.075,6.6171,8.631,4.6237,2.6044,7.9022,11.257,18.241,8.9826,14.749,6.2166,10.175,0,0,0.48718,0.46154,0.051282,0,0,1,0,0,0,0,0.66667,0.33333,0,0
1.1042,1.1738,10.25,15.534,18.418,42.709,4.4167,3.6656,2.2694,0.45898,0,5.8882,6.5871,3.8441,7.0085,8.9582,31.777,13.507,1.5614,5.6271,11.722,3.5189,5.0973,4.9214,3.5134,2.7557,8.8057,15.604,20.217,12.71,15.796,6.9605,3.6186,0.0093458,0.0093458,0.15888,0.82243,0,0,0,1,0,0,0,0,1,0,0,0
0.56681,3.7184,18.154,13.731,12,31.39,7.2849,7.23,2.6839,1.3252,1.9168,10.168,5.4754,5.2189,6.8502,9.9218,16.992,12.367,5.2861,7.9082,9.2934,10.518,7.5108,8.7833,6.2587,3.5981,8.3132,10.787,14.141,8.1083,10.143,9.9621,12.394,0,0.18269,0.49038,0.28846,0.038462,0,0,1,0,0,0,0,0.75,0.25,0,0
0,0.8927,2.019,4.7358,19.636,37.947,9.3693,8.6603,9.7756,6.1506,0.81412,13.108,4.659,2.4741,11.092,13.449,22.282,11.13,6.0068,3.7514,7.2489,4.7991,0.8927,5.2632,2.7985,4.0121,13.505,16.504,17.098,14.241,6.8654,5.3207,13.498,0,0,0,0.77612,0.22388,0,0,1,0,0,0,0,1,0,0,0
0,0.87314,0.73357,8.1009,18.45,33.592,6.3673,4.205,5.5296,17.632,4.5165,13.787,7.0544,1.0199,8.351,12.997,15.527,2.9594,9.8977,4.7126,13.741,9.9537,0,2.8932,0.54759,0.87314,11.343,14.726,15.374,22.6,12.048,11.716,7.8781,0,0.14894,0.51064,0.34043,0,0,0,1,0,0,0,0,1,0,0,0
0.83694,1.5126,16.371,12.983,15.557,35.994,5.3892,6.7116,2.5249,0.21281,1.907,5.3584,5.7678,3.3918,6.273,11.992,12.822,17.025,2.6331,9.766,11.177,13.794,5.7059,9.9893,5.3357,2.0472,6.4716,12.948,20.767,8.6052,11.551,6.8092,9.7702,0.016949,0.52542,0.38983,0.067797,0,0,0,0.9661,0.033898,0,0,0,0.94915,0.050847,0,0
5.4286,1.7615,6.7373,8.15,11.742,48.359,6.2091,0.81019,7.5444,3.2583,0,10.701,11.364,3.0159,5.481,12.809,26.658,17.022,4.4108,2.3363,4.883,1.3188,1.46,1.6616,2.0941,4.4005,14.109,17.51,21.235,9.7028,21.535,4.8067,1.4855,0,0,1,0,0,0,0,1,0,0,0,0,1,0,0,0
1.3619,1.775,2.6829,0,0,77.032,3.1684,0,11.245,2.7349,0,4.0299,4.4894,0.47995,2.2549,11.157,63.233,6.2903,3.5814,0.45398,2.7089,1.321,0,0.90796,0.45398,0.45398,8.6846,54.337,18.087,1.775,6.6978,7.2817,1.321,0,0.039474,0.96053,0,0,0,0,1,0,0,0,0,1,0,0,0
2.5034,2.8201,4.0934,0,0.98152,67.312,6.0959,0.31101,10.061,5.8223,0,6.0741,4.2021,2.2989,4.816,10.231,52.953,10.836,2.3042,1.5401,3.4643,1.28,0,2.5146,1.587,2.6518,13.694,44.734,16.077,2.2503,8.3688,7.1536,0.96901,0.04918,0.32787,0.62295,0,0,0,0,1,0,0,0,0,1,0,0,0
6.2296,2.9492,6.1021,3.1075,5.2687,49.371,11.267,1.3237,9.0963,5.2852,0,9.9673,9.9177,5.7498,7.797,11.551,29.56,12.895,5.1136,3.123,3.9319,0.3937,0,4.2881,6.2563,3.7272,20.172,26.461,14.187,5.3985,10.81,8.1319,0.5675,0,0.093333,0.90667,0,0,0,0,1,0,0,0,0,1,0,0,0
3.148,5.0679,6.0417,0.66087,4.3329,45.022,8.6626,1.669,16.959,8.4352,0,10.539,9.4615,5.9639,10.027,9.0103,25.318,13.497,7.598,3.0462,3.243,2.2962,0,4.9375,5.1929,5.0344,14.578,20.855,17.89,4.47,12.744,12.962,1.3369,0,0.26471,0.73529,0,0,0,0,1,0,0,0,0,1,0,0,0
0,1.6643,8.4567,6.2956,6.0166,59.052,4.3788,8.2298,3.5659,2.34,0,4.8016,7.9021,2.1322,3.8885,12.897,34.169,14.688,3.4309,2.6365,3.9018,9.5532,1.8207,4.0229,6.5601,6.6374,15.682,31.847,11.113,4.5955,3.1915,10.12,4.4091,0,0,0,0.71717,0.28283,0,0,1,0,0,0,0,1,0,0,0
0,1.2368,10.101,1.7186,1.7225,64.376,3.0687,8.9508,7.2751,1.5504,0,4.09,7.2507,1.3526,1.2922,10.642,42.319,14.541,5.915,0,1.8456,10.752,3.0366,6.1305,4.1142,8.3004,11.334,37.016,18.781,0.99697,1.3526,8.9372,0,0.013158,0.039474,0.11842,0.052632,0.77632,0,0,1,0,0,0,0,1,0,0,0
0.94837,0.3849,8.7063,5.7923,10.008,61.508,5.0173,5.4572,1.5568,0.62079,0,7.073,5.0268,3.9859,5.6161,12.548,37.103,15.149,3.4379,2.7298,2.5773,4.7534,4.8359,3.9581,3.8672,3.9481,13.195,31.799,15.335,5.5068,9.7726,4.8633,2.9195,0,0,0.0098039,0.95098,0.039216,0,0,1,0,0,0,0,1,0,0,0
3.3978,0.6584,3.7598,3.1534,4.6516,68.726,5.5202,6.3693,2.8652,0.89802,0,7.2151,5.8434,4.0347,3.581,11.39,41.328,16.324,3.2219,0.6584,1.1568,5.2473,0.71332,1.0151,4.6309,5.9847,15.768,26.918,30.067,2.4456,9.3875,3.0699,0,0.029126,0,0.029126,0.79612,0.14563,0,0,1,0,0,0,0,1,0,0,0
0,5.0194,11.123,1.0802,0.54012,63.254,3.6727,2.3775,6.9307,6.003,0,6.3647,3.4207,2.1388,0,15.137,41.973,11.137,4.2633,0,4.4793,11.086,1.5844,8.152,4.8575,7.3464,10.694,44.438,12.575,2.1014,0,7.4709,0.78061,0.21176,0.10588,0.68235,0,0,0,0,1,0,0,0,0,0.41176,0.58824,0,0
1.8084,3.0714,5.9538,8.2444,14.949,49.966,7.1203,3.7663,3.6617,1.4586,0,7.9623,6.7875,10.573,11.966,7.4445,29.922,13.254,2.8195,3.9959,4.0199,1.2548,2.1145,3.4905,8.7083,1.4686,11.33,21.968,18.998,9.2222,16.427,5.3905,0.88333,0,0,0.30189,0.69811,0,0,0,1,0,0,0,0,1,0,0,0
4.461,3.013,6.1608,1.6981,6.4879,49.923,9.1704,2.1409,10.682,6.2629,0,12.306,9.3023,7.5649,7.6089,13.184,20.215,16.638,6.3763,1.7912,2.9149,2.0981,0,3.339,7.2857,5.0469,13.404,20.904,20.551,5.5131,15.094,8.0223,0.84051,0,0.033708,0.1236,0.8427,0,0,0,1,0,0,0,0,1,0,0,0
7.778,3.9686,15.288,0.58361,4.66,40.324,9.3407,0.21239,12.339,5.5054,0,12.71,9.7633,7.1041,5.9949,10.81,24.78,11.768,4.8916,4.7924,7.044,0.34201,0,11.439,7.3411,4.3905,20.993,16.171,16.171,2.5661,10.044,9.3771,1.5078,0,0.24138,0.75862,0,0,0,0,1,0,0,0,0,1,0,0,0
6.6722,4.994,9.6725,0.30696,4.7102,39.096,9.4971,1.5161,14.919,8.6158,0,10.273,12.157,7.2392,11.047,6.4439,20.817,14.62,7.0881,4.0987,4.4864,1.73,0,8.8118,4.9627,6.0981,20.136,15.375,16.595,4.6252,10.496,11.545,1.3555,0,0.044118,0.45588,0.5,0,0,0,1,0,0,0,0,1,0,0,0
0.29365,0.58731,2.2062,0.92024,5.3647,81.349,2.0028,0,4.3644,2.9114,0,3.1635,1.7091,3.7481,1.48,14.23,60.905,10.797,1.6605,1.7949,0.51116,0,0.3564,1.5562,0.58731,0.58731,8.4337,50.209,25.747,3.6767,2.6413,6.2049,0,0,0.045455,0.95455,0,0,0,0,1,0,0,0,0,1,0,0,0
0.52105,0,1.6573,6.6714,9.1617,73.874,3.1075,0,2.0255,2.9816,0,9.0675,1.7943,5.1942,1.2733,17.096,51.615,9.9922,2.2294,1.738,0,0,0.38408,0.75221,0.52105,1.8342,7.6522,41.826,23.376,11.592,1.6573,10.405,0,0.21875,0.03125,0.45312,0.03125,0.26562,0,0,1,0,0,0,0,1,0,0,0
4.4481,3.5606,7.3718,1.8439,5.3135,58.477,6.1556,0.28534,6.8773,5.6672,0,10.045,5.607,3.3637,4.0091,13.082,44.945,7.243,4.1526,4.3135,2.9551,0.28534,0,4.9465,4.3972,4.2403,18.762,27.492,22.686,1.2747,5.3064,9.8573,1.0382,0,0,1,0,0,0,0,1,0,0,0,0,1,0,0,0
3.4582,1.5524,5.8012,2.3169,7.7379,62.306,6.1235,0,7.136,3.5678,0,9.4416,6.1551,7.2039,4.0854,12.817,42.503,12.93,1.0348,2.4406,1.3886,0,0,3.3774,3.4586,1.8751,18.472,31.237,19.958,7.5659,5.4744,8.0639,0.5172,0.21538,0.061538,0.38462,0.076923,0.26154,0,0,1,0,0,0,0,1,0,0,0
7.7476,4.466,14.265,3.47,7.7175,29.452,10.647,0.51642,15.773,5.9463,0,13.998,14.509,5.6526,7.2176,7.2846,24.16,7.9503,3.7733,7.8565,7.0819,0.51642,0,12.99,5.0478,4.0291,15.724,14.462,14.597,0.51642,12.395,14.691,5.547,0,0.016949,0.28814,0.66102,0.033898,0,0,1,0,0,0,0,1,0,0,0
6.9108,3.3838,9.2504,5.5865,8.9206,37.924,10.404,0,11.1,6.52,0,14.738,13.148,2.8084,4.349,11.106,30.844,8.1665,4.3696,7.2218,3.2483,0,0,7.4122,4.2621,4.943,15.231,17.935,18.049,0.52252,9.8557,16.455,5.3339,0.16667,0.051282,0.42308,0.064103,0.29487,0,0,1,0,0,0,0,1,0,0,0
6.6163,4.4075,15.574,2.7749,7.2639,36.064,11.134,0.56685,12.801,2.798,0,14.09,16.741,4.5649,8.6639,8.1474,27.319,8.4595,2.742,6.6823,2.0233,0.56685,0,11.149,6.7691,7.6931,19.218,15.149,14.676,0.80267,9.5181,11.218,3.8081,0,0.14493,0.84058,0.014493,0,0,0,1,0,0,0,0,1,0,0,0
7.4985,5.7782,11.83,0.67533,6.3174,35.085,9.8847,1.4759,13.867,7.5887,0,12.079,11.8,2.8528,10.153,8.6025,24.037,11.306,5.353,7.5691,4.7731,1.4759,0,8.9943,7.7431,7.7824,15.712,17.593,15.065,2.362,7.6219,13.86,3.2668,0,0.013333,0.48,0.50667,0,0,0,1,0,0,0,0,1,0,0,0
0,0,0,0,0,100,0,0,0,0,0,0,0,0,0,9.4666,78.697,11.836,0,0,0,0,0,0,0,0,0,83.124,16.876,0,0,0,0,0,0,0.055556,0.11111,0.83333,0,0,1,0,0,0,0,1,0,0,0
0,1.2659,4.3308,6.1835,7.2872,47.264,13.586,14.798,3.5563,1.5824,0.14593,9.9358,3.6685,6.1813,4.5114,13.606,28.974,7.2019,4.0027,4.7981,4.8093,12.311,2.3837,11.616,6.6237,7.063,11.475,19.114,13.979,7.3977,5.1065,6.3379,8.9039,0,0.025,0.05,0.925,0,0,0,1,0,0,0,0,1,0,0,0
0.80943,10.122,9.2762,3.4018,0.30382,65.019,0.80613,0.30382,8.0968,1.8611,0,6.4524,5.4862,3.0515,0,15.218,46.049,6.3041,4.3971,2.0031,5.8157,5.2231,5.8946,11.022,4.4442,2.2487,3.4136,51.743,10.668,0.90814,4.2485,2.3508,3.0581,0.27273,0.090909,0.63636,0,0,0,0,1,0,0,0,0,0.27273,0.72727,0,0
0.21048,3.4321,12.757,7.1994,13.451,41.675,10.195,5.0958,5.5078,0.19179,0.28393,9.9741,4.8132,6.0033,6.9271,14.206,26.723,10.067,5.9967,8.8682,3.1897,3.2315,6.3225,5.4017,6.6279,4.7435,4.5862,25.27,9.2052,8.2928,4.887,8.2305,16.432,0,0,0.16393,0.65574,0.18033,0,0,1,0,0,0,0,0.88525,0.11475,0,0
0.42459,2.272,7.1251,10.565,11.116,49.8,6.628,6.9799,2.4005,1.4116,1.2775,10.011,4.5864,3.2518,4.8209,12.231,30.252,12.519,6.7755,2.8496,5.2376,7.4652,3.2607,4.0251,3.0863,5.8266,13.796,18.651,13.765,7.0491,8.852,9.7141,11.973,0,0.015873,0.063492,0.90476,0.015873,0,0,1,0,0,0,0,0.87302,0.12698,0,0
0.57439,2.5619,15.107,13.167,13.886,37.222,6.576,3.9661,3.6006,0.6789,2.6607,5.1601,3.4363,6.8659,5.3156,13.465,11.666,17.747,4.0052,10.457,8.4181,13.463,4.6174,6.8413,5.4739,1.6684,8.938,14.558,19.88,8.1553,11.898,6.2365,11.734,0,0,0,0,1,0,0,1,0,0,0,0,1,0,0,0
0,0,0.753,0.753,3.8792,93.602,0.67529,0,0.33765,0,0,1.0906,0.33765,0,1.6416,3.7681,88.123,2.7285,1.1392,0.41847,0,0.753,0,0,0.33765,0.33765,6.7008,82.479,5.1782,2.3215,1.5577,0.753,0.33453,0,0,0.9359,0.051282,0.012821,0,0,1,0,0,0,0,1,0,0,0
0,2.1338,12.116,6.0302,6.6192,68.448,1.024,0.28806,2.3888,0.28806,0.66462,1.8197,5.1019,3.9562,2.5196,15.283,50.961,13.908,0.92289,3.5911,1.0946,0.84189,6.46,8.144,0.75311,0.27089,0.58512,38.857,31.044,3.6135,6.9308,3.0534,0.28806,0.17241,0.12069,0.67241,0.034483,0,0,0,1,0,0,0,0,1,0,0,0
0.43325,1.0461,10.614,18.734,20.73,40.56,2.0794,3.4465,1.8852,0.4713,0,5.4102,6.7231,3.4425,8.2146,9.3504,24.899,10.236,5.1002,7.778,14.137,4.7094,6.6794,5.4813,2.307,2.6364,3.371,10.971,23.958,14.372,19.049,9.6239,1.5502,0,0.12727,0.87273,0,0,0,0,1,0,0,0,0,1,0,0,0
0,0.30489,2.3311,4.395,18.44,40.901,5.6476,7.0116,13.029,6.8717,1.0689,14.629,3.9041,0.49157,11.82,12.358,20.996,10.943,5.48,4.9241,9.1708,5.2839,0,3.5033,1.83,1.7399,13.412,14.802,20.821,15.758,7.9308,7.3507,12.853,0,0,0,0.9375,0.0625,0,0,1,0,0,0,0,1,0,0,0
7.1198,3.7421,8.9514,1.0694,5.762,42.67,7.6132,0.76085,13.459,8.8524,0,10.089,9.2969,3.3666,7.993,8.2366,33.527,11.349,4.0144,5.3519,6.0152,0.76085,0,7.6008,4.4029,3.5874,18.322,22.356,16.961,1.4133,8.5062,14.48,2.3706,0.015152,0.18182,0.80303,0,0,0,0,1,0,0,0,0,1,0,0,0
6.395,4.8701,10.855,1.0152,4.4084,45.453,8.8872,1.3587,12.511,4.2458,0,12.071,9.0897,6.6293,7.8007,12.54,20.505,15.485,5.1932,3.1795,5.8162,1.6905,0,7.2061,6.5733,3.5964,20.223,18.41,18.18,4.1059,13.939,6.7826,0.98417,0,0.34426,0.59016,0.065574,0,0,0,1,0,0,0,0,1,0,0,0
0,4.4214,5.3431,7.0968,11.104,44.314,10.795,6.4878,7.4455,1.449,1.543,11.03,4.7198,6.9765,7.2246,14.229,22.896,15.312,5.767,6.0246,3.1256,2.6953,5.6441,3.6303,8.6172,5.7308,5.8081,26.905,9.5251,6.5181,4.4557,5.6391,17.526,0,0,0,0.66038,0.33962,0,0,1,0,0,0,0,1,0,0,0
0,0.55576,4.3585,3.8027,39.142,51.585,0,0,0.55576,0,0,2.9232,0.87948,6.0721,12.547,6.1647,39.732,11.987,10.698,5.1942,0,3.8027,0,0,0,0,4.5967,40.159,18.46,14.779,16.756,3.8027,1.4462,0,0,0.90196,0.019608,0.078431,0,0,1,0,0,0,0,1,0,0,0
0.82437,3.6297,6.9544,10.762,12.016,33.518,14.066,8.0229,5.1321,3.8926,1.1824,8.3744,3.1149,7.0819,8.4732,14.507,18.575,8.8449,5.8821,9.5475,4.7008,10.898,1.4032,8.6869,6.6704,11.204,10.16,7.6524,18.009,8.7352,10.378,6.786,10.316,0,0.012821,0.16667,0.82051,0,0,0,1,0,0,0,0,1,0,0,0
0.54139,7.1923,7.8462,0.99682,1.1636,52.966,3.5617,4.9778,10.556,10.198,0,8.16,4.9028,3.4733,1.5335,17.626,34.176,9.3038,5.146,1.4138,4.2642,10,2.4966,9.1663,5.4508,5.2396,6.5008,34.807,14.519,5.8873,2.7772,8.5372,4.6183,0,0,0.073684,0.052632,0.87368,0,0,1,0,0,0,0,0.98947,0.010526,0,0
0.28566,3.4726,13.743,15.908,9.9292,32.732,6.7713,9.3347,3.0901,3.0009,1.7327,13.729,5.8763,5.17,7.6781,7.7405,18.894,11.956,8.6913,7.2304,5.2359,7.7991,6.9813,4.7003,2.7645,5.8387,11.676,11.585,7.4252,8.6631,9.3451,16.62,14.401,0,0.15152,0.84848,0,0,0,0,1,0,0,0,0,0.15152,0.84848,0,0
0,2.4952,7.7554,10.298,11.425,43.38,7.4538,10.503,3.9943,2.0999,0.59595,10.024,7.9014,3.3426,5.2282,7.4223,29.456,9.5402,7.6355,6.7082,4.8517,7.8905,4.0644,4.7359,3.8997,7.4119,11.545,19.827,9.1442,6.6033,5.8935,15.279,11.596,0,0,0.040404,0.9596,0,0,0,1,0,0,0,0,1,0,0,0
0.17684,1.9427,7.9069,5.8216,13.113,51.191,6.5404,4.3115,7.0793,0.86412,1.0525,6.3887,3.7078,3.7054,9.7215,12.634,20.751,18.848,4.8345,6.354,5.8656,7.1892,3.266,5.375,4.897,4.6792,7.3446,30.968,15.014,5.11,6.865,6.4811,10,0.027778,0.47222,0.13889,0.36111,0,0,0,0.72222,0.27778,0,0,0.27778,0.72222,0,0,0
0,0,0,0,0,100,0,0,0,0,0,0,0,0,0,8.2393,77.049,12.299,2.4124,0,0,0,0,0,0,0,15.529,71.557,12.914,0,0,0,0,0,0,0,0.25581,0.74419,0,0,1,0,0,0,0,1,0,0,0
0,0.75466,7.1727,9.1049,22.545,47.215,3.9623,3.8539,1.799,3.0625,0.53026,6.5224,4.4514,0.22825,13.056,10.002,25.15,13.337,10.586,0.52373,3.8721,12.271,4.4494,3.0916,2.7233,0.78318,2.215,33.419,22.075,15.553,5.1646,3.6616,6.8646,0,0,0,0,1,0,0,1,0,0,0,0,1,0,0,0
0,0,0,2.8535,10.39,83.903,0,0,0,2.8535,0,5.0157,0,5.3747,0,22.943,54.114,7.5369,2.8535,2.1622,0,0,0,0,0,0,8.2282,42.341,34.025,9.6991,0,5.7069,0,0,0,0,0,1,0,0,1,0,0,0,0,1,0,0,0
0,0,0,0,0,100,0,0,0,0,0,0,0,0,0,4.4814,83.983,10.137,1.3991,0,0,0,0,0,0,0,20.524,71.744,5.2239,2.5075,0,0,0,0,0,0.93506,0.064935,0,0,0,1,0,0,0,0,1,0,0,0
0,0,0,0,0,100,0,0,0,0,0,0,0,0,0,3.8201,86.738,9.4421,0,0,0,0,0,0,0,0,2.9659,88.994,8.0398,0,0,0,0,0,0,0.92754,0.043478,0.028986,0,0,1,0,0,0,0,1,0,0,0
0,0,0.79494,0,50.849,48.356,0,0,0,0,0,0.79494,0,1.731,5.6076,33.119,30.589,13.872,12.556,1.731,0,0,0,0,0,0,1.731,28.675,30.221,31.098,8.2747,0,0,0,0,0.95833,0.041667,0,0,0,1,0,0,0,0,1,0,0,0
0,0,0.37036,0.37036,5.1636,94.096,0,0,0,0,0,0.37036,0,0,3.4004,6.2476,83.18,4.776,1.2845,0.37036,0,0.37036,0,0,0,0,1.6237,80.269,12.574,2.1335,3.03,0.37036,0,0,0,0.92424,0.075758,0,0,0,1,0,0,0,0,1,0,0,0
0,0.5707,0,0,0,97.081,0.61868,0,1.7298,0,0,0.88004,1.7298,0.5707,0,6.3502,83.68,6.7897,0,0,0,0,0,0,0.88004,0.88004,7.2315,80.389,8.6279,0.5707,0,1.4205,0,0,0,0.90769,0.092308,0,0,0,1,0,0,0,0,1,0,0,0
0,0.66932,0.51103,1.171,3.3719,67.959,9.2228,6.9805,8.6266,1.1056,0.38245,6.2881,3.9434,3.2482,3.3057,14.32,52.161,9.6515,1.2655,1.0395,1.4018,3.3758,2.7398,0.66932,5.8954,1.4607,19.859,48.219,4.2037,3.0521,0.62859,3.1767,10.096,0,0.2,0.74545,0.054545,0,0,0,1,0,0,0,0,1,0,0,0
3.911,9.501,5.676,2.6158,8.4938,42.595,10.294,5.157,8.27,3.4857,0,10.214,5.8109,7.3847,6.216,11.609,18.733,20.228,10.142,2.7507,2.5665,4.3454,7.4749,13.139,5.9387,7.2541,10.499,25.745,7.2069,4.2367,1.3549,3.8659,13.284,0,0.017241,0.98276,0,0,0,0,1,0,0,0,0,1,0,0,0
0,0.4957,2.7082,10.77,11.31,42.505,9.5465,5.3861,6.3435,9.4435,1.4909,13.059,4.7987,0.63444,10.575,9.8975,20.757,5.2237,6.8104,1.9052,8.1255,18.214,0.38148,3.2514,2.3267,0.99141,11.572,20.151,14.064,14.092,9.0431,10.047,14.08,0.022727,0.75,0.045455,0.022727,0.15909,0,0,1,0,0,0,0,1,0,0,0
0,0.36508,1.6025,7.3532,14.992,40.127,8.0834,10.385,7.807,7.6494,1.6352,12.966,5.9631,1.949,7.6791,14.187,22.625,6.2866,5.8521,2.9817,12.658,6.8525,0,5.1801,1.9211,1.4494,10.94,17.517,19.402,13.414,9.7535,8.8961,11.527,0.13793,0.2069,0.27586,0.31034,0.068966,0,0,1,0,0,0,0,1,0,0,0
6.3822,6.1075,12.484,8.7922,13.718,17.84,11.392,5.8119,6.1961,7.641,3.6347,9.642,8.0253,6.7537,9.9017,6.4189,11.23,8.028,8.3335,12.048,8.9287,10.691,9.7153,11.221,10.093,8.2385,4.4993,1.7749,6.9999,4.6901,13.734,12.411,16.623,0.47826,0.30435,0.17391,0.043478,0,0,0.086957,0.86957,0.043478,0,0,0,0.69565,0.30435,0,0
0.68163,2.9008,2.4218,5.573,14.448,30.886,23.387,14.998,3.5821,1.1216,0,1.9265,0.74201,13.072,11.097,13.144,17.32,16.416,11.743,9.0667,3.8496,1.6221,0.43999,8.8416,9.5755,17.843,13.5,12.552,13.272,7.7078,8.4005,2.914,4.9532,0,0,0,0.095238,0.90476,0,0,1,0,0,0,0,1,0,0,0
2.9134,3.3503,4.1867,14.48,15.314,36.258,13.448,4.8023,1.7252,2.0653,1.457,7.2711,4.3845,11.705,8.4971,11.744,15.217,13.799,8.4888,8.495,4.238,6.1601,2.9439,1.5409,4.9403,11.659,9.8758,13.441,15.237,12.354,14.769,4.9547,8.2851,0,0,0,0.95161,0.048387,0,0,1,0,0,0,0,1,0,0,0
3.7638,3.4585,13.673,10.833,16.841,22.858,7.9622,4.5385,4.881,7.4177,3.773,10.906,6.2431,4.8414,6.7859,8.6637,12.333,9.0904,9.9221,12.081,5.1983,13.935,7.7703,7.2815,7.0956,7.2899,5.0405,5.9165,8.2076,10.081,16.671,11.136,13.51,0.64286,0.35714,0,0,0,0,0,1,0,0,0,0.42857,0.57143,0,0,0
2.9797,4.7363,14.074,8.8108,9.1939,29.65,10.259,6.9099,5.6004,4.8883,2.898,6.2995,8.1855,6.6248,6.1866,7.8377,21.259,12.073,7.0168,6.2266,8.3679,9.9228,5.8915,10.363,5.9772,6.4039,7.3259,11.509,9.5415,6.0967,9.6479,10.419,16.825,0,0.21429,0.64286,0.14286,0,0,0,1,0,0,0,0,0.95238,0.047619,0,0
1.6474,8.0646,9.0895,5.2399,6.1798,34.935,7.039,3.3835,13.069,9.0989,2.2535,12.796,7.587,4.4995,5.3019,10.708,19.128,11.055,4.1572,6.3947,6.3696,12.004,3.7479,9.7098,6.4999,8.6592,4.984,14.164,12.767,12.045,9.8731,12.648,4.9019,0,0,0.11392,0.88608,0,0,0,1,0,0,0,0,1,0,0,0
1.2028,2.5204,9.6297,10.24,14.381,36.699,7.3283,8.266,4.9794,3.5739,1.1793,11.341,6.2664,4.9332,7.0107,10.368,22.6,11.919,9.0918,4.4222,4.7515,7.2965,9.1318,4.9168,4.8337,5.9554,7.3285,12.608,13.262,6.1285,9.8199,10.527,15.488,0,0.21053,0.78947,0,0,0,0,1,0,0,0,0,1,0,0,0
0,0,5.2816,1.1058,21.512,72.1,0,0,0,0,0,4.7769,0.50467,2.7542,9.8172,14.684,41.537,15.621,8.5978,0.60112,0,1.1058,0,0,0,0,0.50467,55.472,27.193,12.198,3.5263,1.1058,0,0,0,0.14286,0.35714,0.5,0,0,1,0,0,0,0,1,0,0,0
1.6297,2.9671,10.343,9.9092,9.6901,44.623,4.4566,4.8313,3.3515,5.6255,2.573,9.191,5.2498,4.1501,5.5156,14.253,24.832,9.9733,9.2706,4.7341,3.4997,9.3311,4.502,5.1028,3.2435,5.9868,10.703,13.113,16.79,6.2174,10.551,11.585,12.204,0,0,0.093023,0.87209,0.034884,0,0,1,0,0,0,0,0.97674,0.023256,0,0
0.2229,1.6782,12.727,13.461,14.619,35.709,7.873,6.432,2.584,0.93907,3.7556,6.5882,3.556,7.1823,6.526,13.497,11.765,15.277,5.6638,8.9921,8.5617,12.391,4.5362,9.272,5.8677,2.6132,9.1915,11.739,17.328,8.9955,10.968,8.3293,11.16,0.090361,0.42169,0.38554,0,0.10241,0,0,0.98795,0.012048,0,0,0,0.6506,0.3494,0,0
0.5045,2.5527,10.63,11.031,11.588,45.544,4.3519,7.952,3.3402,2.0441,0.46142,7.8889,6.9924,4.5379,6.5015,7.924,30.324,11.812,5.9548,5.5729,6.7174,5.7738,4.8288,2.8485,4.2214,3.3609,14.149,16.131,14.57,8.7828,11.271,10.613,9.2229,0.053097,0.088496,0.17699,0.68142,0,0,0,1,0,0,0,0,1,0,0,0
0,3.6256,19.974,1.8433,0.25153,23.914,34.217,1.7654,11.478,2.9306,0,6.6101,7.1086,4.0466,4.5133,11.333,45.182,9.9145,0,4.7128,3.6199,2.9599,7.655,8.8634,5.8807,28.636,9.1953,14.005,11.95,0.57069,0.25153,10.367,2.6249,0,0,0,0.035088,0.96491,0,0,1,0,0,0,0,1,0,0,0
0,5.4353,10.441,4.9166,15.736,53.827,2.4504,0.41833,5.2603,0.41833,1.0956,1.3436,2.8609,9.1546,4.829,12.032,46.396,11.54,1.1247,6.9357,2.6874,1.0956,6.6293,8.9735,1.6285,0.5479,0.5479,30.981,29.763,3.6743,10.48,6.3559,0.41833,0.17241,0,0.27586,0.13793,0.41379,0,0,1,0,0,0,0,1,0,0,0
6.4518,3.0497,9.2915,9.4199,4.3183,22.939,24.703,0.31631,16.06,3.4511,0,18.496,26.811,1.6561,4.9708,4.0338,18.381,4.6346,2.2295,15.075,3.3945,0.31631,0,5.9744,5.5466,3.1533,13.706,10.066,10.357,0.31631,13.842,15.276,21.762,0,0,0,0.6875,0.3125,0,0,1,0,0,0,0,1,0,0,0
13.852,0.96683,14.242,9.4315,11.756,12.618,12.885,0,22.316,1.9337,0,24.412,33.267,0,11.918,11.527,10.36,2.3243,0.96683,3.2912,1.9337,0,0,11.756,3.4533,10.789,17.238,5.7776,5.549,0,20.959,22.154,2.3243,0,0,0,1,0,0,0,1,0,0,0,0,1,0,0,0
0,0,0,0,1.7262,98.274,0,0,0,0,0,0,0,0,0.5803,4.168,85.002,8.2578,1.9916,0,0,0,0,0,0,0,18.059,73.413,4.0661,4.4627,0,0,0,0,0,0.9322,0.067797,0,0,0,1,0,0,0,0,1,0,0,0
0.57491,1.4613,20.945,0.4034,6.0173,55.275,4.1996,0,8.171,0,2.952,10.927,2.952,2.887,4.1046,9.1735,29.387,18.445,7.129,6.7886,1.0603,7.1459,4.943,7.8856,7.4825,7.421,20.912,21.511,16.669,3.9784,2.201,4.3238,2.6725,0,0.033333,0,0.4,0.56667,0,0,1,0,0,0,0,1,0,0,0
2.8085,3.9201,13.548,8.9384,6.9502,30.627,12.573,8.2096,7.6405,3.9529,0.83235,6.1023,12.474,11.707,6.2821,6.4993,23.272,12.751,6.3859,4.7588,5.8641,3.9026,10.895,15.66,3.8671,5.8717,7.3672,12.282,10.522,4.6973,5.2784,11.073,12.486,0,0,0.0098039,0.58824,0.40196,0,0,1,0,0,0,0,1,0,0,0
0,5.1082,7.8642,4.3384,7.4562,39.084,13.37,10.629,8.662,3.1309,0.35631,15.085,9.4226,4.9886,9.802,13.348,20.236,10.653,5.0997,3.0756,6.9647,1.3231,8.0849,5.4067,10.456,4.1035,18.412,19.782,6.4113,2.3352,7.2845,6.5421,11.182,0,0.26316,0.052632,0.15789,0.52632,0,0,1,0,0,0,0,1,0,0,0
0,0.25771,19.485,15.994,17.21,38.185,0,0,8.8685,0,0,5.0307,2.5555,2.0378,15.227,5.5079,12.956,19.451,5.532,4.8205,5.3268,21.555,11.923,4.0594,0,1.0074,2.5555,24.263,13.907,12.149,12.168,12.658,5.3101,0,0,0,0,1,0,0,1,0,0,0,0,1,0,0,0
0,2.9009,12.27,13.753,7.0026,42.894,4.173,2.9848,11.58,2.1118,0.32992,14.001,3.9465,0.1684,9.9149,7.8218,26.558,8.4358,5.1977,1.2751,4.0749,18.607,4.0944,2.8776,7.869,5.2794,3.828,29.716,15.057,3.9571,9.2709,6.0495,12.001,0,0,0,0.25,0.75,0,0,1,0,0,0,0,1,0,0,0
0,18.724,3.811,22.216,15.304,19.396,1.5275,15.288,3.018,0.71585,0,39.681,5.7871,0.34758,5.6727,13.108,6.0241,1.3365,2.7281,0.61648,2.1935,22.505,15.842,28.38,10.989,12.641,1.7713,0.28261,8.4221,10.313,5.9188,2.3039,3.1366,0,0.23333,0.73333,0.033333,0,0,0,1,0,0,0,0,1,0,0,0
0.75776,3.0346,6.0248,2.3707,4.4055,68.174,8.0909,4.6156,2.2532,0.27276,0,7.7687,3.2468,7.0711,4.7464,17.961,33.506,15.642,3.1491,1.3777,1.7571,3.7741,9.8376,1.2983,6.381,5.9461,15.858,20.148,24.78,3.9791,0.62712,5.4947,5.6504,0,0.24793,0.72727,0.024793,0,0,0,1,0,0,0,0,1,0,0,0
0.36738,5.4378,11.648,11.287,13.343,28.065,10.414,9.8909,6.7117,1.9971,0.8392,18.416,9.5345,5.4807,7.0597,14.029,11.315,7.9159,5.4387,10.751,4.6982,5.361,15.389,9.1801,8.8029,6.7045,7.9694,8.9724,8.0367,4.2924,6.7307,9.1011,14.821,0.016393,0.4918,0.4918,0,0,0,0,0.7541,0.2459,0,0,0,0.44262,0.55738,0,0
1.0972,2.1806,10.396,5.4606,8.1888,32.061,14.399,12.327,9.9129,1.2815,2.6954,20.152,5.0188,2.3961,7.9551,10.053,4.6131,16.921,5.1429,6.3242,9.0352,12.389,21.615,14.352,6.0091,11.613,5.8204,2.317,3.4754,2.8746,9.9257,9.6441,12.354,0.0077519,0.29457,0.68992,0.0077519,0,0,0,0.16279,0.83721,0,0,0,0.054264,0.94574,0,0
1.1824,1.8826,21.633,6.2516,9.5677,30.251,9.3287,9.459,5.8746,1.1192,3.45,18.794,6.4968,4.1595,6.3175,11.185,6.2026,10.314,2.9026,12.182,8.9784,12.467,18.488,14.19,5.3791,9.9827,7.2951,2.8215,5.507,5.6806,6.0933,16.996,7.5669,0,0.0625,0.84375,0.09375,0,0,0,0.21875,0.78125,0,0,0,0.03125,0.96875,0,0
2.8921,0.68047,11.832,4.9804,11.686,38.448,12.075,7.7086,3.0156,0,6.6807,15.274,4.9916,4.8504,6.1457,7.4764,5.7057,10.413,5.3411,10.527,9.1222,20.153,15.359,12.189,7.2164,8.4077,7.0627,6.7084,7.1463,4.8948,5.5564,11.432,14.028,0.18644,0.81356,0,0,0,0,0,1,0,0,0,0.77966,0.22034,0,0,0
3.8291,1.0249,11.117,5.6367,13.495,38.647,10.788,6.3502,4.6795,0,4.4327,7.9775,4.518,5.215,3.455,5.7451,4.4944,13.743,6.6085,9.1004,14.201,24.942,13.683,11.728,6.5054,8.9759,7.4523,5.4046,8.8633,6.8536,5.7945,11.25,13.49,0.028777,0.73381,0.23741,0,0,0,0,0.46043,0.53957,0,0,0,0.32374,0.67626,0,0
0.16242,0.56404,24.958,6.997,7.9193,26.461,13.383,4.0253,8.711,0,6.8183,22.104,7.7294,1.1859,5.4317,8.4995,9.2695,10.689,1.5037,15.078,8.3094,10.2,16.301,17.688,9.3703,5.2489,3.7086,8.4506,5.1434,2.2595,7.3896,12.6,11.841,0.18519,0.7963,0.018519,0,0,0,0,0.92593,0.074074,0,0,0.64815,0.35185,0,0,0
6.104,5.7257,10.974,9.9036,13.776,20.903,11.911,7.4885,4.6342,4.4644,4.1149,8.3558,6.8687,8.432,8.5652,7.3216,9.9339,9.9947,7.6766,10.821,10.79,11.241,9.039,11.448,9.8416,9.0984,6.3705,1.7945,7.0933,7.9357,12.519,11.231,13.629,0.3617,0.46809,0.17021,0,0,0,0,0.93617,0.06383,0,0,0.93617,0.06383,0,0,0
1.0324,3.1583,11.398,6.8963,10.526,35.319,7.5694,4.8022,9.517,7.0917,2.6894,6.503,6.9214,5.4254,7.4948,11.065,18.743,14.434,7.3497,6.8148,5.9077,9.341,6.973,7.1059,3.3166,3.3489,8.6407,12.736,13.902,5.9964,7.5208,12.99,17.469,0,0,0.14815,0.85185,0,0,0,1,0,0,0,0,1,0,0,0
0.14769,1.5864,5.3272,9.8412,10.641,47.368,11.039,7.4443,3.1462,3.0977,0.36221,7.5654,3.325,5.3858,1.8969,18.711,23.803,8.0722,3.2247,9.1596,5.5059,13.351,1.5516,4.8347,6.1615,7.7931,13.056,12.978,23.48,6.0651,7.3152,8.1794,8.5856,0,0.75,0.25,0,0,0,0,1,0,0,0,0,1,0,0,0
0,1.1789,3.8053,5.2102,6.5348,64.369,7.9723,7.1662,2.4233,1.1369,0.20349,6.0358,2.5394,3.0825,6.5817,15.9,37.948,8.5102,6.0781,4.4184,1.3759,7.5307,2.5077,5.2236,4.4359,4.3245,19.617,25.076,18.978,6.3753,4.0826,4.7173,4.6627,0,0.14286,0.57143,0.28571,0,0,0,1,0,0,0,0,1,0,0,0
0.38422,7.8176,12.197,3.3847,2.1161,49.302,3.3707,3.4591,12.262,5.4838,0.22297,10.479,4.5006,5.2086,1.1602,15.187,32.453,8.8797,3.7191,2.811,5.5868,10.015,6.2185,10.668,6.0305,4.6082,7.1802,34.451,9.8847,4.2265,5.8091,6.0859,4.8379,0,0,0.28571,0.095238,0.61905,0,0,1,0,0,0,0,1,0,0,0
0.67834,3.5488,11.442,8.9079,12.633,44.351,5.9096,6.0535,5.1383,0.75632,0.58091,9.083,4.942,5.5883,4.4767,11.545,26.569,12.102,10.022,5.5752,4.0908,6.0051,4.3274,4.423,4.9242,5.5799,6.6861,25.075,10.33,6.1301,7.3266,9.1363,16.062,0,0,0,1,0,0,0,1,0,0,0,0,1,0,0,0
0,5.1783,10.284,7.9594,10.249,35.407,13.875,8.4308,6.8537,1.0762,0.68633,14.703,6.223,5.1988,9.1996,10.612,18.958,10.412,10.463,6.0506,4.682,3.4975,9.4033,8.0333,7.1537,3.7588,7.4889,19.245,8.8464,3.6188,4.099,8.8405,19.512,0.058824,0.61765,0.32353,0,0,0,0,1,0,0,0,0,1,0,0,0
0.60617,4.4374,15.461,11.011,12.998,22.497,12.399,10.756,4.7714,1.6303,3.4333,16.073,6.6425,4.5884,7.6845,9.6374,11.38,10.59,10.4,6.358,6.7017,9.945,11.743,11.939,6.4176,5.9883,7.7971,5.3332,7.7277,7.0349,7.3101,15.231,13.478,0,0.028302,0.056604,0.90566,0.009434,0,0,0.98113,0.018868,0,0,0.009434,0,0.99057,0,0
0.62069,2.2735,10.947,7.3772,10.756,43.991,6.6683,3.9729,11.114,1.8755,0.40434,7.484,5.3197,7.7456,6.5867,11.014,21.374,15.395,7.4709,8.1171,2.9044,6.5884,5.2296,6.3101,4.6984,3.1898,5.7844,23.377,12.403,6.5282,4.4799,7.6465,20.353,0,0,0,0.83654,0.16346,0,0,1,0,0,0,0,1,0,0,0
0.88564,2.4635,10.765,12.579,10.815,45.373,4.1848,3.7637,5.0048,2.541,1.6258,9.7914,3.8419,4.343,5.9645,13.766,26.631,10.772,8.0466,4.9636,5.2493,6.6306,4.4847,3.9761,3.7187,3.9858,8.6091,21.356,13.749,4.4429,7.9801,13.071,14.626,0,0.022222,0.044444,0.87778,0.055556,0,0,1,0,0,0,0,1,0,0,0
0.18363,4.6903,13.198,14.907,8.7865,38.908,6.6883,6.0148,3.9402,0.86217,1.8209,11.883,4.3142,4.4599,6.08,12.128,24.566,10.271,8.3509,5.6353,4.3025,8.0089,7.3047,5.0021,3.8696,5.1184,7.6481,20.693,8.916,5.7937,9.8748,12.148,13.632,0,0,0.31461,0.68539,0,0,0,1,0,0,0,0,0.59551,0.40449,0,0
0,3.6043,10.647,13.576,12.439,41.637,6.3152,5.9362,2.7237,1.7751,1.347,12.641,4.6188,5.3745,7.6544,9.6909,23.582,11.935,10.178,3.7503,4.7936,5.7825,4.7515,3.6808,2.453,5.729,11.603,14.178,12.688,8.3914,9.3498,15.465,11.711,0,0.010753,0.043011,0.91398,0.032258,0,0,1,0,0,0,0,1,0,0,0
0,2.807,9.0622,11.949,12.813,41.251,8.3686,7.5676,2.2641,2.0663,1.8502,12.386,3.3296,5.6862,8.9805,10.871,22.89,12.092,10.324,4.3895,3.4714,5.5804,3.7751,5.3005,1.5782,6.9009,10.888,13.185,13.061,12.464,9.6905,13.258,9.8987,0,0,0.02381,0.92857,0.047619,0,0,1,0,0,0,0,1,0,0,0
0.14228,5.6064,17.004,11.531,11.232,30.176,8.1482,6.6556,3.9382,3.2873,2.2779,13.454,5.5336,6.3921,6.4346,8.7905,18.28,11.114,8.8883,4.5585,7.8249,8.7291,6.3715,6.165,4.8719,5.5482,10.978,10.062,8.9722,9.6122,10.057,14.496,12.865,0,0.053763,0.29032,0.58065,0.075269,0,0,1,0,0,0,0,1,0,0,0
0,2.2797,8.8854,6.9474,6.8349,53.975,4.6903,7.6989,4.5107,3.5749,0.6029,10.316,4.8883,3.1977,7.9445,11.436,28.354,15.666,5.8543,2.8755,3.6923,5.775,3.7191,2.4504,3.2114,2.9414,19.027,22.143,11.222,8.9193,7.3595,10.2,8.8062,0,0.25,0.33333,0.41667,0,0,0,1,0,0,0,0,1,0,0,0
0,4.0769,2.4363,3.511,10.064,37.624,16.481,10.138,9.1674,3.7156,2.7857,13.168,9.1057,5.6644,4.7018,14.748,19.969,15.172,4.1618,4.461,7.6893,1.1594,5.3921,4.0144,9.7927,5.8428,14.024,18.496,10.67,3.7642,2.4088,11.276,14.319,0.40625,0.25,0,0.125,0.21875,0,0,1,0,0,0,0,1,0,0,0
0,1.2344,3.5522,4.3511,16.413,43.494,9.3758,7.755,9.3816,3.6853,0.75751,10.213,6.1158,2.769,8.7943,14.929,19.036,15.706,3.2954,5.5293,8.8679,4.7447,1.2344,3.5954,4.4391,3.8043,10.858,20.966,21.429,7.862,7.5266,6.8542,11.43,0,0,0,0.84783,0.15217,0,0,1,0,0,0,0,1,0,0,0
1.3797,0,6.8561,1.5196,5.5559,76.815,1.9272,2.5293,3.4168,0,0,3.04,3.9997,5.2399,0.95438,17.625,36.579,23.475,2.9369,0,0.95438,5.1957,1.0951,1.5749,5.1227,1.5926,19.036,48.795,11.161,0.56524,7.5009,3.5567,0,0.15385,0.28846,0.34615,0.13462,0.076923,0,0,1,0,0,0,0,1,0,0,0
0,2.3275,18.134,4.0855,4.3689,56.81,5.5911,0.4624,5.4357,0.4624,2.3219,1.5861,6.1076,2.0221,1.8864,14.306,45.379,16.994,1.2627,4.7152,3.4192,2.3219,9.6991,10.295,4.187,0.93608,0.93608,28.59,27.877,1.785,7.4748,7.7576,0.4624,0,0,0,0,1,0,0,1,0,0,0,0,1,0,0,0
