h1,h2,h3,h4,h5,h6,h7,h8,h9,h10,h11,h12,h13,h14,h15,h16,h17,h18,h19,h20,h21,h22,h23,h24,h25,h26,h27,h28,h29,h30,h31,h32,h33,h34,h35,h36,h37,h38,h39,h40,h41,h42,h43,h44,h45,h46,h47,h48,label
0,0,0,0,0,100,0,0,0,0,0,0,0,0,0,25.195,70.351,4.4547,0,0,0,0,0,0,0,0,14.482,80.188,5.3296,0,0,0,0,0,0,0,0.14815,0.85185,0,0,1,0,0,0,0,1,0,0,0
0,0,0,0,0,100,0,0,0,0,0,0,0,0,0,16.817,76.992,6.1915,0,0,0,0,0,0,0,0,19.163,76.053,4.7842,0,0,0,0,0,0,0.80556,0.13889,0.055556,0,0,1,0,0,0,0,1,0,0,0
0,0,0,0,0,100,0,0,0,0,0,0,0,0,0,10.218,86.98,2.8029,0,0,0,0,0,0,0,0,12.016,86.48,1.5038,0,0,0,0,0,0,1,0,0,0,0,1,0,0,0,0,1,0,0,0
0,0,0,0,0,100,0,0,0,0,0,0,0,0,0,20.664,71.678,7.6582,0,0,0,0,0,0,0,0,18.47,75.209,6.321,0,0,0,0,0,0,1,0,0,0,0,1,0,0,0,0,1,0,0,0
0,0,0,0,0,100,0,0,0,0,0,0,0,0,0,26.784,64.973,8.2432,0,0,0,0,0,0,0,0,27.913,69.644,2.4433,0,0,0,0,0,0,1,0,0,0,0,1,0,0,0,0,1,0,0,0
0,0,0,0,0,100,0,0,0,0,0,0,0,0,0,8.1112,83.237,8.6515,0,0,0,0,0,0,0,0,20.078,79.922,0,0,0,0,0,0,0,1,0,0,0,0,1,0,0,0,0,1,0,0,0
0,0,0,0,0,100,0,0,0,0,0,0,0,0,0,11.999,81.824,6.1772,0,0,0,0,0,0,0,0,20.325,77.288,2.3876,0,0,0,0,0,0,1,0,0,0,0,1,0,0,0,0,1,0,0,0
0,0,0,0,0,100,0,0,0,0,0,0,0,0,0,2.8279,94.141,3.0314,0,0,0,0,0,0,0,0,15.569,84.088,0.34309,0,0,0,0,0,0,1,0,0,0,0,1,0,0,0,0,1,0,0,0
0,0,0,0,0,100,0,0,0,0,0,0,0,0,0,1.8813,91.271,6.8477,0,0,0,0,0,0,0,0,10.162,86.774,3.064,0,0,0,0,0,0,0.98276,0.017241,0,0,0,1,0,0,0,0,1,0,0,0
0,0,0,0,0.81828,98.363,0,0,0,0.81828,0,0,0,0.81828,0.81828,0.81828,89.435,8.1106,0,0,0,0,0,0,0,0,11.409,81.703,4.4337,2.4548,0,0,0,0,0,1,0,0,0,0,1,0,0,0,0,1,0,0,0
0,0,0,0,0,100,0,0,0,0,0,0,0,0,0,23.141,67.149,9.7098,0,0,0,0,0,0,0,0,13.973,67.41,17.723,0.89358,0,0,0,0,0,0.24138,0.17241,0.58621,0,0,1,0,0,0,0,1,0,0,0
0,0,0,0,0,100,0,0,0,0,0,0,0,0,0,21.787,62.956,15.258,0,0,0,0,0,0,0,0,15.991,65.551,15.518,2.9406,0,0,0,0,0,0.071429,0.39286,0.53571,0,0,1,0,0,0,0,1,0,0,0
0,0,0,0,0,100,0,0,0,0,0,0,0,0,0,20.967,64.045,14.988,0,0,0,0,0,0,0,0,11.87,68.155,17.52,2.4551,0,0,0,0,0,0.057143,0.4,0.54286,0,0,1,0,0,0,0,1,0,0,0
0,0,0,0,0,100,0,0,0,0,0,0,0,0,0,14.022,79.13,6.8474,0,0,0,0,0,0,0,0,13.919,77.018,8.7257,0.33774,0,0,0,0,0,1,0,0,0,0,1,0,0,0,0,1,0,0,0
0,0,0,0,0,100,0,0,0,0,0,0,0,0,0,20.155,65.517,14.328,0,0,0,0,0,0,0,0,11.313,65.233,20.876,2.5776,0,0,0,0,0,1,0,0,0,0,1,0,0,0,0,1,0,0,0
0,0,0,0,0,100,0,0,0,0,0,0,0,0,0,13.456,75.549,10.994,0,0,0,0,0,0,0,0,8.0679,71.808,16.925,3.1985,0,0,0,0,0,0.078947,0.13158,0.78947,0,0,1,0,0,0,0,1,0,0,0
0,0,0,0,0,100,0,0,0,0,0,0,0,0,0,1.6129,95.458,2.9294,0,0,0,0,0,0,0,0,23.49,69.483,7.0272,0,0,0,0,0,0,0,0.052632,0.94737,0,0,1,0,0,0,0,1,0,0,0
0,0,0,0,0,100,0,0,0,0,0,0,0,0,0,9.5758,78.917,11.507,0,0,0,0,0,0,0,0,17.227,70.235,9.8773,2.6604,0,0,0,0,0,1,0,0,0,0,1,0,0,0,0,1,0,0,0
0,0,0,0,0,100,0,0,0,0,0,0,0,0,0,3.5665,94.266,2.1675,0,0,0,0,0,0,0,0,5.8737,86.945,7.181,0,0,0,0,0,0,1,0,0,0,0,1,0,0,0,0,1,0,0,0
0,0,0,0,0,99.308,0,0.34582,0.34582,0,0,0,0,0,0.34582,4.8174,92.15,2.3414,0,0,0.34582,0,0,0,0,0,13.165,82.048,4.095,0,0,0,0.69164,0,0,0.91954,0.08046,0,0,0,1,0,0,0,0,1,0,0,0
0,0,0,0,0,99.409,0.59107,0,0,0,0,0,0,0,0.59107,3.4242,91.752,4.2328,0,0,0,0,0,0,0,0,11.225,84.709,4.0663,0,0,0,0,0,0,1,0,0,0,0,1,0,0,0,0,1,0,0,0
1.3899,0,0.55847,0.80491,0.87049,86.029,3.4786,2.7189,2.9704,0.31202,0.86729,2.7877,4.4581,3.0137,2.0171,8.6844,71.112,5.5945,0.24644,0.55847,0.9034,0.62405,0.31202,1.3806,2.4739,4.0823,9.5518,73.624,2.2447,0.31202,2.8515,1.4258,1.7412,0,0,0.93846,0.061538,0,0,0,1,0,0,0,0,1,0,0,0
0,0,0,0,0,98.973,1.027,0,0,0,0,0,0,0,1.027,5.376,87.943,5.6545,0,0,0,0,0,0,0,0,14.55,79.517,5.4698,0.46385,0,0,0,0,0,1,0,0,0,0,1,0,0,0,0,1,0,0,0
0,0,0,0,0.97433,96.101,1.9505,0,0,0.97433,0,0,0,0.97433,2.9249,2.9249,89.561,3.6153,0,0,0,0,0,0,0,0,8.6943,86.722,1.6607,2.923,0,0,0,0,0,0.97,0.03,0,0,0,1,0,0,0,0,1,0,0,0
1.2713,0,0,0,1.6896,92.001,3.9841,0,0,1.0539,0,0.63566,0.63566,1.0539,4.4023,7.9383,79.567,5.1317,0.63566,0,0,0,0,0,0,0.63566,20.892,71.744,2.2955,3.7974,0.63566,0,0,0,0,1,0,0,0,0,1,0,0,0,0,1,0,0,0
0,0,0.30399,0,3.3206,96.121,0,0,0.25432,0,0,0.25432,0.25432,0.30399,0.30399,3.3631,93.527,1.9928,0,0,0,0,0,0,0,0.25432,1.2824,92.768,2.3113,0.70533,2.375,0,0.30399,0,0,0.90196,0.098039,0,0,0,1,0,0,0,0,1,0,0,0
0,0,0,0,0,99.342,0,0.32881,0.32881,0,0,0,0,0,0.32881,8.8019,85.111,5.4294,0,0,0.32881,0,0,0,0,0,16.045,79.46,3.8369,0,0,0,0.65761,0,0,1,0,0,0,0,1,0,0,0,0,1,0,0,0
0,0,0,0,0,97.301,0,1.1929,1.506,0,0,0.31308,0.31308,0,1.1929,9.1621,82.696,5.1297,0,0,1.1929,0,0,0,0,0.31308,17.438,78.918,0.63205,0,0.31308,0,2.3858,0,0,1,0,0,0,0,1,0,0,0,0,1,0,0,0
0,0,0,0,0,95.148,2.5698,0.77787,0.34353,1.1611,0,0,0.43434,0,4.8012,7.1001,80.042,7.2791,0,0,0.34353,0,0,0,0.43434,0,26.445,68.059,3.2131,0,1.1611,0,0.68706,0,0,0.95455,0.045455,0,0,0,1,0,0,0,0,1,0,0,0
0,0,0,0,0.39254,99.112,0,0,0.49595,0,0,0.49595,0.49595,0,0,3.8267,92.213,2.9686,0,0,0,0,0,0,0,0.49595,2.2134,96.01,0.39254,0,0.88849,0,0,0,0,0.86792,0.13208,0,0,0,1,0,0,0,0,1,0,0,0
0,0.68797,0,0.68797,0.68797,89.8,1.297,2.2116,1.7868,2.5104,0.33044,0,1.4161,0.33044,8.3676,10.504,67.292,9.2573,0,0,2.1443,0.68797,0,0.68797,1.4432,0.33044,23.998,61.729,4.0208,0.68797,2.4833,0.33044,4.2886,0,0,0.97561,0.02439,0,0,0,1,0,0,0,0,1,0,0,0
0.42777,0.63795,0.42777,2.5416,1.9855,84.407,1.3475,2.4139,3.2501,1.6232,0.93803,4.3441,4.2706,1.8578,4.3945,10.278,62.562,7.831,0,0.42777,1.5577,2.4774,0.91974,3.4613,2.4957,2.8865,18.791,58.381,3.0714,1.0657,4.3819,2.3497,2.1956,0,0,0.95181,0.048193,0,0,0,1,0,0,0,0,1,0,0,0
0,0.76146,0,0,0,96.511,0,0,1.4742,1.2529,0,0.49141,0,0.49141,0.49141,1.7443,80.856,14.181,0.76146,0.49141,0.49141,0,0,0,0,0.76146,16.501,69.66,10.35,0,0.49141,2.2357,0,0,0.016393,0.88525,0.098361,0,0,0,1,0,0,0,0,1,0,0,0
0.71373,1.7781,0,0,3.1545,90.745,0,0,1.1484,2.4605,0,1.0965,0,1.3961,2.1098,3.557,75.781,13.515,1.0644,0.38282,1.0965,0,0,0,1.4275,1.0644,11.157,68.721,9.8534,3.7536,1.0965,2.9266,0,0,0.064103,0.9359,0,0,0,0,1,0,0,0,0,1,0,0,0
2.344,1.5078,12.656,1.1208,2.5455,63.694,1.2623,0,4.0349,5.4692,5.3651,10.055,3.3381,0.96524,3.279,13.753,42.103,12.825,1.7176,5.5367,5.4398,0.98794,3.0632,5.9757,3.3781,4.6999,17.008,33.429,18.218,4.5702,4.2918,4.9509,0.416,0,0.04,0.88,0.08,0,0,0,1,0,0,0,0,1,0,0,0
4.4379,1.8297,6.0282,1.8735,4.1657,67.047,1.6935,0,4.9837,5.3902,2.5509,6.0214,2.1671,3.1916,5.6631,10.816,45.413,15.34,0.78033,3.4857,5.4283,1.6935,2.5572,3.93,4.4203,3.7262,19.288,36.289,13.276,4.533,3.9202,7.2816,0.77878,0,0.068493,0.93151,0,0,0,0,1,0,0,0,0,1,0,0,0
0.67146,0,17.325,1.0453,3.8315,54.101,5.0881,0,5.527,4.2031,8.2074,16.736,3.998,3.8537,4.0123,15.66,26.063,14.358,1.1447,8.2937,5.5445,0.33573,3.4782,4.7212,3.3626,10.826,19.706,29.073,15.695,3.6794,4.1175,5.3408,0,0,0,0,0.34783,0.65217,0,0,1,0,0,0,0,1,0,0,0
3.828,0.29563,15.525,2.6702,5.45,47.361,2.0757,0,7.0374,10.49,5.267,10.157,4.9361,1.7428,8.4988,19.092,22.615,10.904,1.1453,9.355,9.72,1.8346,4.4927,6.4544,3.9096,5.5653,13.237,18.418,23.049,5.9009,8.9181,9.365,0.69085,0.10256,0.89744,0,0,0,0,0,1,0,0,0,0,1,0,0,0
7.1406,2.8808,0,1.1155,5.9912,72.573,9.2296,0,0,1.0697,0,4.197,2.3859,1.9216,7.694,8.3752,58.977,9.6639,3.8586,0,2.3688,0.55773,1.1155,0.96078,4.0252,4.8194,26.611,47.846,6.1361,4.0423,2.6785,1.7653,0,0,0,0.97619,0.02381,0,0,0,1,0,0,0,0,1,0,0,0
10.5,4.7692,0,2.9048,7.5412,49.509,16.192,3.7113,1.8608,2.4631,0.54862,5.4486,8.6618,8.6294,11.09,9.4637,32.373,10.584,7.0309,0.61215,3.6206,2.4861,2.2926,5.4992,9.1878,11.957,22.007,29.94,4.4046,8.932,1.3794,1.928,2.4729,0.32895,0.23684,0.43421,0,0,0,0,0.86842,0.13158,0,0,0.28947,0.71053,0,0,0
11.699,5.5743,3.1688,4.472,2.9791,52.914,8.2548,1.4089,2.2844,5.8532,1.3918,5.4884,6.6319,7.4443,6.8548,11.097,34.518,12.553,6.0604,0.65872,4.5875,4.1056,4.5636,5.7344,5.99,12.013,17.479,28.853,10.243,6.6862,1.9561,4.8719,1.6096,0,0.041096,0.93151,0.027397,0,0,0,1,0,0,0,0,1,0,0,0
14.385,6.9799,6.0121,4.5313,4.5367,27.452,18.143,5.0043,6.9598,4.1772,1.8192,5.4496,14.794,9.6285,14.622,6.7444,13.303,8.2549,10.547,2.6475,6.6973,7.3123,5.371,15.195,10.685,15.693,14.775,11.033,5.2482,7.2349,2.5631,7.1589,5.0429,0.125,0.80556,0.055556,0,0.013889,0,0,0.81944,0.18056,0,0,0.30556,0.69444,0,0,0
4.9891,2.9124,0.37536,1.1551,5.1009,63.645,13.35,2.6222,3.3543,2.4949,0,2.8068,4.9626,3.0637,13.072,10.462,43.101,12.117,5.9181,2.0603,1.8872,0.54916,0.30295,3.982,4.9162,7.5368,30.702,31.827,7.8434,3.4159,3.0331,2.0603,4.3802,0,0,1,0,0,0,0,1,0,0,0,0,1,0,0,0
2.9777,4.5526,4.3467,5.1152,6.0965,47.34,8.466,8.2153,6.8759,3.7225,2.2912,11.486,9.5499,5.2895,9.8768,7.3808,33.882,7.4961,0.33596,5.8122,4.582,4.3085,3.3595,10.517,9.3357,9.7279,16.061,21.4,7.8377,0.92362,7.5395,7.4895,5.8082,0,0.29907,0.6729,0.028037,0,0,0,1,0,0,0,0,1,0,0,0
7.8031,5.913,3.4053,2.6888,7.3632,35.42,20.414,7.1351,8.5584,0.91568,0.38375,6.1093,10.731,9.6714,12.966,5.4042,22.996,14.29,8.3619,4.82,2.9669,1.6832,3.1854,10.794,8.2585,14.532,16.203,14.574,12.238,5.4342,2.1375,6.1917,6.4526,0,0.1625,0.8375,0,0,0,0,1,0,0,0,0,1,0,0,0
6.1088,5.5859,4.4174,1.4684,3.8716,43.635,11.959,8.1947,10.256,3.2507,1.2519,4.9983,7.6397,4.6482,15.352,2.8823,27.06,15.562,9.8555,4.4279,6.105,1.4684,1.2414,11.786,9.882,7.9416,20.07,18.343,11.568,2.3199,2.0927,3.7967,10.958,0,0.0098039,0.93137,0.058824,0,0,0,1,0,0,0,0,1,0,0,0
2.8478,1.1069,12.593,5.2856,7.9587,40.646,2.4653,0.17142,4.6392,14.518,7.7682,8.7684,3.0745,2.6177,6.5482,13.693,27.115,10.905,2.1206,14.664,8.714,1.7796,2.7813,9.3851,3.9115,4.4203,16.17,17.58,12.65,11.648,7.0599,12.189,2.2047,0.027778,0.55556,0.33333,0.027778,0.055556,0,0,1,0,0,0,0,1,0,0,0
2.9894,6.9965,16.277,6.1914,4.3904,27.489,14.517,6.9652,11.367,2.3351,0.48242,3.5602,16.572,8.3001,12.977,3.2537,17.53,11.392,6.1476,7.6385,8.0964,4.5318,11.501,18.58,4.6797,11.488,6.3003,13.969,7.7965,5.7251,3.1586,6.5118,10.29,0,0,0.055046,0.70642,0.23853,0,0,1,0,0,0,0,1,0,0,0
1.778,3.6504,8.2275,2.9833,16.901,35.317,5.3347,3.8346,19.452,2.5217,0,3.6195,5.8308,4.5782,20.821,2.7048,23.001,14.462,10.297,7.8336,2.7368,4.1156,3.5115,11.427,1.778,3.6956,3.4171,21.728,11.453,13.215,3.7526,13.671,12.352,0,0,0,0.66418,0.33582,0,0,1,0,0,0,0,1,0,0,0
2.8171,3.7968,11.058,8.7937,14.517,44.063,1.2795,2.5591,11.115,0,0,4.3547,4.0548,6.4551,6.4404,4.1811,24.892,16.833,16.256,10.636,4.9176,0.97974,6.1553,8.9995,4.3547,1.2795,1.2795,30.179,14.991,8.1097,3.638,11.179,9.8351,0,0.085106,0.34043,0.46809,0.10638,0,0,1,0,0,0,0,1,0,0,0
0,5.3017,7.7124,2.2927,4.4177,9.7059,22.998,22.123,13.556,10.311,1.5809,2.5931,0,3.1225,10.794,25.842,19.785,25.337,7.761,1.1776,3.0822,0.50611,0,23.568,19.246,16.986,4.5159,0.60898,3.3429,8.6704,10.999,7.8431,4.2195,0,0,0,0,1,0,0,1,0,0,0,0,1,0,0,0
0,4.9379,8.8745,6.7616,5.4153,8.6506,21.211,19.951,12.021,10.723,1.4534,1.8358,0.72417,5.1451,8.171,25.2,18.719,23.892,7.3876,2.7347,4.8176,1.3735,0,24.311,17.917,13.415,4.425,2.388,3.1221,6.6044,10.73,11.843,5.2442,0,0,0,0,1,0,0,1,0,0,0,0,1,0,0,0
0,6.2174,10.859,3.5387,7.7583,9.4362,18.285,18.938,8.5212,11.541,4.9052,11.237,3.2981,1.7993,7.0804,22.178,17.348,24.988,5.474,2.6118,1.9358,2.0501,0.38883,17.931,20.112,12.922,8.4616,0.3164,4.5723,7.6349,14.351,10.619,2.6913,0,0,0.023256,0.081395,0.89535,0,0,1,0,0,0,0,1,0,0,0
0,4.4819,7.6521,7.4975,5.32,15.348,26.073,21.261,7.8471,4.5196,0,0,2.3839,8.6251,10.615,26.092,19.277,18.795,7.1002,1.1294,5.0306,0.95161,0,19.065,20.132,19.42,6.248,5.0171,6.5525,5.2189,9.3347,7.317,1.6951,0,0,0,0,1,0,0,1,0,0,0,0,1,0,0,0
0,4.2515,9.9812,4.3909,8.0254,7.6991,14.718,14.96,19.162,12.68,4.1318,5.825,0.48846,3.3897,12.242,25.797,20.006,14.851,7.9781,2.5927,4.8272,2.0028,0,17.743,15.763,11.863,2.0299,0.64248,4.2022,10.413,17.037,12.067,8.2391,0,0,0,0,1,0,0,1,0,0,0,0,1,0,0,0
1.0788,0,9.1569,0,3.7173,62.33,13.622,0,4.4568,0,5.6374,15.732,3.1594,7.6818,5.3827,14.672,22.193,19.041,1.9391,10.2,0,0,2.2991,0,2.2991,16.763,29.099,35.491,8.5134,1.0788,1.0788,3.378,0,0,0,0.33333,0.41667,0.25,0,0,1,0,0,0,0,1,0,0,0
0,0,1.4803,0,5.5553,64.521,27.703,0,0.74016,0,0,0.74016,4.3379,12.098,10.218,8.754,15.794,30.162,11.35,6.5463,0,0,0.74016,0,0.74016,22.637,30.495,33.537,9.9714,1.1392,0,0.74016,0,0,0,0.55,0.3,0.15,0,0,1,0,0,0,0,1,0,0,0
0,0,0,0,4.2126,74.925,19.212,0,0,1.6502,0,3.3004,7.0676,14.293,14.313,11.301,9.1321,26.3,10.327,3.966,0,0,0,0,0,19.909,41.829,28.187,6.7956,3.2797,0,0,0,0,0,0.23729,0.42373,0.33898,0,0,1,0,0,0,0,1,0,0,0
0,1.856,2.3108,2.3602,14.883,39.513,20.974,5.212,0.45482,1.3645,11.072,19.099,15.374,0,12.018,23.09,5.1626,4.6035,13.25,5.0421,1.9054,0.45482,0,0.45482,14.87,21.598,37.657,1.2313,10.617,3.2205,3.7247,4.7205,1.9054,0,0,0.1,0.3,0.6,0,0,1,0,0,0,0,1,0,0,0
1.6293,0,7.5677,1.4951,5.0047,57.564,12.227,0,6.1899,2.5685,5.7538,13.896,1.3406,6.879,6.9344,13.017,22.299,19.046,5.6869,7.899,3.0023,0,0.62679,2.8936,1.1334,13.893,23.575,31.679,11.647,5.0897,4.0048,5.4577,0,0,0,0.80909,0.13636,0.054545,0,0,1,0,0,0,0,1,0,0,0
0.39494,0,3.609,1.813,8.2791,62.596,20.103,0,2.8106,0,0.39494,2.7355,4.1018,13.343,9.8957,9.9577,18.529,22.938,9.9149,7.6551,0.92962,0,1.1557,0.86501,1.5882,18.626,26.592,30.95,11.643,3.9566,1.3246,3.299,0,0,0,0.51786,0.26786,0.21429,0,0,1,0,0,0,0,1,0,0,0
2.3561,0,13.62,5.5275,12.893,42.014,4.7531,0.32439,4.2922,9.4728,4.7471,8.9768,3.7908,1.8706,7.1784,20.481,21.719,9.1374,4.6958,14.622,6.3573,1.1707,2.9089,8.22,4.8765,3.5475,11.099,21.261,17.861,10.525,8.1981,9.09,2.4141,0,0,0.055556,0.94444,0,0,0,1,0,0,0,0,1,0,0,0
1.507,0.548,8.2466,8.4743,16.247,49.049,12.892,0.45833,2.5772,0,0,4.5104,7.9009,11.058,6.366,17.936,14.441,15.057,12.011,6.7236,3.5374,0.45833,1.4067,4.4867,3.569,8.0853,12.075,25.584,20.078,9.981,7.9263,5.0905,1.7165,0,0,0,0.95455,0.045455,0,0,1,0,0,0,0,1,0,0,0
0,0,0,1.0986,9.8103,54.753,34.338,0,0,0,0,0,0.65075,13.315,9.355,6.053,15.954,31.477,13.046,9.4979,0.65075,0,0,0,0,27.246,23.39,29.092,14.968,4.2051,0.65075,0.44787,0,0,0.015873,0.7619,0.20635,0.015873,0,0,1,0,0,0,0,1,0,0,0
0,3.1321,4.0115,4.6787,9.3575,38.971,16.403,10.936,2.0813,9.0184,1.4102,31.48,10.161,1.6679,9.8218,11.968,9.842,7.7123,3.4805,8.8008,4.5746,0.49173,0.42678,2.0813,8.9626,24.596,29.615,0,0.91851,11.258,7.8218,9.745,4.5746,0,0.04878,0.68293,0.2439,0.02439,0,0,1,0,0,0,0,1,0,0,0
0.68577,1.4587,1.1057,10.904,12.278,48.865,17.429,3.6812,1.8406,1.7515,0,2.4103,3.8367,8.5888,11.054,16.562,18.936,18.179,13.959,1.0212,4.1217,1.3315,0,4.5212,2.8793,17.739,8.7292,26.985,16.799,9.9175,6.8247,5.1849,0.41998,0,0,0,0.53086,0.46914,0,0,1,0,0,0,0,1,0,0,0
0,5.7279,13.579,2.6405,7.7105,21.33,15.242,9.5553,10.969,8.4068,4.8397,15.758,5.7934,6.3385,8.0972,16.928,15.427,10.327,8.823,4.7132,4.8821,2.9124,2.1318,12.009,16.406,11.339,15.161,0.49117,6.4293,7.8556,15.58,7.9959,4.6003,0,0,0.34375,0.5625,0.09375,0,0,1,0,0,0,0,1,0,0,0
0,4.939,16.01,3.5762,6.7027,19.798,8.5064,4.7726,16.816,11.849,7.03,16.187,1.2892,7.125,8.0053,16.7,15.893,11.603,6.4928,4.6167,6.5456,5.5437,3.9987,9.1899,11.355,5.5791,9.5047,2.7542,8.466,12.002,17.205,12.069,7.8765,0,0,0.31579,0.68421,0,0,0,1,0,0,0,0,1,0,0,0
0,3.3742,6.969,4.7144,12.444,27.943,20.507,8.7291,4.0359,5.4768,5.8058,27.128,11.798,5.1685,7.0218,13.489,8.8396,3.8612,6.6661,9.2775,5.1892,1.56,1.3194,3.2113,11.559,20.278,22.068,0.82463,6.7197,5.2782,12.914,11.464,4.3646,0,0,0.44444,0.22222,0.33333,0,0,1,0,0,0,0,1,0,0,0
0,5.9502,10.223,1.0278,7.8181,39.899,12.735,3.783,4.1809,5.7069,8.6767,20.071,9.338,3.7948,12.773,22.307,10.853,4.1913,12.2,1.148,1.3192,2.004,1.3834,3.7566,15.724,16.285,31.453,0.47845,9.1306,9.4974,8.8822,2.8306,0.57832,0,0.056604,0.45283,0.20755,0.28302,0,0,1,0,0,0,0,1,0,0,0
0,3.661,17.854,3.5317,7.9076,32.301,9.8044,4.6444,8.8934,6.0255,5.3766,16.788,7.7639,4.048,5.5134,14.118,20.335,6.6844,9.3603,3.6053,5.6978,6.0868,2.6312,5.2967,15.404,9.0641,9.3693,5.3783,12.685,9.4505,16.348,11.049,3.3247,0,0.10753,0.31183,0.47312,0.10753,0,0,1,0,0,0,0,1,0,0,0
0,5.201,18.908,3.9564,7.908,32.708,4.6054,0.73274,15.687,6.1406,4.1531,14.229,3.0801,6.9747,4.3373,12.012,23.368,9.571,7.6486,3.0305,6.8918,8.8574,3.776,11.539,9.9725,3.6506,6.1583,9.8314,14.398,8.2163,17.653,10.131,4.6739,0,0.17347,0.30612,0.52041,0,0,0,1,0,0,0,0,1,0,0,0
0,8.0633,17.317,2.3724,3.9406,32.801,11.681,2.4451,9.314,5.8488,6.2173,20.535,2.8824,10.942,5.4313,10.075,24.568,3.7407,8.5571,5.0102,3.4228,4.8355,7.8185,7.3904,8.6683,9.8153,14.287,7.8361,14.786,6.5569,15.071,4.786,2.9855,0,0,0.81176,0.16471,0.023529,0,0,1,0,0,0,0,0.61176,0.38824,0,0
0,4.2106,14.282,2.6895,0,65.819,3.3336,0,7.2987,0.96098,1.406,8.8023,1.3408,6.4179,0.96098,5.0377,58.545,1.7355,5.4805,1.3557,2.6698,7.654,4.885,9.0737,6.7071,1.0319,3.3721,43.927,17.315,0.89009,5.6087,6.255,0.93425,0,0,1,0,0,0,0,1,0,0,0,0,0.018182,0.98182,0,0
0,1.5695,16.896,0.57776,0.54081,67.221,2.178,0,8.2854,1.265,1.4664,7.6037,0.80111,6.3613,0.76118,9.6368,53.316,6.0381,5.4539,2.0111,4.2139,3.8027,9.3767,2.8652,6.4937,0.86766,5.3787,34.113,26.189,1.9513,5.5047,4.8091,2.4517,0,0.066667,0.93333,0,0,0,0,1,0,0,0,0,0,1,0,0
12.803,7.8187,4.2577,3.7184,8.5588,36.277,12.631,5.0405,2.2455,4.0836,2.5653,5.2188,13.464,8.4768,11.358,12.554,19.601,9.7279,6.0771,2.236,4.2803,7.0058,3.3489,10.978,12.304,13.542,17.663,13.019,6.4262,6.9038,5.6797,7.1803,2.9554,0.125,0.70312,0.125,0.046875,0,0,0,0.84375,0.15625,0,0,0.57812,0.42188,0,0,0
10.429,8.5404,6.3645,10.341,7.0017,24.772,15.939,6.2782,5.6085,4.4264,0.29927,10.98,14.163,10.42,9.7273,8.5593,11.742,9.6255,10.39,4.1691,5.9959,4.2281,8.3355,9.0902,11.266,15.67,13.078,8.8985,5.8199,6.7665,6.4767,7.3017,7.2964,0.9918,0.0081967,0,0,0,0,0,0.9918,0.0081967,0,0,0.45082,0.54918,0,0,0
6.6769,6.714,16.879,11.459,6.926,21.962,11.108,2.6658,6.5915,5.69,3.3278,12.242,10.043,8.5611,5.3154,10.958,11.397,5.3873,11.841,8.1835,5.1882,10.884,9.1625,6.4632,10.033,5.1071,4.0787,13.937,3.504,18.234,8.4884,12.903,8.0879,0.82979,0.12766,0.042553,0,0,0,0,1,0,0,0,0.56383,0.43617,0,0,0
0.36148,5.2017,5.9584,10.219,8.5648,42.024,11.236,5.9395,7.1178,2.3626,1.0142,4.5343,2.0906,10.812,8.8894,23.989,17.736,14.422,5.4897,1.8861,7.1779,2.9729,0.49537,8.856,8.6906,8.5711,10.673,18.479,15.506,7.7216,8.7325,8.7861,3.4891,0,0,0.031746,0.88095,0.087302,0,0,1,0,0,0,0,1,0,0,0
0,5.8506,9.1843,6.5952,7.9093,13.36,18.208,14.99,13.365,8.2474,2.291,3.5204,1.7079,4.0807,13.711,20.247,17.775,21.554,6.6469,1.2359,5.7786,3.7424,0,15.193,17.549,16.184,4.0394,3.1483,6.249,9.7485,13.95,9.1124,4.826,0,0,0,0.34615,0.65385,0,0,1,0,0,0,0,1,0,0,0
1.4981,2.0091,4.877,13.613,8.4589,35.917,11.144,16.977,2.6805,1.4738,1.3518,22.18,10.025,8.301,7.5921,11.108,16.24,6.7328,1.376,3.0018,5.2889,8.154,6.1112,18.663,11.146,12.247,6.4219,12.02,6.7483,0.9683,7.7897,10.166,7.7179,0,0.2381,0.7619,0,0,0,0,1,0,0,0,0,1,0,0,0
2.9843,3.6838,6.1531,10.862,9.4019,26.752,15.044,12.773,7.2276,3.5918,1.5275,18.386,11.418,9.1914,7.5445,10.139,13.365,6.0272,2.8039,7.1933,4.906,9.0257,7.141,17.055,12.186,13.962,8.1231,7.0241,7.1241,5.1912,7.8952,8.0742,6.2241,0,0.83761,0.16239,0,0,0,0,1,0,0,0,0,1,0,0,0
1.7485,2.0212,11.867,7.3845,17.449,29.539,13.937,8.7491,6.4171,0.27084,0.61696,14.414,6.4337,10.074,7.4268,13.544,18.221,9.2609,8.2284,5.5955,1.3569,5.4448,11.039,9.0652,6.1247,10.284,8.2708,6.9803,7.6707,12.573,8.3609,11.153,8.4783,0,0,0,1,0,0,0,1,0,0,0,0,0,1,0,0
2.4597,0.48022,14.679,9.8746,12.276,31.883,9.2633,1.3686,4.6626,10.061,2.9918,6.0636,8.138,2.834,10.753,14.673,15.594,10.905,8.5478,14.105,5.0777,3.3086,4.3049,7.8331,7.5361,2.5011,7.4083,18.357,9.9878,12.902,12.065,13.17,3.9349,0,0,0.049505,0.9505,0,0,0,1,0,0,0,0,1,0,0,0
0.92721,3.5952,10.219,10.868,14.476,41.615,9.5461,0.63526,4.4368,2.7546,0.92721,7.5106,3.7423,9.6332,9.7485,14.269,19.988,11.185,10.454,5.1023,4.7939,3.5727,3.9149,4.2866,5.9892,4.354,4.8568,28.525,10.9,12.247,10.176,11.228,3.5224,0,0,0.020619,0.97938,0,0,0,1,0,0,0,0,1,0,0,0
4.2825,7.7243,11.727,5.5894,9.7494,32.739,8.5327,3.1265,8.8835,4.4111,3.2352,8.454,10.076,11.192,11.606,7.6291,18.875,5.4473,10.377,4.9766,2.9657,8.4006,6.3739,8.9575,9.9322,5.8814,1.9855,21.254,4.0847,12.545,11.621,11.613,5.7521,0.082353,0.82353,0.094118,0,0,0,0,0.98824,0.011765,0,0,0.22353,0.76471,0.011765,0,0
0.49511,2.15,13.278,5.0748,10.821,50.715,8.7336,0.35617,4.2581,3.0508,1.0678,12.602,4.2488,8.8381,10.442,11.433,29.081,7.7268,8.7883,1.8765,1.6094,3.3542,2.8326,2.9131,5.8588,2.2428,7.2012,36.29,3.2856,14.122,9.8644,13.061,2.3284,0.47945,0.49315,0.027397,0,0,0,0,1,0,0,0,0.082192,0.91781,0,0,0
1.4826,1.6266,5.7892,14.985,11.238,46.297,10.738,0.70426,3.5822,2.9203,0.63725,5.4916,4.6133,7.6285,6.9593,16.617,25.538,10.883,8.8694,1.6817,7.1279,4.5902,2.6861,1.4085,1.6318,9.4198,11.964,24.203,11.958,12.961,12.211,9.8758,1.6817,0,0.0081967,0.0081967,0.98361,0,0,0,1,0,0,0,0,1,0,0,0
0,3.049,11.346,9.0706,9.0207,43.839,6.2459,0.75545,11.185,3.7096,1.7786,5.5499,1.216,6.0643,6.0243,20.425,22.692,15.171,4.2932,1.7242,11.714,5.1269,2.1086,6.3342,7.2938,4.6096,15.36,18.792,10.346,11.12,10.067,9.19,4.7781,0,0.096154,0.29808,0.60577,0,0,0,1,0,0,0,0,1,0,0,0
1.325,3.6557,7.7595,7.7019,7.1771,59.132,5.3374,0,4.6609,1.7597,1.4905,9.0088,1.7579,6.8509,5.6848,13.063,35.606,11.85,4.4875,1.4148,6.4445,3.832,3.3079,0.35318,4.4836,2.1902,12.533,36.85,9.8479,11.292,8.1697,9.5578,1.4148,0.053571,0.053571,0.035714,0.85714,0,0,0,1,0,0,0,0,1,0,0,0
0,1.517,5.1769,7.1593,5.867,66.329,4.0032,0,7.673,1.5426,0.73202,2.4601,1.0092,3.3381,3.4669,22.349,34.859,13.911,4.2255,3.0912,4.5638,6.726,2.4537,2.0038,2.4476,2.3396,25.732,22.62,18.238,5.1715,7.5473,7.0212,4.4251,0,0.015504,0.0077519,0.97674,0,0,0,1,0,0,0,0,1,0,0,0
0.55369,1.6456,12.977,6.6,10.944,44.365,3.5856,0.53818,12.279,3.9564,2.5563,4.5101,4.6027,6.9425,9.8263,4.5226,33.242,9.1799,8.0626,8.6581,3.94,6.5127,5.0319,5.1391,3.5418,2.0619,1.5237,34.393,7.0143,11.95,5.5999,13.45,10.294,0,0,0.096774,0.90323,0,0,0,1,0,0,0,0,1,0,0,0
1.7175,5.903,16.742,5.9873,7.6091,46.158,4.5067,0,4.8005,4.8587,1.7175,9.3072,3.078,6.6326,6.3646,7.5797,35.642,6.4524,9.1848,4.1856,3.8101,7.7635,7.9066,3.7184,4.2487,1.8908,6.1288,36.629,1.3935,17.233,5.5563,11.076,4.2184,0,0.05,0.50714,0.41429,0.028571,0,0,1,0,0,0,0,0.99286,0.0071429,0,0
1.4932,3.3908,7.4156,4.2585,26.031,41.467,3.2106,1.9258,10.807,0,0,5.1348,3.8573,5.9491,13.697,3.9451,24.805,17.88,8.0294,11.598,3.2065,1.8975,5.121,4.7508,4.2358,2.3115,0.96291,23.265,12.752,21.219,8.7505,5.4384,11.193,0,0,0.056911,0.82927,0.11382,0,0,1,0,0,0,0,0.94309,0.056911,0,0
0,1.5104,9.3269,4.2708,18.27,61.713,1.1989,1.7983,0.59943,0,1.3118,4.7153,3.4217,5.7743,9.1521,10.595,41.009,10.26,7.2558,4.3781,0.61618,2.8222,2.726,5.2891,4.922,1.7983,3.5613,41.599,6.0994,12.683,8.4634,11.407,1.4517,0,0.022556,0.045113,0.8797,0.052632,0,0,1,0,0,0,0,1,0,0,0
0.67762,1.3552,5.465,4.3511,8.9232,70.583,4.1032,0,2.3006,0.67762,1.564,4.0394,0.88637,5.0934,1.3421,21.464,41.983,15.788,3.6692,1.2796,2.2142,2.2416,2.865,0,2.3323,0,17.485,45.538,8.619,10.113,6.2196,5.7543,1.0744,0,0.014815,0.02963,0.88889,0.066667,0,0,1,0,0,0,0,1,0,0,0
0,0,1.7536,1.7263,7.4577,80.32,5.7535,0,2.9887,0,0,6.1227,0,1.5776,0.58141,23.734,40.296,22.403,1.9718,0.99622,2.317,0,1.1901,0,1.3089,0,31.075,34.792,16.347,8.7857,2.3492,2.5739,1.5776,0,0.081301,0.02439,0.89431,0,0,0,0.93496,0.065041,0,0,0,1,0,0,0
0,0,3.5769,4.9965,16.774,61.713,2.6508,5.3291,3.0979,0,1.8619,11.915,2.8477,2.7286,4.701,17.897,31.274,15.112,3.8115,4.0882,0.71144,4.9134,1.3942,4.1414,5.4296,1.7681,16.597,28.462,11.736,9.0811,4.0156,9.9471,7.4279,0,0.0068027,0.013605,0.92517,0.054422,0,0,1,0,0,0,0,1,0,0,0
0,0,1.361,2.7198,11.734,71.198,4.3932,3.5452,5.0491,0,0,9.3434,2.7934,1.8731,0.64373,24.208,32.449,17.409,3.7127,3.3422,0,4.2257,0,4.2257,5.3943,0.68051,22.19,37.792,15.001,4.2639,1.9315,3.7829,4.7378,0.060606,0.78788,0.12121,0.030303,0,0,0,0.15152,0.84848,0,0,0,1,0,0,0
0,1.4811,6.4749,2.8441,8.4976,68.577,5.693,0,5.9382,0.4937,0,3.1515,0.82128,1.6651,0.82128,27.257,32.245,20.98,2.4794,2.6687,5.6775,2.234,3.0524,0.82128,3.5886,0,27.142,31.827,15.853,7.4147,4.1196,3.5125,2.6687,0,0.022727,0.10227,0.875,0,0,0,1,0,0,0,0,1,0,0,0
0,2.6785,9.9439,8.3483,8.2499,28.858,7.2461,4.3251,16.837,9.5451,3.9683,7.0838,1.3115,5.012,5.7402,20.182,18.223,14.83,5.9974,3.7906,9.0823,8.7477,2.0427,11.003,6.6964,6.7618,11.091,3.7619,11.096,9.8204,16.379,12.84,8.508,0,0.040541,0.094595,0.86486,0,0,0,1,0,0,0,0,1,0,0,0
0,2.9507,20.184,1.7169,4.988,43.351,0.72454,0,16.543,5.8847,3.6573,12.044,0.73309,5.2985,3.3405,16.385,22.983,12.018,4.2887,3.6057,9.3348,9.9695,4.7629,9.8295,8.3444,1.5753,13.128,13.731,11.415,9.4283,7.7316,11.698,8.3563,0,0,0,1,0,0,0,1,0,0,0,0,1,0,0,0
0,2.6883,22.861,3.0712,1.9076,50.676,2.1173,0,11.559,2.6352,2.4846,13.048,0.8001,6.106,1.312,14.319,34.855,7.3186,3.9756,4.2036,5.3614,8.7011,8.8381,10.322,8.6503,0.92053,8.3635,21.853,19.688,3.9899,7.8747,6.276,3.2252,0,0,0.97802,0.021978,0,0,0,1,0,0,0,0,0.17582,0.82418,0,0
0,4.6983,16.396,3.0022,2.5659,56.243,2.3801,0,11.593,2.8098,0.31182,12.201,0.68616,2.2775,0.56144,17.463,32.298,13.805,1.2134,4.9908,5.356,9.1476,6.6798,6.7859,6.6977,0.99798,17.421,28.916,14.703,2.1285,5.2427,6.3746,4.0526,0,0,0.0064516,0.36129,0.63226,0,0,1,0,0,0,0,1,0,0,0
0,3.8808,26.385,2.8966,0.65118,56.461,0.48787,0,8.1532,0.88544,0.19879,12.045,1.5041,1.4631,1.6107,16.525,34.74,13.32,0.62412,4.0758,5.6919,8.4003,9.3969,14.142,8.443,0.89142,11.119,31.226,13.973,1.8602,3.4854,3.1774,2.2855,0,0,1,0,0,0,0,1,0,0,0,0,0.26,0.74,0,0
0,3.2171,15.25,2.3301,0.58032,67.81,0.22213,0,8.5588,1.3674,0.66493,9.5384,0.22594,2.0302,0.96734,20.063,48.164,5.0903,2.3523,1.9915,3.3713,6.2054,7.2921,8.5994,4.2013,0.22066,8.606,29.596,29.425,1.6919,3.5762,3.7151,3.0761,0,0.10294,0.89706,0,0,0,0,1,0,0,0,0,0,1,0,0
0,3.3479,20.044,0.51123,0.25562,63.659,0.36953,0,9.4907,2.322,0,9.8483,1.3117,1.0795,3.1203,15.259,45.115,8.6026,0.28681,4.7914,5.3039,5.2809,11.743,3.0045,5.9372,0.89595,10.383,36.967,18.955,0.67135,4.3178,4.2147,2.9106,0,0.059701,0.9403,0,0,0,0,1,0,0,0,0,0,1,0,0
0,5.9347,9.7393,0,3.3873,60.725,6.748,1.0066,8.2286,4.2306,0,8.9197,3.4459,0.82327,0.62987,20.106,30.088,19.218,2.4225,3.2626,2.3337,8.7504,4.8403,3.4664,5.4078,1.8094,25.224,33.802,12.136,5.0851,2.4393,3.8961,1.8932,0,0,0,0.59398,0.40602,0,0,1,0,0,0,0,1,0,0,0
0,2.1306,14.503,0.49888,0,58.996,1.0127,0.55045,18.118,4.1904,0,9.9512,4.2519,2.6171,1.4911,9.9792,42.023,11.479,0.46226,7.249,1.776,8.7202,5.1215,5.5138,3.4911,2.9107,9.0657,46.74,7.6023,0.79075,4.3471,9.5769,4.8399,0,0,0.14433,0.041237,0.81443,0,0,1,0,0,0,0,0.98969,0.010309,0,0
0,7.0535,3.4575,0.81726,4.1064,55.607,1.5346,2.605,17.503,7.3154,0,13.22,4.076,2.3583,0,9.679,36.966,10.754,0,4.6207,4.3551,13.97,1.676,3.9117,4.8633,4.4195,8.848,45.596,9.6795,1.8678,3.2587,10.416,5.463,0,0,0.018987,0.26582,0.71519,0,0,1,0,0,0,0,1,0,0,0
0,11.369,12.775,0,0,51.166,3.0033,1.7703,17.97,1.9469,0,7.6946,7.2996,5.2286,0,6.6329,42.674,7.2859,0,8.1892,3.8016,11.193,3.6563,7.9279,6.8532,6.2431,6.3107,48.965,2.0743,0,5.5293,11.599,0.84135,0,0,1,0,0,0,0,1,0,0,0,0,0.52632,0.47368,0,0
0,9.3998,15.61,1.024,0,55.826,2.3665,0.3683,9.7338,5.6714,0,13.525,1.2321,2.2558,2.976,11.962,36.967,12.782,0,3.8956,4.9742,9.4302,9.4529,5.9094,7.8971,0.3683,11.756,43.433,10.178,0.49548,1.6398,5.4993,3.3707,0.011111,0.033333,0.95556,0,0,0,0,1,0,0,0,0,0.066667,0.93333,0,0
0,5.3762,8.5468,0,0,47.859,1.8608,1.0205,23.747,11.589,0,13.101,6.512,0.67165,0.79678,4.8413,41.058,6.2769,0,3.308,4.4923,18.942,4.89,2.041,1.6807,5.4915,5.0099,49.457,7.6833,0,5.4915,12.209,6.0462,0.18571,0.071429,0.74286,0,0,0,0,1,0,0,0,0,0.24286,0.75714,0,0
0,2.0251,14.93,2.0251,0,78.995,0,0,2.0251,0,0,2.0251,0,7.4648,0,4.5973,68.958,5.4396,7.4648,0,0,4.0503,12.904,6.0754,0,0,0,41.966,37.029,0,0,2.0251,0,0.14545,0.036364,0.78182,0.036364,0,0,0,1,0,0,0,0,0.21818,0.78182,0,0
0,3.042,16.117,2.4307,0,73.215,0,0,5.1947,0,0,5.5848,0,4.7296,0,11.168,62.862,3.3003,3.9102,1.4307,2.0421,4.972,9.7132,7.9034,3.9735,0,2.7953,42.538,27.882,0,0.61132,3.9721,0.61132,0.24286,0.014286,0.74286,0,0,0,0,1,0,0,0,0,0.25714,0.74286,0,0
0,0,0,0,0,100,0,0,0,0,0,0,0,0,0,2.6878,97.312,0,0,0,0,0,0,0,0,0,5.6119,90.056,4.3319,0,0,0,0,0,0,0.30769,0.11538,0.57692,0,0,1,0,0,0,0,1,0,0,0
0,0,0,0,4.979,95.021,0,0,0,0,0,0,0,0,2.2485,4.979,92.772,0,0,0,0,0,0,0,0,0,0,88.423,9.476,0,2.1007,0,0,0,0,0.52727,0.054545,0.41818,0,0,1,0,0,0,0,1,0,0,0
0,0,0,0,0,100,0,0,0,0,0,0,0,0,0,3.0655,95.901,1.0333,0,0,0,0,0,0,0,0,5.6779,92.172,2.1499,0,0,0,0,0,0,1,0,0,0,0,1,0,0,0,0,1,0,0,0
0,0,0,0,0,100,0,0,0,0,0,0,0,0,0,6.9878,85.538,7.4743,0,0,0,0,0,0,0,0,14.024,81.066,4.5121,0.39704,0,0,0,0,0,0.90323,0.096774,0,0,0,1,0,0,0,0,1,0,0,0
0,0,0,0,2.7211,97.279,0,0,0,0,0,0,0,0,0.76899,5.6248,92.782,0.82443,0,0,0,0,0,0,0,0,0.39125,93.778,4.2591,0,1.5713,0,0,0,0,1,0,0,0,0,1,0,0,0,0,1,0,0,0
0,0,0,0,23.049,76.951,0,0,0,0,0,0,0,0,4.3905,15.002,73.404,2.8131,4.3905,0,0,0,0,0,0,0,0,70.691,11.797,7.2036,10.308,0,0,0,0,0.11905,0.14286,0.7381,0,0,1,0,0,0,0,1,0,0,0
0,0,0,0,18.908,81.092,0,0,0,0,0,1.3103,0,0,11.123,7.3819,67.349,3.931,8.905,0,0,0,0,0,0,0,0,64.227,23.343,10.215,2.2145,0,0,0,0,0.10256,0.53846,0.35897,0,0,1,0,0,0,0,1,0,0,0
9.626,5.1498,1.2104,3.145,4.4409,44.074,16.808,7.243,6.4136,1.4645,0.42411,5.0863,13.534,4.611,10.461,10.028,25.426,14.433,8.1015,2.2246,4.3947,1.7008,2.6731,7.4072,8.4081,10.897,23.425,21.349,9.1792,3.8383,3.3035,2.9487,6.5713,0.019608,0.47059,0.45098,0.058824,0,0,0,1,0,0,0,0,1,0,0,0
0,0,0.48399,0,21.328,78.188,0,0,0,0,0,1.2337,0,0.48399,8.2374,10.104,69.033,5.4339,5.4742,0,0,0,0,0,0,0,0.27445,65.49,18.795,8.9248,6.5158,0,0,0,0,1,0,0,0,0,1,0,0,0,0,1,0,0,0
0,0,0,0,10.888,89.112,0,0,0,0,0,0,0,0,3.5375,8.7031,84.695,1.5839,1.4805,0,0,0,0,0,0,0,0.39137,82.013,11.411,2.7725,3.4127,0,0,0,0,1,0,0,0,0,1,0,0,0,0,1,0,0,0
0,0.65015,7.5401,0,15.726,76.084,0,0,0,0,0,5.365,1.525,6.4645,4.3779,4.5334,63.396,6.4853,5.2527,0,0.65015,1.9504,0,0,0,0,0,63.573,17.603,7.4487,8.5505,2.1751,0.65015,0,0,0.56,0.22,0.22,0,0,1,0,0,0,0,1,0,0,0
0,0,0.79291,0,51.236,47.971,0,0,0,0,0,3.0295,0,0.79291,10.663,22.291,38.49,15.257,9.4773,0,0,0,0,0,0,0,0,37.091,25.718,19.468,17.723,0,0,0,0,0.98413,0.015873,0,0,0,1,0,0,0,0,1,0,0,0
0.33487,0,0,0,0,94.918,0.33487,1.3833,2.6027,0,0.42645,1.5543,2.4988,0.76132,1.3833,8.0969,81.027,3.722,0,0,0.95686,0,0,0,0.42645,1.9807,6.615,85.713,0.85291,0,2.0723,0.42645,1.9137,0,0,1,0,0,0,0,1,0,0,0,0,1,0,0,0
4.3418,0,0,0,3.6261,75.817,12.96,1.4379,0,1.817,0,2.1709,3.6088,2.1243,11.53,9.9545,56.633,11.138,2.8401,0,0,0,0,0.66914,2.107,3.5092,26.45,51.954,7.5793,5.1982,2.5327,0,0,0,0,0.9625,0.0375,0,0,0,1,0,0,0,0,1,0,0,0
0.62364,0,0.24806,0,0.8485,95.936,0.62364,0.23545,1.2489,0,0.23545,1.6371,1.7198,1.1072,0.48351,4.7409,87.852,2.4591,0,0,0,0,0,0,0.23545,1.8725,3.1972,91.097,0.78165,0.28968,2.0432,0.23545,0.24806,0,0,1,0,0,0,0,1,0,0,0,0,1,0,0,0
0.77835,2.2811,3.5977,0.33524,1.3293,80.159,0.33524,0,5.3728,4.0835,1.7282,4.3049,0.89375,1.8283,2.2714,8.2243,61.117,13.471,1.838,2.3275,3.3884,0.33524,0.89375,2.0635,1.3034,3.067,14.753,47.55,18.831,1.2776,2.4946,7.4306,0.33524,0,0,0.97727,0.022727,0,0,0,1,0,0,0,0,1,0,0,0
2.4326,1.448,3.1741,5.9474,5.707,55.675,8.4161,6.9215,7.6221,2.2505,0.40551,12.222,7.4877,5.0274,6.3696,10.82,39.313,6.2261,0.64095,2.66,4.2231,5.01,2.9911,9.2793,6.6423,9.1983,12.026,38.121,3.0524,1.845,5.793,4.4414,6.6101,0,0.22581,0.73118,0.043011,0,0,0,1,0,0,0,0,1,0,0,0
0,0,0,0,0,97.077,2.5593,0,0,0.36341,0,0,0,0,3.2861,7.7254,83.686,5.3031,0,0,0,0,0,0,0,0,16.395,79.399,3.8434,0,0.36341,0,0,0,0,0.93103,0.068966,0,0,0,1,0,0,0,0,1,0,0,0
0.33265,0,0.72609,1.1195,1.7479,83.219,5.1443,3.2449,3.5643,0.33265,0.56908,3.7291,5.6267,2.3617,1.2952,9.0061,70.742,4.8268,0.6888,0.72609,0.33265,0.66529,0.33265,2.1252,4.1368,6.0319,7.7869,70.757,2.2047,0.33265,4.2711,1.2952,0.72609,0,0,1,0,0,0,0,1,0,0,0,0,1,0,0,0
0.30877,0,1.6219,0,3.7238,93.825,0.30877,0,0.21188,0,0,0.92124,0.54683,2.2657,0.88639,1.9292,90.607,2.5087,0.33495,0,0,0,0,0,0,0.52065,1.0257,91.135,2.359,1.2064,2.5319,0.33495,0.88639,0,0,1,0,0,0,0,1,0,0,0,0,1,0,0,0
0,0,3.4309,0,8.249,88.32,0,0,0,0,0,2.7511,0.68905,4.12,2.6336,2.7304,79.759,4.9437,2.3731,0,0,0,0,0,0,0,1.5976,78.655,11.295,2.6427,4.1719,0.68905,0.94956,0,0,1,0,0,0,0,1,0,0,0,0,1,0,0,0
0,0.64279,5.0408,0,26.821,67.192,0,0,0,0.30275,0,6.0389,2.1813,5.5237,6.0624,4.904,49.914,15.093,6.5362,0.43633,1.0791,2.2311,0,0,0,0,0.8206,54.94,24.245,11.966,3.6305,3.1269,1.2712,0,0,1,0,0,0,0,1,0,0,0,0,1,0,0,0
0,0,0,0,0,100,0,0,0,0,0,0,0,0,0,8.4223,83.129,8.449,0,0,0,0,0,0,0,0,10.861,79.387,7.6931,2.0587,0,0,0,0,0,0.94915,0.050847,0,0,0,1,0,0,0,0,1,0,0,0
0.45251,0.36446,2.4856,0,7.6951,84.432,2.013,0.97649,0.82766,0.75263,0,2.0447,1.1261,4.3864,1.6224,4.1346,78.889,4.3653,1.2157,0.7316,0.36714,1.1171,0,0.23622,1.4489,1.7768,5.4753,77.274,3.3385,2.1583,5.2149,1.5948,1.4823,0,0,1,0,0,0,0,1,0,0,0,0,1,0,0,0
0,2.0385,11.873,0,25.798,58.802,0.42794,0,0,1.0607,0,9.5174,2.0385,9.7702,3.5703,0.85346,48.501,10.812,1.2814,2.0065,4.045,7.6042,0,0,0,0.42794,2.2684,49.353,18.588,7.8377,13.21,5.1377,3.1768,0,0,0.89706,0.058824,0.044118,0,0,1,0,0,0,0,1,0,0,0
0,2.8786,6.3505,0.27521,27.647,57.425,1.634,0,2.7927,0.99757,0,7.1066,3.7398,10.655,2.9705,0.55041,46.67,9.1831,3.2715,4.218,5.779,5.8563,0,0,0.77399,1.634,3.8607,45.107,18.729,7.4578,14.399,5.2975,2.7417,0,0.014085,0.98592,0,0,0,0,1,0,0,0,0,1,0,0,0
0,0.33828,3.4651,0,42.6,51.684,0.73758,0,0.33828,0.83588,0,7.9117,2.0624,17.194,6.1693,0.53643,32.712,16.161,2.9981,6.3407,6.0024,1.9117,0,0,0,0.73758,5.2648,35.47,25.013,9.3252,20.922,2.8983,0.36808,0,0,0,0,1,0,0,1,0,0,0,0,1,0,0,0
0,5.6153,21.968,0,27.882,38.533,1.8345,0,1.8372,2.3307,0,13.848,6.8019,11.884,0.30998,0,31.079,6.4352,3.0211,1.8689,6.9647,17.787,0,0,0.45072,1.8345,0.66591,32.78,22.147,9.8465,13.474,13.361,5.4401,0,0,0,0.18519,0.81481,0,0,1,0,0,0,0,1,0,0,0
5.2197,2.7763,8.9459,6.6669,12.411,21.257,12.84,6.22,16.795,5.3269,1.5415,16.905,14.331,7.6287,12.077,6.7136,13.617,5.863,0.71285,6.4562,6.4463,9.2493,7.9294,13.454,11.358,13.57,9.1897,7.3765,6.7212,4.6901,10.245,7.107,8.36,0,0.027778,0.91667,0.027778,0.027778,0,0,1,0,0,0,0,1,0,0,0
1.4277,0,3.5132,5.4769,5.1336,55.162,14.596,9.772,3.5924,0.90644,0.41972,8.1693,10.909,5.9667,3.5798,12.158,40.666,7.3869,3.1487,2.9717,1.1183,3.9265,2.4952,6.4741,7.7238,13.234,11.984,39.767,3.7993,0.5533,5.7429,3.8155,4.4099,0,0.61972,0.38028,0,0,0,0,1,0,0,0,0,1,0,0,0
2.1045,1.4182,6.4302,8.028,9.673,32.661,17.704,12.159,5.8065,3.2746,0.74093,13.708,10.063,9.4552,6.3934,12.453,17.622,9.54,2.8949,5.8967,2.7676,9.2061,8.2306,9.201,11.89,13.803,13.582,10.939,8.0515,5.2693,4.702,6.6726,7.659,0.094118,0.90588,0,0,0,0,0,1,0,0,0,0,1,0,0,0
0.2303,0,3.3837,6.8153,7.0249,45.067,17.441,10.332,5.6754,4.0298,0,10.74,7.7037,6.2705,4.378,11.866,30.65,10.785,5.5065,3.0424,0.2303,8.8283,4.6009,6.7238,9.0484,14.412,7.7814,32.912,7.0916,1.3833,2.4051,4.8864,8.7552,0,0.98333,0,0.016667,0,0,0,1,0,0,0,0,1,0,0,0
0.25989,1.0284,0.81136,0.86343,8.8973,77.378,4.439,2.104,3.6873,0.53175,0,2.4336,1.5677,2.861,1.3232,5.8192,69.79,7.3789,3.6333,1.4666,1.5819,2.145,0,0.73499,2.1234,3.8842,6.4119,65.242,7.7992,3.1145,4.957,1.6463,4.0869,0,0,1,0,0,0,0,1,0,0,0,0,1,0,0,0
0,2.7462,2.5346,1.5372,22.363,55.764,3.3309,1.068,6.5204,4.1355,0,9.1202,2.1321,7.2656,2.404,2.4368,41.597,12.142,4.8054,3.1503,9.1723,5.7741,0,0.23187,2.3527,3.3309,4.2865,40.148,19.003,6.7009,12.911,5.5435,5.4913,0.012048,0.036145,0.95181,0,0,0,0,1,0,0,0,0,1,0,0,0
0,0.52805,0,2.7574,11.448,63.988,8.3026,6.1151,6.2173,0.64296,0,5.5052,2.7601,3.2788,3.2635,8.9681,47.863,11.777,6.0168,1.6771,3.8792,5.0105,1.8722,0.99437,2.4818,4.8232,8.3491,45.303,14.885,3.7661,2.9627,4.5603,10.002,0,0,1,0,0,0,0,1,0,0,0,0,1,0,0,0
0,2.8656,0,3.3611,11.397,64.735,2.208,6.223,5.7721,3.4378,0,7.0362,4.0305,2.126,4.6889,7.1272,41.746,13.883,4.2849,0.94573,9.2952,4.836,1.4659,1.0408,2.4624,1.4693,5.3335,39.397,24.508,4.4658,4.9286,6.4349,8.4931,0,0.10417,0.89583,0,0,0,0,1,0,0,0,0,1,0,0,0
0,0,0.75612,3.9814,25.604,24.598,16.133,10.48,15.559,2.8894,0,13.846,6.3525,8.1403,2.8894,16.714,18.191,10.38,7.4678,8.4358,0,7.5827,4.2192,4.5973,5.1955,7.7069,9.3414,10.2,25.112,5.2022,7.2217,8.6993,12.505,0.020833,0,0.020833,0.45833,0.5,0,0,1,0,0,0,0,1,0,0,0
0,0.26329,0,5.4065,20.419,51.636,2.6425,9.941,8.8729,0.81883,0,10.347,4.6486,4.4703,6.3036,8.4125,35.646,12.346,4.5548,1.3065,5.4616,6.5041,3.8298,3.4416,0.76654,0.50325,7.2216,25.621,26.418,9.9713,1.6292,5.942,14.656,0,0.53191,0.34043,0.042553,0.085106,0,0,1,0,0,0,0,1,0,0,0
0,0.26811,0,7.7737,17.828,48.026,1.888,15.972,6.6727,1.5717,0,7.3143,6.0622,7.0603,12.777,6.9493,27.775,8.0225,4.867,0.44644,14.171,4.5539,5.7459,0.86795,0.26811,0,2.7435,25.345,25.79,7.1311,3.0443,14.249,14.815,0.1194,0.83582,0.029851,0,0.014925,0,0,1,0,0,0,0,1,0,0,0
0,5.5512,4.7732,1.199,20.769,51.727,2.021,0,8.9012,5.0585,0,10.518,5.1151,6.5581,2.9649,1.6933,39.817,9.9271,3.0043,3.9652,9.0425,7.3942,0,0,2.8676,2.021,4.8831,39.003,16.952,7.6652,12.571,9.3415,4.6954,0,0,0.10526,0.13158,0.76316,0,0,1,0,0,0,0,1,0,0,0
0,5.1321,0.29776,4.8242,15.182,69.002,1.3475,0.95251,2.4881,0.77402,0,2.505,1.41,4.3855,5.2077,9.3493,42.042,14.946,1.9529,3.2906,11.856,3.0553,0,0,4.1984,1.3475,4.5819,44.05,23.889,6.3458,7.0249,2.3336,6.229,0,0,0,0,1,0,0,1,0,0,0,0,1,0,0,0
0,1.9515,0,8.4437,14.915,58.899,1.4717,4.7749,8.0931,1.4504,0,7.3659,3.95,3.6548,9.7351,4.9111,38.217,9.5287,2.4184,1.9279,13.475,4.8155,3.6722,2.2511,1.6524,0.72522,7.2626,28.72,25.416,6.7413,3.6098,7.9334,12.016,0,0.32432,0.48649,0.081081,0.10811,0,0,1,0,0,0,0,1,0,0,0
0,0.66234,0,7.1752,14.122,59.08,0.72017,11.782,4.4059,2.0531,0,6.2445,7.9218,4.482,11.733,8.9021,30.553,12.373,3.1176,0.64415,9.2241,4.8042,6.5889,2.7511,0.66234,0,6.8846,21.674,37.056,5.4483,0.72017,11.093,7.1214,0,0,0.1087,0.76087,0.13043,0,0,1,0,0,0,0,1,0,0,0
0,1.7713,15.127,5.576,0.38553,31.008,23.98,6.784,13.217,2.1499,0,3.3097,5.2185,4.0105,2.2353,11.734,46.868,10.505,3.4861,3.4804,1.5352,7.6174,13.944,4.833,3.6976,22.057,8.6858,14.765,12.017,1.0002,0.38553,12.146,6.4695,0,0,0,0.035714,0.96429,0,0,1,0,0,0,0,1,0,0,0
0,0.44766,4.6421,11.109,0,35.366,16.744,5.7398,21.898,4.0536,0,3.2555,3.3489,4.2111,3.2305,4.9077,52.043,9.103,3.8679,3.0852,5.6368,7.3106,11.084,3.3489,1.7657,15.967,4.5653,17.089,18.542,0.44766,2.0309,14.983,10.177,0,0.67308,0.23077,0.096154,0,0,0,0.63462,0.36538,0,0,0.82692,0.17308,0,0,0
0,4.3418,17.289,5.42,0.97982,29.792,18.554,5.9872,16.034,1.6027,0,6.4036,8.5929,4.9228,5.2364,13.348,32.995,9.3866,3.079,2.7172,5.5222,7.796,14.753,8.0631,10.892,10.745,8.4626,17.667,10.5,2.0527,2.2982,10.899,3.6675,0,0,0,0,1,0,0,1,0,0,0,0,1,0,0,0
0,3.6628,9.5347,6.6451,1.6313,38.934,14.609,7.7076,16.592,0.68426,0,5.072,6.3935,3.3103,6.2735,9.9758,42.234,10.428,1.5134,2.8617,4.8151,7.1226,10.189,5.5787,6.81,10.799,4.1425,21.309,17.962,0.29492,2.8515,13.232,6.8315,0,0,0,0,1,0,0,1,0,0,0,0,1,0,0,0
0,0,9.9882,5.5026,0,65.904,5.2554,2.6528,8.985,1.7124,0,0.46589,2.7435,1.6439,1.4748,10.569,68.024,4.7191,0.63506,1.272,2.1783,6.2749,11.738,2.7435,1.0089,5.2554,1.4412,47.429,18.746,0,0.46589,7.3497,3.8222,0,0.053571,0.94643,0,0,0,0,1,0,0,0,0,1,0,0,0
0,2.151,10.355,4.5925,1.4518,66.224,4.441,2.901,7.0272,0.85596,0,3.8494,2.4139,1.4014,2.9234,10.058,61.879,4.3123,1.7454,3.2214,2.2099,5.9858,10.799,3.6527,3.6763,2.4854,1.1732,46.7,20.831,1.002,1.6448,5.257,2.779,0,0.09589,0.90411,0,0,0,0,1,0,0,0,0,1,0,0,0
0,0,4.3034,4.7611,0.55683,89.878,0.50051,0,0,0,0,0.50051,0.80272,0,0.55582,7.4875,80.981,5.5876,1.4681,1.8225,0,0.79421,6.2213,1.8037,0,0,1.1116,74.487,14.279,0.55683,1.54,0,0,0.028986,0.014493,0.95652,0,0,0,0,1,0,0,0,0,1,0,0,0
0,2.5834,11.844,7.6872,0.72672,44.122,12.663,1.5185,15.385,3.4703,0,4.5915,4.5555,0.64767,2.0989,11.574,49.15,9.5727,1.76,4.3221,4.0038,7.724,14.34,4.294,3.7134,10.865,4.5037,23.666,21.715,1.13,1.6635,9.0232,5.0869,0.047619,0.059524,0.84524,0.035714,0.011905,0,0,1,0,0,0,0,1,0,0,0
0,0,0,0,0,100,0,0,0,0,0,0,0,0,0,10.72,81.427,7.8537,0,0,0,0,0,0,0,0,15.002,74.129,10.036,0.83262,0,0,0,0,0,0.92,0.08,0,0,0,1,0,0,0,0,1,0,0,0
0,0.96461,8.4759,8.0628,0.34366,70.61,3.0129,1.7843,5.7549,0.99132,0,1.4953,3.4156,0.89214,1.5674,4.4735,70.763,3.6429,2.6459,6.0409,1.3893,3.6739,12.032,3.6027,2.134,2.4702,0.97204,53.465,17.785,0.27729,0.6753,4.3051,2.2815,0.16949,0.033898,0.79661,0,0,0,0,1,0,0,0,0,1,0,0,0
0,0,4.3054,4.9533,0,90.741,0,0,0,0,0,0,0.38048,0,0,6.6769,85.04,2.2238,1.4866,2.9733,0,1.2191,8.8782,0.38048,0,0,0,81.793,8.9483,0,0,0,0,0,0.030769,0.96923,0,0,0,0,1,0,0,0,0,1,0,0,0
0,0,2.8359,3.3798,0,92.933,0,0,0.85111,0,0,0,0.40227,0,0.42555,6.8956,85.953,3.1505,0.61231,1.6502,0,0.91064,5.3734,0.40227,0,0,0.42555,84.183,8.3242,0,0.43998,0.42555,0.42555,0.16364,0.090909,0.74545,0,0,0,0,1,0,0,0,0,1,0,0,0
0,6.9318,15.955,4.572,3.1248,26.329,23.233,11.94,7.2812,0.63376,0,6.9775,8.0132,5.4363,4.9506,9.0643,35.485,11.362,1.2918,4.8236,4.4211,8.1744,14.348,7.9343,19.085,10.259,10.121,11.608,10.943,2.0074,0.93328,10.001,2.7591,0,0,0,0.020202,0.9798,0,0,1,0,0,0,0,1,0,0,0
0,2.3936,18.015,4.4584,0.7501,43.126,14.55,6.8102,8.3022,1.5946,0,6.9518,5.4564,3.8573,3.8775,11.943,42.127,9.0996,2.1835,2.8906,3.1205,8.4921,14.283,7.9225,8.2694,7.3634,6.5982,27.519,14.348,2.8038,0.45971,8.2976,2.1349,0,0,0.90625,0.052083,0.041667,0,0,1,0,0,0,0,1,0,0,0
0,2.8822,12.276,4.2431,3.6303,34.767,14.359,13.095,14.417,0.32922,0,8.2891,8.1814,7.0406,7.3245,12.305,28.563,8.6757,4.7961,1.5503,11.065,2.2085,12.947,9.6573,13.815,2.3031,4.3526,18.055,14.431,3.4147,0.67265,19.13,1.2209,0,0,0,0,1,0,0,1,0,0,0,0,1,0,0,0
0,5.9158,16.996,5.5754,5.6416,31.733,20.893,7.8192,5.1472,0.27908,0,3.4987,9.9805,6.7359,6.5031,9.1607,36.741,9.0156,3.9412,5.5317,3.8761,5.0159,19.134,9.6697,18.319,4.6572,7.977,16.842,12.809,1.4106,1.3508,6.6592,1.1716,0.091954,0.045977,0.66667,0.068966,0.12644,0,0,1,0,0,0,0,1,0,0,0
0,2.1877,7.4251,10.007,11.745,22.538,39.098,3.6874,3.3119,0,0,9.2288,16.741,10.809,9.7611,4.09,15.669,6.8026,9.0366,7.6738,9.0134,1.1739,20.598,16.585,26.705,1.1739,3.1462,8.475,6.2562,3.6096,2.7825,10.669,0,0,0,0,0,1,0,0,1,0,0,0,0,1,0,0,0
3.7924,0,7.7108,0,1.694,60.181,10.155,0,10.206,0.51379,5.7471,20.259,2.6212,5.9247,4.2307,17.647,20.15,11.082,8.023,8.2081,1.8542,0,2.6212,1.9547,2.2078,11.082,28.974,26.732,11.403,4.82,4.7195,5.4864,0,0,0,0.068966,0.27586,0.65517,0,0,1,0,0,0,0,1,0,0,0
0,2.7081,9.5653,5.5466,5.4092,58.984,7.8291,3.438,6.2228,0.29663,0,3.8369,5.1145,4.7617,4.9753,9.245,51.749,9.427,2.8566,0.98966,3.7145,3.3293,12.577,5.0732,7.1597,1.1055,2.0887,36.988,22.427,3.1134,2.4669,5.7319,1.2687,0,0,1,0,0,0,0,1,0,0,0,0,1,0,0,0
0,8.5635,7.1349,17.857,14.169,22.208,5.7765,21.714,2.5774,0,0,3.5036,16.488,4.2988,10.397,17.58,25.719,8.0733,3.376,1.4085,8.3955,0.75987,14.819,10.16,25.455,0.75987,1.9809,12.34,9.3464,4.9424,4.2326,15.964,0,0,0,0,0,1,0,0,1,0,0,0,0,1,0,0,0
0,3.3065,7.1604,8.8851,9.286,49.147,12.407,5.7258,4.0828,0,0,6.2496,9.4178,5.7397,4.0784,9.9901,39.273,10.282,4.8023,4.1247,5.1417,0.90044,10.453,10.424,12.682,0.5388,1.4495,27.401,19.141,4.3049,5.7492,7.4943,0.36163,0.28788,0.12121,0.5303,0.015152,0.045455,0,0,1,0,0,0,0,1,0,0,0
0,0.79263,4.0728,4.2132,7.1807,81.217,2.5233,0,0,0,0,1.555,2.3109,1.761,3.0975,12.531,63.097,8.7964,5.3268,1.5247,0,0,6.1809,3.043,1.5853,0,2.6353,57.447,21.811,4.6271,2.6701,0,0,0,0.058824,0.94118,0,0,0,0,1,0,0,0,0,1,0,0,0
0,2.3567,2.6534,10.457,11.611,68.707,4.2143,0,0,0,0,2.7567,5.4444,3.8143,4.9482,13.473,46.946,16.659,5.1588,0.80012,0,0,6.7942,3.8878,4.7133,0,3.9522,43.881,21.601,5.4399,9.7309,0,0,0.27273,0.090909,0.54545,0.045455,0.045455,0,0,1,0,0,0,0,1,0,0,0
2.2944,1.688,12.755,10.286,13.314,20.739,16.128,15.439,5.3943,1.4938,0.46842,15.949,9.6371,8.4147,8.0382,12.229,10.237,10.28,5.396,4.0262,2.8229,12.971,18.827,18.289,10.335,10.466,5.5977,2.6693,7.2944,7.2155,4.7973,8.3477,6.1614,0,0.33721,0.66279,0,0,0,0,0.13953,0.86047,0,0,0,0.023256,0.97674,0,0
2.2757,2.8641,14.138,8.0452,10.84,16.762,15.618,19.866,6.9292,2.1614,0.50086,21.844,9.0826,7.6342,7.1076,8.4769,11.525,12.538,2.1433,2.5097,3.783,13.355,21.978,20.279,9.8161,8.1637,2.7246,2.7377,4.0294,12.339,3.6358,5.6629,8.6328,0,0.2,0.725,0.075,0,0,0,0.075,0.925,0,0,0,0,1,0,0
1.3844,1.4047,11.902,17.445,19.31,21.215,8.783,13.509,2.9738,1.5086,0.56377,15.379,4.1123,8.6562,10.432,12.395,9.0555,5.6287,4.594,5.4637,2.0561,22.227,15.544,14.755,6.3456,12.123,5.0966,5.716,10.417,10.083,7.3759,6.6297,5.9139,0,0.11765,0.83824,0.044118,0,0,0,0.17647,0.82353,0,0,0,0.029412,0.97059,0,0
0.52081,2.6419,16.796,11.35,13.631,21.212,13.692,12.538,4.6065,1.0956,1.916,11.761,5.1999,10.541,8.1066,13.299,11.894,9.0573,5.0611,5.6771,1.6327,17.771,21.336,14.495,8.0745,13.239,5.9709,3.5758,5.8428,8.7534,5.6407,8.6973,4.375,0.020619,0.76289,0.19588,0.020619,0,0,0,0.20619,0.79381,0,0,0,0.10309,0.89691,0,0
2.0368,1.6741,7.2888,5.7789,21.38,24.391,17.833,10.699,6.4267,1.8866,0.60447,14.97,5.5499,10.6,10.676,9.6805,12.847,11.4,7.145,10.112,3.5988,3.4217,5.3876,10.401,10.484,14.355,4.9195,7.0248,12.072,10.003,4.9998,11.299,9.0537,0.025641,0.71795,0.24359,0.012821,0,0,0,0.97436,0.025641,0,0,0,0.87179,0.12821,0,0
0.90896,2.9875,12.105,8.934,17.142,21.494,15.926,13.714,5.4808,0.79044,0.51754,16.86,4.4035,11.827,7.8333,9.2386,16.421,10.651,5.0744,6.09,2.1748,9.4263,15.528,8.7405,8.896,14.976,3.8931,2.75,6.7545,13.969,4.5008,12.103,7.8895,0,0.012987,0.37662,0.61039,0,0,0,0.98701,0.012987,0,0,0,0,1,0,0
0,0,0,0,0,100,0,0,0,0,0,0,0,0,0,26.411,62.959,10.63,0,0,0,0,0,0,0,0,8.2792,67.923,21.882,1.9153,0,0,0,0,0,1,0,0,0,0,1,0,0,0,0,1,0,0,0
2.3537,3.5542,14.89,12.039,14.121,18.795,10.873,13.473,6.6127,2.1473,1.1416,20.858,6.4344,10.01,7.8039,9.0157,8.5453,10.157,4.1843,4.7339,2.0409,16.217,17.463,17.485,5.2529,7.9455,4.5945,5.6461,6.703,12.541,4.8731,8.1388,9.3561,0.13333,0.8,0.066667,0,0,0,0,0.93333,0.066667,0,0,0.87778,0.12222,0,0,0
0.83554,3.0249,12.157,8.006,15.469,29.165,11.696,9.9906,6.488,0.59104,2.5772,13.779,6.0915,12.451,8.2602,10.573,18.608,10.159,5.4588,4.9268,2.9192,6.7731,14.638,8.0915,6.591,11.762,8.4185,5.5303,7.1396,11.482,5.8797,12.257,8.2106,0,0.021505,0.90323,0.075269,0,0,0,1,0,0,0,0,0.021505,0.97849,0,0
0,0,1.4412,0.68827,0,91.219,0,0,5.2101,1.4412,0,0,1.4412,0,3.5348,6.992,75.55,9.1561,0,1.8845,1.4412,0,0,0.72061,0.72061,0,6.6263,76.625,7.9682,0,2.1295,3.3257,1.8845,0.059701,0.22388,0.71642,0,0,0,0,1,0,0,0,0,1,0,0,0
0.6612,3.1462,15.205,17.741,19.772,25.921,3.2984,5.7531,5.8564,1.1591,1.487,8.6526,7.3461,16.597,8.2737,11.243,11.361,5.9724,12.863,2.64,8.7129,6.3389,14.685,8.2225,3.7357,3.393,4.8767,5.865,16.236,16.11,14.327,6.0304,6.5187,0,0.84375,0.15625,0,0,0,0,1,0,0,0,0.03125,0.96875,0,0,0
0,3.5995,8.8059,13.715,28.117,27.426,3.6976,3.3504,7.6182,0,3.6705,7.27,4.8202,13.651,15.203,9.9826,10.228,2.7985,14.606,6.5212,6.6687,8.251,6.4014,7.416,2.1297,5.6922,6.9952,6.5893,17.986,16.522,12.833,9.5294,7.9052,0,0.14516,0.85484,0,0,0,0,1,0,0,0,0,1,0,0,0
2.0866,5.4776,6.2397,0,1.2313,61.967,1.5342,0,9.1908,8.0501,4.2227,8.2548,6.5216,2.1624,6.4816,7.9573,41.618,12.131,4.1202,3.0436,6.4963,1.2131,0,8.7207,1.7834,3.8175,10.644,38.275,17.096,3.0744,6.6348,7.4916,2.4634,0,0.076923,0.92308,0,0,0,0,1,0,0,0,0,1,0,0,0
3.3212,2.5178,11.07,12.858,14.501,27.573,11.398,10.388,4.9973,1.1105,0.26604,14.239,10.124,8.9933,6.7119,11.326,15.883,9.6073,9.305,5.6177,1.2487,6.9436,12.375,10.415,10.833,9.4578,5.1432,4.4975,9.6334,14.585,6.0231,11.861,5.1767,0,0,0.62857,0.37143,0,0,0,0.97143,0.028571,0,0,0,0.4,0.6,0,0
0.47168,0,6.2961,10.186,15.247,45.019,8.5149,8.075,5.2958,0,0.89375,9.8215,4.0874,6.6951,5.774,12.238,33.135,9.2953,8.8448,6.9861,0.93732,2.1848,4.1128,3.7042,4.5419,7.8354,6.0024,26.968,7.1189,9.7801,4.0969,17.818,8.022,0,0,0.26316,0.73684,0,0,0,1,0,0,0,0,0.55263,0.44737,0,0
0,0,0,5.9159,31.8,23.752,6.2366,16.311,7.4724,8.5133,0,16.162,5.1663,8.565,3.4755,10.86,16.801,12.993,4.5474,0.86422,1.9389,18.626,4.9353,3.6297,1.419,2.2832,4.4653,9.7719,16.51,20.419,1.4974,14.171,20.898,0,0,0,0.83908,0.16092,0,0,1,0,0,0,0,1,0,0,0
1.0626,1.8488,12.766,13.929,13.58,25.137,6.5377,10.412,10.695,1.311,2.721,11.869,5.9009,10.621,6.6581,8.2765,13.822,6.6704,10.998,7.8236,7.0486,10.312,12.858,8.4585,6.2717,7.8949,7.0362,3.5514,9.3632,10.753,10.154,13.163,10.496,0.13333,0.64103,0.22564,0,0,0,0,0.98462,0.015385,0,0,0.05641,0.70769,0.2359,0,0
0,0.97386,9.9241,8.5629,15.864,40.139,3.5715,9.1713,8.9195,0,2.8746,14.024,5.3812,12.175,5.4765,7.6457,23.862,8.0636,4.7473,8.0438,4.8581,5.7228,9.1561,8.1183,7.697,6.2793,10.507,15.809,7.4016,5.756,8.7428,13.123,7.4111,0,0.03,0.67,0.23,0.07,0,0,1,0,0,0,0,0.96,0.04,0,0
0,0,2.2123,10.092,20.25,45.678,0,12.98,6.734,0,2.0538,17.269,7.8654,5.8816,4.255,10.202,21.679,7.4685,4.0499,7.9612,4.6038,8.7646,3.147,10.926,9.1793,1.125,10.167,21.081,14.623,2.03,7.5722,8.3485,11.8,0.005848,0.035088,0.035088,0.92398,0,0,0,1,0,0,0,0,1,0,0,0
0,1.3829,7.8368,9.2202,11.853,36.741,1.1197,15.012,9.2977,0,7.5368,11.366,13.656,21.619,4.0989,7.5126,8.3422,3.6753,9.3552,7.5507,8.734,4.0904,11.098,11.775,8.1247,7.246,11.539,4.7708,10.209,6.3918,12.072,11.149,5.6249,0,0.15315,0.6036,0.24324,0,0,0,1,0,0,0,0,0.51351,0.48649,0,0
0,3.6836,4.3367,7.4828,27.427,38.158,4.6901,3.5696,7.0222,0,3.6299,7.3135,7.2166,13.865,12.204,9.8949,20.794,4.6903,8.444,3.9945,9.0991,2.4839,4.5327,4.1621,3.1981,6.307,11.017,12.699,19.834,15.931,10.731,6.6716,4.9164,0.021277,0.014184,0.099291,0.86525,0,0,0,1,0,0,0,0,1,0,0,0
0,0.47562,10.149,15.977,12.754,37.359,0,3.4444,17.814,0,2.0266,5.2867,1.9867,11.781,7.3084,6.3915,22.564,3.4746,10.955,10.858,16.343,3.0508,12.895,4.6619,1.9214,0.67084,10.757,15.032,12.964,2.6063,14.002,14.657,9.8323,0,0,0.071429,0.035714,0.89286,0,0,1,0,0,0,0,1,0,0,0
0,0,0,3.972,29.82,30.953,4.7364,13.663,15.158,1.6965,0,19.585,2.7465,3.1591,6.852,8.2821,26.138,13.53,5.6735,3.0357,3.7762,7.222,3.6929,1.1924,0.37719,0.37719,6.768,13.994,28.577,11.739,3.9821,14.398,14.902,0,0,0,1,0,0,0,1,0,0,0,0,1,0,0,0
0,0,0,7.9789,25.847,51.282,2.8509,7.1372,4.098,0.80574,0,11.759,6.1616,4.0343,7.8973,10.989,25.339,12.997,1.9644,0.87828,8.7929,9.1869,6.2423,5.3558,0,0,9.9463,9.1666,34.479,13.265,3.2942,5.5142,12.737,0.13636,0.30303,0.34848,0.21212,0,0,0,1,0,0,0,0,1,0,0,0
0,1.9384,15.197,14.923,15.706,29.572,0.80202,4.7161,13.183,0,3.9634,6.8528,8.144,16.403,10.02,6.8406,12.426,3.4104,8.9913,9.5293,11.706,5.6758,15.822,7.6907,1.6308,3.6289,6.1638,9.6068,12.103,10.182,15.844,12.102,5.2267,0,0.22034,0.72881,0.050847,0,0,0,1,0,0,0,0,0.9661,0.033898,0,0
0.71679,3.516,4.8337,14.922,22.994,36.546,3.7883,3.5166,3.8889,2.5139,2.7632,5.9409,7.7878,10.338,9.2952,17.109,17.841,7.4861,12.305,2.5951,7.3503,1.9506,4.3905,4.7641,0.94925,3.5202,5.8803,15.314,26.3,12.775,19.829,3.3319,2.9461,0,0,0.98246,0.017544,0,0,0,1,0,0,0,0,1,0,0,0
0,2.6176,0.9317,0,0,85.865,0,0,8.3448,2.2405,0,2.6176,0.9317,1.3088,2.3977,2.8596,77.525,6.4129,0,3.7066,2.2405,0,0,0.46585,0.46585,0,3.3295,77.902,4.6343,0,4.8581,4.6383,3.7066,0,0.036145,0.96386,0,0,0,0,1,0,0,0,0,1,0,0,0
1.7236,5.1164,4.2569,0,0.38404,68.81,0.97497,0,8.5269,8.0967,2.1105,6.3719,5.1313,3.3397,2.3049,9.1332,49.517,12.605,1.2556,1.8898,7.5898,0.86182,0,4.1893,1.3135,3.0855,7.6141,50.592,13.202,2.2111,8.7783,7.0239,1.9904,0.033898,0.25424,0.71186,0,0,0,0,1,0,0,0,0,1,0,0,0
3.998,4.3993,3.0649,0,6.7442,54.039,6.2655,0,10.529,7.2325,3.7269,8.1762,6.1157,6.5451,8.1849,12.055,33.329,11.732,3.3219,2.4895,6.7515,1.2998,0,3.9003,0.46441,6.9012,18.763,29.31,16.106,8.1225,7.0509,5.8051,3.5765,0,0.14286,0.85714,0,0,0,0,1,0,0,0,0,1,0,0,0
0.81028,5.2129,5.0379,0,3.051,48.948,6.6957,0,13.152,15.025,2.0667,8.4136,7.8804,6.9384,6.4802,12.486,30.642,10.99,4.4858,3.6587,7.7603,0.26435,0,5.1692,1.4467,6.8885,12.219,22.779,20.525,4.4187,12.325,9.7368,4.4931,0.0375,0.2,0.7625,0,0,0,0,1,0,0,0,0,1,0,0,0
0,5.6717,2.9541,2.9116,14.643,57.211,0.95054,5.1194,5.7264,3.759,1.053,7.3749,6.1739,3.1244,0.55147,13.77,35.513,11.716,1.1029,2.7592,1.9126,16.002,0,7.1229,5.5662,7.6752,7.7099,44.266,15.141,1.5199,4.5176,2.8632,3.6174,0,0,0,0.60504,0.39496,0,0,1,0,0,0,0,1,0,0,0
0,4.846,1.824,0,7.1459,63.294,0.91201,3.9273,16.291,1.7596,0,1.7596,6.67,1.6438,0,13.288,46.26,10.161,0,3.9273,7.8612,8.4296,0,4.8393,0,5.758,0.91201,43.281,27.275,1.6438,5.758,9.653,0.8798,0.047619,0.083333,0.11905,0.071429,0.67857,0,0,1,0,0,0,0,1,0,0,0
1.3899,4.4382,0.54574,1.7839,18.496,58.767,4.7116,2.193,3.3474,1.7542,2.5734,6.6473,3.5759,4.1403,4.8886,23.106,31.835,14.664,3.8302,1.3011,1.9574,4.0541,0,2.7388,0.54574,4.9839,11.908,26.981,37.454,6.0243,6.7497,1.9574,0.65636,0,0,0,0.82143,0.17857,0,0,1,0,0,0,0,1,0,0,0
2.3068,4.9226,0,0,13.293,67.513,2.3719,1.1813,3.488,3.7367,1.186,4.6787,1.186,7.1744,1.186,14.464,38.715,20.453,2.3068,1.1813,1.1813,7.4734,0,1.1813,0,4.9226,11.599,45.247,25.137,7.2396,3.4927,1.1813,0,0.092308,0.13846,0.23077,0.41538,0.12308,0,0,1,0,0,0,0,1,0,0,0
0,7.0674,6.6359,0,0,56.814,2.0029,3.4077,13.838,10.235,0,8.4274,4.0057,2.6301,0,7.845,45.129,5.8421,0,6.0378,1.4048,18.678,0,8.0407,2.6301,6.4401,2.0029,61.34,5.7083,0,2.0029,8.9365,2.8987,0.13043,0.11594,0.72464,0.028986,0,0,0,1,0,0,0,0,0.44928,0.55072,0,0
3.0885,4.6943,1.6984,3.4141,18.065,50.913,3.5421,0.99076,8.1569,4.5075,0.92989,7.5874,4.9795,12.239,8.091,16.566,20.953,14.845,7.1467,1.6215,5.5057,0.46494,0.71627,2.4379,0,3.9548,13.871,18.478,30.098,9.9882,13.201,3.8596,3.3946,0,0.019608,0.55882,0.42157,0,0,0,1,0,0,0,0,1,0,0,0
1.2798,6.0373,2.3493,0,11.958,49.922,8.898,0,8.2175,7.9618,3.3763,9.6316,5.9436,6.4467,5.9436,19.474,29.219,13.416,1.4978,3.0399,4.7481,0.6399,0,2.9892,0,6.372,12.739,20.442,31.706,8.4512,11.005,3.4683,2.8284,0.010526,0.052632,0.14737,0.78947,0,0,0,1,0,0,0,0,1,0,0,0
5.4894,8.2231,6.8369,0,3.3482,46.214,3.7477,0,13.983,6.0063,6.1508,10.186,7.5007,4.8452,7.2374,12.334,24.052,15.173,1.8788,4.4272,10.205,2.1607,0,9.3719,0.26852,5.9324,21.487,17.402,18.136,6.5729,11.889,7.3202,1.62,0,0.30303,0.69697,0,0,0,0,1,0,0,0,0,1,0,0,0
3.8938,7.8344,4.7209,0,1.3798,45.742,6.4167,0,10.843,15.618,3.5508,10.194,7.9307,8.7482,5.34,13.019,24.455,12.196,5.1398,1.9039,9.7017,1.3709,0,6.558,1.534,9.8741,15.393,15.837,23.297,5.5838,9.8972,8.5499,3.477,0,0.058824,0.34118,0.6,0,0,0,1,0,0,0,0,1,0,0,0
0,0.56347,2.7479,1.0116,2.129,85.668,0.56347,0,3.4414,2.7479,1.1269,2.9848,3.8748,0,1.881,14.765,56.362,11.441,6.5673,0.67033,1.4535,0,0,2.6683,1.8537,0,7.1256,54.261,24.845,2.0453,3.7595,2.771,0.67033,0,0.022222,0.97778,0,0,0,0,1,0,0,0,0,1,0,0,0
0,1.66,3.1337,0.79768,3.2189,80.917,1.66,0,2.1593,3.1337,3.3199,6.9286,6.4536,0,6.5361,13.693,49.542,11.468,4.1933,0,1.1849,0,0,3.5156,3.9124,0,11.623,43.481,27.473,3.9045,3.9314,2.1593,0,0.2561,0.10976,0.45122,0.04878,0.13415,0,0,1,0,0,0,0,1,0,0,0
1.4924,7.0675,9.6457,0,2.1219,50.927,2.2063,0,5.6185,12.507,8.4142,9.6224,9.2452,0.8959,6.0426,12.019,30.832,12.875,3.9248,1.1148,12.338,1.0902,0,9.9642,6.6281,3.8776,9.0413,23.013,23.64,6.0056,7.1429,10.069,0.61829,0.010989,0.043956,0.94505,0,0,0,0,1,0,0,0,0,1,0,0,0
0.88343,7.9447,12.318,0,8.0876,50.305,0.769,0,3.8917,11.908,3.8928,11.235,10.956,0,5.6985,8.6523,31.647,12.37,10.023,0.49642,8.0387,0.88343,0,15.645,5.6138,3.0323,7.5651,23.07,21.095,6.3818,9.539,8.0571,0,0.17172,0.11111,0.37374,0.070707,0.27273,0,0,1,0,0,0,0,1,0,0,0
2.3832,13.43,11.195,0,6.5129,44.25,2.3556,0,6.3637,9.7232,3.7859,13.197,15.703,0.7671,4.9565,7.957,26.901,11.004,9.9515,1.1623,6.3216,2.0784,0,15.294,9.6437,6.6676,9.2028,18.643,18.528,5.6193,8.9206,7.2501,0.23114,0,0.30556,0.69444,0,0,0,0,1,0,0,0,0,1,0,0,0
0.40146,17.985,17.729,0,16.57,40.04,1.0688,0,0.23982,3.7121,2.2531,18.436,18.731,0,1.3664,2.5968,51.134,2.4178,2.3023,0,2.6141,0.40146,0,33.789,2.8321,1.3128,1.6017,33.996,5.0595,17.457,2.067,1.8849,0,0,0,0,0,1,0,0,1,0,0,0,0,1,0,0,0
0.36079,16.223,15.474,0,28.798,33.749,0.89865,0,0,2.863,1.6327,29.7,16.4,0,14.697,2.0758,17.347,1.5936,15.639,0,2.1872,0.36079,0,15.993,16.242,1.2399,1.1019,15.874,17.071,15.734,15.354,1.3904,0,0,0,0,0.14286,0.85714,0,0,1,0,0,0,0,1,0,0,0
0.3952,8.6779,9.6161,0,10.354,35.831,4.6646,0,4.3956,20.581,5.4845,7.3766,14.474,0.1976,5.3388,10.137,29.853,9.5443,9.4469,1.2104,12.223,0.1976,0,16.289,5.7358,5.2195,3.7085,15.164,16.745,11.664,14.535,10.938,0,0,0,0.54762,0.45238,0,0,0,1,0,0,0,0,1,0,0,0
2.8522,9.2326,12.583,0,2.1646,44.812,3.6193,0,5.7159,14.064,4.9563,7.1387,11.056,2.3839,7.083,10.956,26.246,14.175,5.8115,1.3178,11.841,1.9906,0,16.324,5.2237,6.2719,10.71,18.3,20.136,5.6377,9.575,6.7443,1.0771,0,0.070175,0.92982,0,0,0,0,1,0,0,0,0,1,0,0,0
2.8798,13.204,8.5579,0,4.5663,38.131,4.0626,0,9.973,14.229,4.3962,6.9572,13.609,1.3232,3.1205,10.951,26.902,11.244,9.5889,3.0729,10.752,2.4786,0,11.172,8.5851,9.9713,11.966,15.453,13.76,6.2138,10.905,11.513,0.46104,0,0.030769,0.23077,0.73846,0,0,0,1,0,0,0,0,1,0,0,0
4.2601,21.969,16.511,0,3.3504,41.949,0.45148,0,2.4034,5.7621,3.3438,10.875,14.594,0,4.3885,8.4766,22.061,15.155,10.176,0.68557,9.3289,4.2601,0,19.687,14.645,9.2057,10.004,16.636,17.323,3.3705,4.9692,4.1586,0,0,0.03125,0.09375,0.875,0,0,0,1,0,0,0,0,1,0,0,0
1.0094,0,0.69829,0,2.16,94.189,1.0094,0.53184,0.402,0,0,1.4114,0.402,1.7077,0.69829,3.8865,89.872,2.0222,0,0,0,0,0,0,0.53184,1.4114,5.9092,88.887,0,0.42188,2.1402,0,0.69829,0,0,0.90196,0.098039,0,0,0,1,0,0,0,0,1,0,0,0
1.0907,2.8024,0.44212,1.0927,2.5667,78.797,7.5608,2.7501,0.92069,1.5349,0.44212,0.76639,3.0379,1.0907,8.4564,7.3176,60.669,13.198,0.64854,1.7097,2.0134,1.0927,0,2.3013,4.9561,2.6825,26.642,50.039,6.3434,1.7413,0.44212,1.2676,3.5847,0,0,0.90769,0.092308,0,0,0,1,0,0,0,0,1,0,0,0
2.9259,3.1412,6.8051,10.886,13.129,34.679,9.1548,8.7796,6.9002,3.2893,0.30949,18.18,7.4774,5.8877,11.812,6.2459,20.661,9.7413,2.3936,3.607,5.472,8.5223,8.0339,13.553,11.545,9.1367,8.6031,10.953,10.572,4.1977,5.6403,9.1002,8.6655,0,0.35616,0.61644,0.027397,0,0,0,1,0,0,0,0,1,0,0,0
3.0661,1.1236,5.7953,6.2451,8.4949,40.508,13.805,6.5739,10.477,2.9886,0.92206,17.29,7.8715,6.8463,6.7884,12.509,26.158,6.0073,0.74529,3.6783,4.1619,7.9448,6.7725,12.169,10.572,12.029,11.583,21.094,5.8279,2.743,6.3704,5.7019,5.1373,0,0.51724,0.44828,0.034483,0,0,0,1,0,0,0,0,1,0,0,0
1.0835,0,0.65172,0.70281,3.2818,80.428,9.1588,2.4494,2.0044,0,0.23971,3.9501,3.5736,3.9258,1.1168,9.3149,70.028,5.2918,1.7412,0.70469,0,0.35329,0,1.9489,3.3373,7.9194,11.344,66.155,3.1134,0,3.8651,0.59112,1.7261,0,0,0.93443,0.065574,0,0,0,1,0,0,0,0,1,0,0,0
0.26448,0,0.97011,2.6455,4.0807,67.011,12.367,7.5065,4.4428,0.7125,0,5.7415,2.7971,5.1246,1.8558,11.591,50.715,11.882,3.5219,2.455,0,4.3163,1.0287,3.6915,6.871,7.4337,17.311,47.193,5.3209,0,2.4877,1.0502,7.6119,0,0.2807,0.66667,0.052632,0,0,0,1,0,0,0,0,1,0,0,0
2.707,0.31802,13.04,1.2711,2.4448,54.529,1.2126,0,7.7874,8.2575,8.4332,17.256,1.5946,2.2669,4.4404,17.738,30.665,8.3343,1.6551,12.098,3.1425,0.80999,1.2126,7.2269,4.606,2.5847,19.581,27.339,14.435,9.0394,4.7895,8.9358,0.25004,0.3871,0.54839,0.064516,0,0,0,0,1,0,0,0,0,1,0,0,0
5.0676,0.22559,21.34,2.97,6.3363,44.561,3.8436,0.20815,5.2944,4.9222,5.2314,11.443,5.0599,1.9733,7.466,24.639,25.32,5.7755,2.2173,9.3249,4.0256,2.7562,3.9021,12.285,8.5837,4.1658,12.505,22.689,16.549,6.4016,6.0323,5.0739,1.8121,0.24286,0.38571,0.3,0.028571,0.042857,0,0,1,0,0,0,0,1,0,0,0
8.9879,4.196,11.814,3.9487,6.9807,44.42,4.6965,1.2499,2.718,8.2938,2.6944,8.2292,5.9616,3.1972,9.5264,18.107,25.742,9.0014,3.6899,6.7831,5.8597,3.9027,4.5269,7.694,10.464,6.9735,13.242,20.184,15.826,6.3978,6.7276,6.5793,1.3843,0,0.02,0.78,0.02,0.18,0,0,1,0,0,0,0,1,0,0,0
6.6835,6.0245,5.5659,5.7251,4.3693,28.572,11.101,7.092,18.94,5.2643,0.66339,9.1428,12.445,10.532,11.072,6.0889,19.033,7.9189,7.9029,4.1822,4.3692,7.3124,4.8438,7.7982,8.7008,11.043,6.614,12.69,8.2618,8.2128,3.2211,13.357,15.258,0,0.089286,0.19643,0.32143,0.39286,0,0,1,0,0,0,0,1,0,0,0
3.6,5.3182,3.6582,3.4375,12.36,41.596,12.111,4.3581,12.009,1.0824,0.46864,3.2952,9.4905,5.2602,11.526,3.5512,31.561,15.089,6.6026,8.7959,4.2151,0.61373,3.4512,6.3131,7.9297,8.8184,8.0919,24.352,11.738,7.0631,4.0808,7.5533,10.609,0,0,0.91489,0.085106,0,0,0,1,0,0,0,0,1,0,0,0
0,0,0.56785,2.326,12.762,53.441,13.324,9.6297,5.4392,2.5105,0,8.093,3.2998,6.7801,3.7339,12.643,38.224,12.678,3.0574,3.7352,1.6321,6.1236,2.3549,3.5893,3.8645,7.6669,16.679,31.789,12.931,3.9233,2.6,5.6132,8.9887,0,0.61111,0.38889,0,0,0,0,1,0,0,0,0,1,0,0,0
0,0.50311,4.7563,0,9.4279,84.323,0,0.27918,0,0.71034,0,2.9108,1.8191,5.5163,0.4767,0.55835,79.209,4.518,1.316,0.4767,0.97981,2.2197,0,0,0.27918,0,3.3764,77.719,7.0065,2.6415,5.4418,3.0325,0.50311,0,0,1,0,0,0,0,1,0,0,0,0,1,0,0,0
0,1.8513,0.26079,2.3778,11.016,68.404,3.3089,4.3053,6.7497,1.7262,0,5.0108,2.5254,3.7123,3.9237,4.2061,56.652,10.109,1.9564,2.4854,6.1736,3.245,0.64984,1.3535,1.5636,2.6209,6.3938,51.201,14.866,4.5919,4.2793,5.0264,7.4539,0,0,1,0,0,0,0,1,0,0,0,0,1,0,0,0
0,5.9286,0.20317,2.1658,11.586,41.399,6.085,2.2275,19.064,11.34,0,18.056,6.9515,3.0799,2.3335,1.9709,28.283,6.3193,6.5825,2.5544,15.629,8.2408,0.46488,0.43581,5.192,5.8901,6.4131,24.033,18.647,5.6032,9.5128,13.781,10.027,0,0,0.36111,0.22222,0.41667,0,0,1,0,0,0,0,1,0,0,0
0,0,0,3.7735,29.295,38.13,7.5873,11.364,7.6137,2.2371,0,8.2799,5.7322,8.9978,7.0323,11.823,23.497,11.984,7.6815,2.513,4.6359,7.8228,6.7428,4.1944,0.39175,0.39175,4.3631,12.191,32.684,9.0122,3.9011,11.879,14.249,0.086957,0.065217,0.043478,0.65217,0.15217,0,0,1,0,0,0,0,1,0,0,0
0,0.45651,16.698,10.756,0,26.017,22.627,2.3126,19.286,1.8459,0,4.4863,8.4947,0.63313,4.2065,14.176,31.761,18.225,0.54134,8.4877,4.4396,4.5484,17.87,8.4947,1.5461,21.647,5.791,14.688,8.3632,0.45651,3.0502,12.496,5.5959,0,0.75,0.17857,0.035714,0.035714,0,0,0.39286,0.60714,0,0,0.78571,0.21429,0,0,0
0,0.46913,20.276,7.6157,0,36.903,18.782,5.0449,10.439,0.46913,0,1.8998,7.6093,3.11,2.8964,12.239,45.029,10.611,2.4097,7.4062,0.96157,5.8274,17.878,7.6093,2.8731,18.313,6.0889,22.221,9.5317,0.46913,0.96157,9.9819,4.0716,0,0.025641,0.82051,0.076923,0.076923,0,0,1,0,0,0,0,1,0,0,0
0,7.8848,15.777,3.6696,6.2006,10.935,13.516,14.606,12.277,10.971,4.1627,7.8098,1.0291,5.5547,7.5393,21.72,15.797,23.564,5.9983,1.7111,4.4668,4.8095,1.3142,22.122,19.132,6.7559,6.6171,1.0462,4.7514,9.97,15.536,9.317,3.4377,0,0,0,0.85714,0.14286,0,0,1,0,0,0,0,1,0,0,0
1.3204,5.5337,12.298,7.8785,13.165,24.426,16.841,10.992,6.3741,0.5583,0.6139,16.776,5.0857,11.95,5.8571,13.273,13.672,10.966,5.5684,6.5982,1.2635,8.9896,14.764,10.679,7.0001,13.233,7.1495,2.3038,3.332,11.291,5.1249,16.341,8.7823,0,0,0,0.96154,0.038462,0,0,1,0,0,0,0,0,1,0,0
1.7342,1.1895,15.819,9.1336,15.592,18.523,13.369,13.374,9.213,1.1453,0.90652,13.731,7.5289,8.8462,8.8157,9.9877,17.126,10.952,7.4346,4.0462,1.7584,9.7733,16.692,9.847,6.0211,12.316,7.1421,3.2362,6.5683,11.849,7.5489,9.1394,9.6398,0,0.027778,0.16667,0.80556,0,0,0,0.97222,0.027778,0,0,0,0,1,0,0
0.30503,0,0.95296,3.5844,9.0401,62.354,21.753,1.1248,0.88638,0,0,0.93402,6.8909,12.899,10.484,12.742,12.309,26.765,10.06,5.0413,1.8759,0,0.32397,1.1248,0.88638,16.755,28.22,30.884,13.14,4.4518,2.486,1.7274,0,0,0,0.64706,0.21569,0.13725,0,0,1,0,0,0,0,1,0,0,0
6.1176,5.6018,15.461,8.0514,15.337,29.121,6.4321,1.6619,3.365,6.9774,1.8741,8.0336,7.0047,8.2357,9.6191,16.388,11.528,8.4546,11.879,7.3633,6.0807,5.4142,4.316,12.325,10.005,7.4613,4.9854,15.24,8.8688,11.38,11.161,9.7928,4.4648,0,0.21795,0.57692,0.20513,0,0,0,1,0,0,0,0.21795,0.78205,0,0,0
4.4715,9,14.244,9.6954,5.1665,36.706,2.7358,0.25717,7.8524,5.2476,4.6239,11.424,3.355,11.869,3.5903,10.033,21.689,8.7357,9.3024,4.9787,5.5245,9.4978,10.475,1.2976,7.5833,1.0404,4.9941,24.099,5.5245,15.984,11.452,12.419,5.131,0.034483,0.2931,0.32759,0.34483,0,0,0,1,0,0,0,0,1,0,0,0
0,3.8039,17.597,7.0973,7.5102,34.615,2.4096,0.41699,19.707,3.8934,2.9494,11.83,1.1728,5.8904,5.9045,15.656,23.159,10.077,4.3962,4.7423,7.0106,10.161,4.7469,11.617,8.7516,1.3863,9.8812,10.37,14.961,9.7254,14.449,7.9465,6.1648,0,0.28,0.62,0.1,0,0,0,1,0,0,0,0,1,0,0,0
0,4.7863,13.541,4.0926,3.178,49.63,0.59116,0,19.108,3.5588,1.5144,14.128,0.86402,3.7649,1.9686,13.589,34.258,9.3348,2.4099,4.9329,5.5602,9.1903,4.8812,7.9531,7.0704,0.37792,9.9063,22.77,17.628,5.332,10.087,7.3636,6.6301,0,0,0.097222,0.45833,0.44444,0,0,1,0,0,0,0,1,0,0,0
0,3.1921,21.217,2.0845,0,67.037,0,0,5.8079,0.66177,0,10.275,0,3.1468,1.2418,10.76,54.683,6.2028,0.9334,3.6735,4.6993,4.3845,8.9945,8.109,8.7279,0,3.4066,46.17,18.123,0,1.1076,4.2544,1.1076,0.43333,0.1,0.46667,0,0,0,0,1,0,0,0,0,0.5,0.5,0,0
0,6.5144,18.458,3.0712,0,61.085,0.58909,0,8.8032,1.4787,0,11.279,2.8671,1.2898,0.40278,14.763,45.836,9.4173,0,5.0465,1.4953,7.6033,6.3631,10.403,7.3349,2.4644,5.1761,42.091,16.072,0.40278,3.7567,4.6437,1.2924,0.72414,0.2069,0.068966,0,0,0,0,1,0,0,0,0,0.75862,0.24138,0,0
0,0,3.9203,4.934,10.333,76.934,3.0687,0,0,0,0.81024,4.9646,0.81024,3.3069,2.6472,17.363,51.053,10.555,4.2796,2.1098,2.1007,0.81024,2.5302,0.57992,1.9012,0,18.676,44.633,13.244,8.4545,3.8868,4.6065,1.4873,0,0,0.028037,0.96262,0.0093458,0,0,1,0,0,0,0,1,0,0,0
0,0,1.7729,7.0019,23.077,48.023,3.5231,12.266,3.167,0,1.169,22.084,6.7511,1.796,1.3831,14.464,19.826,12.602,0.65515,6.8924,0.62571,12.92,0,13.164,11.552,1.2798,21.799,16.58,10.873,6.7298,1.4356,3.6661,12.922,0,0,0.02439,0.97561,0,0,0,1,0,0,0,0,1,0,0,0
0,0,2.8993,1.6513,11.655,75.197,1.5527,2.0291,2.4851,0,2.5302,10.211,1.4548,2.5415,1.6399,17.184,44.826,16.185,0,1.4863,1.0303,3.4421,0,3.9296,6.3773,2.4433,21.225,38.114,17.758,3.2905,1.0102,3.669,2.1828,0,0.21429,0.14286,0.64286,0,0,0,1,0,0,0,0,1,0,0,0
0.87668,0.61341,3.1725,7.6558,13.985,37.724,16.307,8.9752,4.4111,6.2797,0,12.455,2.9871,5.0832,2.4024,11.557,22.725,17.253,5.7527,5.3596,0.54011,13.885,3.7859,4.0089,8.599,8.7112,14.276,15.722,13.18,8.2273,1.1062,9.0795,13.304,0.20833,0.125,0.083333,0.083333,0.5,0,0,1,0,0,0,0,1,0,0,0
0,0.91633,1.8269,10.889,12.324,57.078,14.217,2.749,0,0,0,1.4262,10.858,8.5123,4.1695,13.426,36.277,17.241,4.3213,1.4262,2.3426,0,13.595,9.9414,7.0277,0,0,34.448,22.118,2.8951,6.7163,3.2589,0,0,0,0,0,1,0,0,1,0,0,0,0,1,0,0,0
0,6.0942,4.8222,15.473,23.638,39.723,6.9545,2.5581,0.73802,0,0,7.6028,8.6705,2.9917,10.355,14.009,28.698,12.763,10.811,1.7698,2.3295,0,9.9127,3.7303,16.119,0,0,24.169,15.838,15.29,11.636,3.3052,0,0.037037,0.11111,0,0,0.85185,0,0,1,0,0,0,0,1,0,0,0
