h1,h2,h3,h4,h5,h6,h7,h8,h9,h10,h11,h12,h13,h14,h15,h16,h17,h18,h19,h20,h21,h22,h23,h24,h25,h26,h27,h28,h29,h30,h31,h32,h33,h34,h35,h36,h37,h38,h39,h40,h41,h42,h43,h44,h45,h46,h47,h48,label
0,0,0,0,0.34297,98.15,1.5071,0,0,0,0,0,0,0,3.2806,30.899,57.527,8.2929,0,0,0,0,0,0,0,0,10.631,76.064,13.305,0,0,0,0,0,0,0.36,0.28,0.36,0,0,1,0,0,0,0,1,0,0,0
0,0,0,0,0,97.754,2.2458,0,0,0,0,0,0,0,6.4107,26.369,48.621,18.599,0,0,0,0,0,0,0,0,14.121,50.48,35.398,0,0,0,0,0,0,0.78125,0.1875,0.03125,0,0,1,0,0,0,0,1,0,0,0
0,0,0,0,0,98.659,1.3411,0,0,0,0,0,0,0,1.0221,17.509,71.559,9.9097,0,0,0,0,0,0,0,0,14.563,75.5,9.9374,0,0,0,0,0,0,1,0,0,0,0,1,0,0,0,0,1,0,0,0
0,0,0,0,1.0009,96.548,2.4509,0,0,0,0,0,0,0,3.9166,26.8,53.094,16.189,0,0,0,0,0,0,0,0,11.375,57.411,30.489,0.72411,0,0,0,0,0,0.98,0.02,0,0,0,1,0,0,0,0,1,0,0,0
0,0,0,0,0,94.241,5.7585,0,0,0,0,0,0,0,4.5169,25.746,53.811,15.926,0,0,0,0,0,0,0,0,16.356,68.029,15.614,0,0,0,0,0,0,1,0,0,0,0,1,0,0,0,0,1,0,0,0
0,0,0,0,0,94.435,5.2541,0,0.31128,0,0,0,0,0,2.0237,14.78,63.142,19.743,0.31128,0,0,0,0,0,0,0,34.744,59.485,5.4595,0,0,0.31128,0,0,0,1,0,0,0,0,1,0,0,0,0,1,0,0,0
0,0,0,0,0.26108,96.424,3.3146,0,0,0,0,0,0,0,2.661,16.817,67.28,13.242,0,0,0,0,0,0,0,0,17.717,69.593,12.415,0.27482,0,0,0,0,0,1,0,0,0,0,1,0,0,0,0,1,0,0,0
0,0.18081,0.36162,0,0,94.447,0.95151,1.2292,2.1745,0.65492,0,0.18081,0,0.52419,0.80113,7.6393,67.743,19.871,1.4695,0.54243,0.52419,0.705,0,0.18081,0.36162,0,25.708,68.182,1.3961,0.2933,0.65492,2.1745,1.0484,0,0,1,0,0,0,0,1,0,0,0,0,1,0,0,0
0,0,0,0,0,97.295,0,0,1.756,0.94943,0,0,0,0,0.52477,4.8964,66.829,25.994,1.3314,0,0.42466,0,0,0,0,0,30.348,65.473,0.94943,0.94943,0.52477,1.756,0,0,0,1,0,0,0,0,1,0,0,0,0,1,0,0,0
0.2638,1.1289,2.062,0.22985,0.49365,85.953,0,2.5234,3.9015,3.1803,0.2638,0.60995,1.3271,1.042,2.6227,4.5718,65.229,16.744,1.4937,2.3235,1.7725,2.2642,0.2638,1.6479,1.4837,0.78278,22.417,59.119,3.5577,2.488,2.4838,3.8422,1.9134,0,0,1,0,0,0,0,1,0,0,0,0,1,0,0,0
0,0,0,0,3.9493,95.074,0.97655,0,0,0,0,0,0,0,7.0447,22.527,55.334,15.094,0,0,0,0,0,0,0,0,5.3469,59.208,33.198,2.2474,0,0,0,0,0,0.1,0.23333,0.66667,0,0,1,0,0,0,0,1,0,0,0
0,0,0,0,6.1557,93.459,0.3854,0,0,0,0,0,0,0,5.2453,21.713,52.971,17.96,2.1106,0,0,0,0,0,0,0,5.0998,62.136,32.241,0.52324,0,0,0,0,0,0.083333,0.33333,0.58333,0,0,1,0,0,0,0,1,0,0,0
0,0,0,0,5.6772,94.323,0,0,0,0,0,0,0,0,2.7181,16.285,59.81,19.947,1.2394,0,0,0,0,0,0,0,2.5711,69.34,25.645,2.4439,0,0,0,0,0,0.064516,0.3871,0.54839,0,0,1,0,0,0,0,1,0,0,0
0,0,0,0,1.6448,96.542,1.8133,0,0,0,0,0,0,0,3.7199,19.624,64.364,12.292,0,0,0,0,0,0,0,0,10.252,69.509,18.931,1.3077,0,0,0,0,0,1,0,0,0,0,1,0,0,0,0,1,0,0,0
0,0,0.82246,0,5.7956,91.848,0.23701,1.2967,0,0,0,0.47424,0,0,5.7956,18.908,56.68,13.213,3.9809,0,0,0.94848,0,0.82246,0,0,3.0268,57.41,35.192,2.2511,0,0.47424,0.82246,0,0,1,0,0,0,0,1,0,0,0,0,1,0,0,0
0,0,0.43578,0,2.5008,96.628,0,0.43578,0,0,0,0,0,0,1.9144,13.896,70.143,7.4046,6.6419,0,0,0,0,0.43578,0,0,0.43578,71.274,27.419,0,0,0,0.43578,0,0,0,0.31034,0.68966,0,0,1,0,0,0,0,1,0,0,0
0,0,0,0,0,100,0,0,0,0,0,0,0,0,0,10.592,75.159,13.16,1.0882,0,0,0,0,0,0,0,1.8281,77.98,20.192,0,0,0,0,0,0,0.058824,0.14706,0.79412,0,0,1,0,0,0,0,1,0,0,0
0,0,0.97254,0,1.7411,95.329,0.25167,1.4536,0.25167,0,0,0.48101,0.25167,0,1.1781,8.2463,70.772,17.183,1.1781,0.25167,0,0.45868,0,0.97254,0.25167,0,5.8906,71.993,19.187,0,0,0.73268,0.97254,0,0,1,0,0,0,0,1,0,0,0,0,1,0,0,0
0,0,0.58234,0,0,97.455,0.46004,1.0424,0.46004,0,0,0.46004,0.46004,0,0,10.12,76.377,10.809,1.3138,0.46004,0,0,0,0.58234,0.46004,0,1.8749,69.603,25.977,0,0,0.92008,0.58234,0,0,0.97222,0.027778,0,0,0,1,0,0,0,0,1,0,0,0
0,0,0.94965,0.24862,0.48475,92.831,1.3457,2.2704,1.8697,0,0,1.3582,1.8304,0.73336,0,6.6708,81.307,5.8447,0.66163,1.1096,0,0.48475,0.49723,0.93716,1.1096,0.48475,0.70103,81.252,10.879,0,0,3.1637,0.97644,0,0,0.90769,0.092308,0,0,0,1,0,0,0,0,1,0,0,0
0,0,0.62652,0,0.49064,88.931,2.2719,3.4685,4.2118,0,0,0.62652,0.77601,1.8838,0.49064,7.5362,78.586,4.3047,0,0,1.8838,3.9128,0,1.4025,0,0.77601,10.227,71.647,7.4494,1.5935,0,2.5103,4.3941,0,0,0.9625,0.0375,0,0,0,1,0,0,0,0,1,0,0,0
0,1.4584,1.087,1.7364,1.1607,82.676,3.4812,3.731,4.098,0.38079,0.19039,2.1757,5.8179,1.7613,0,1.609,82.349,1.6675,0.19039,0.82911,1.0486,2.5516,2.2782,3.5452,3.0052,2.9944,0.21947,78.813,1.9263,0.57118,0,5.4858,1.1607,0,0,0.91781,0.068493,0.013699,0,0,1,0,0,0,0,1,0,0,0
0,0,0.76719,0,3.403,91.373,1.5515,1.5344,1.3709,0,0,0.76719,0.34272,0.34272,2.9629,12.508,70.274,9.7102,0.52999,0,0.34272,2.2198,0,1.1099,0,0.34272,4.7029,70.977,19.587,0.7173,0,1.1099,1.4526,0,0,0.91803,0.081967,0,0,0,1,0,0,0,0,1,0,0,0
0,1.9803,3.4567,0.41211,1.8326,73.831,2.6653,2.9887,10.032,2.8013,0,2.222,5.3299,1.5873,4.8852,4.4395,60.119,9.2975,2.1466,1.8556,2.5826,5.5346,0.64072,5.6852,1.2827,3.0642,12.823,56.917,4.1749,2.9391,2.4941,6.0819,3.8969,0,0,0.98765,0.012346,0,0,0,1,0,0,0,0,1,0,0,0
0,0.89037,5.8886,0.59057,5.3859,54.763,8.4168,12.317,10.332,1.1938,0.22138,10.025,7.641,4.7076,6.1691,4.598,46.161,6.0345,1.1358,0,5.5442,7.9832,6.0327,11.693,3.4145,5.4292,4.7275,46.365,3.8601,3.9885,2.9543,4.9547,6.5806,0,0,0.98889,0.011111,0,0,0,1,0,0,0,0,1,0,0,0
0,0,0,0,1.3528,98.34,0,0,0.30753,0,0,0,0,0,0,6.4316,90.52,2.7411,0.30753,0,0,0,0,0,0,0,0.66365,86.813,11.474,0.7423,0,0,0.30753,0,0,0.93651,0.063492,0,0,0,1,0,0,0,0,1,0,0,0
1.1934,1.0593,3.5861,2.5039,3.859,50.402,14.375,12.108,8.7197,1.1188,1.0748,10.938,7.7652,4.3248,4.5134,6.4509,46.466,6.584,0.99573,2.4725,4.2599,5.2298,6.5138,13.13,5.9561,7.8692,5.7822,44.001,2.6206,0.67303,2.2287,7.0823,4.1439,0,0.075949,0.87342,0.050633,0,0,0,1,0,0,0,0,1,0,0,0
0.19239,1.0215,0.50491,2.6804,2.1271,69.843,7.2411,7.4331,6.8879,1.3812,0.68756,5.98,6.9452,3.1245,2.0672,6.5936,57.976,8.3458,2.4902,1.9584,1.3292,3.1902,5.4858,4.0207,7.3855,6.0536,1.6873,58.065,6.7583,1.8984,1.1091,2.4956,5.0408,0,0,1,0,0,0,0,1,0,0,0,0,1,0,0,0
0.67023,2.2452,1.2283,3.1792,4.8964,47.626,12.932,14.428,7.6084,3.3617,1.8239,9.7561,10.217,4.7112,9.0233,4.8988,33.719,8.6563,5.407,4.2916,2.3057,7.0135,10.36,9.552,11.567,8.6023,3.1215,33.748,3.2737,1.9256,2.3933,6.0616,9.3939,0,0.35,0.6,0.05,0,0,0,1,0,0,0,0,1,0,0,0
1.0804,1.1927,5.435,2.3755,6.8709,33.205,16.717,14.716,15.765,1.4393,1.2035,18.351,12.447,9.5432,5.8553,6.2603,25.505,6.2017,0.38937,1.4863,5.5196,8.4412,10.573,19.353,7.1844,11.655,6.0297,23.729,1.8674,4.8094,1.5491,5.4884,7.7616,0,0.53191,0.46809,0,0,0,0,1,0,0,0,0,1,0,0,0
0,0,0,0,0.2123,97.126,0.45671,0.88131,1.3233,0,0,0.24441,0.66901,0.2123,0,4.36,89.41,3.9931,0.65429,0.24441,0,0.2123,0,0.2123,0.24441,0.2123,0,88.993,8.1331,0,0,1.338,0.86659,0,0,0.92857,0.071429,0,0,0,1,0,0,0,0,1,0,0,0
2.9535,3.0877,2.6028,3.2704,6.6669,39.967,16.119,10.841,8.4062,3.0592,3.0262,14.048,14.321,4.4382,6.2271,5.2757,29.368,8.9402,2.0108,4.7928,6.175,4.4032,10.296,14.402,8.5198,11.161,6.7534,29.303,1.7798,1.2148,3.3423,9.8238,3.4029,0,0.71429,0.24286,0.042857,0,0,0,1,0,0,0,0,1,0,0,0
0.8174,3.3205,2.1721,5.0834,3.568,61.105,8.2101,6.262,6.5278,1.5799,1.3533,9.3353,8.1205,2.477,2.5628,3.2768,55.307,4.9496,2.1444,2.8649,3.7288,5.2327,9.6322,8.1158,6.0112,5.5719,4.3866,52.448,2.5116,0.95959,0.93045,6.1433,3.289,0,0,0.93902,0.060976,0,0,0,1,0,0,0,0,1,0,0,0
0.83224,0.3054,1.004,0,0.39322,87.453,0,0.3054,5.5849,3.7286,0.39322,0.3054,0.43902,0.43902,2.0213,7.7353,58.662,23.157,2.5606,1.3094,2.2341,1.1376,0.39322,0.3054,1.004,0.39322,25.501,55.061,5.5267,3.9042,2.7657,4.2679,0.87804,0,0.081081,0.91892,0,0,0,0,1,0,0,0,0,1,0,0,0
1.8721,1.0651,2.8886,0.63017,1.9431,77.315,1.0824,1.4379,6.3503,4.0744,1.3411,1.1593,1.0671,1.3521,1.5455,8.1565,50.928,21.424,1.8677,4.4897,4.3273,3.6834,1.8407,1.7613,3.4906,1.6421,20.95,49.053,7.5478,4.0242,2.9156,4.5599,2.2149,0,0.075472,0.92453,0,0,0,0,1,0,0,0,0,1,0,0,0
3.8165,0.29676,11.705,2.6178,6.752,53.433,4.4331,1.8259,11.709,1.806,1.6043,5.1511,5.4353,5.9386,3.808,12.39,23.965,18.335,3.7546,3.9808,8.5914,8.65,8.7148,5.9245,5.8189,6.8888,10.852,20.008,14.59,7.6844,9.1339,3.7338,6.6503,0.018868,0.39623,0.58491,0,0,0,0,1,0,0,0,0.16981,0.83019,0,0,0
2.6796,1.1957,4.915,3.7092,4.7232,55.787,4.557,2.0067,12.458,5.7734,2.1951,2.8566,4.5162,4.6566,4.1296,8.8616,34.231,14.686,3.8113,7.1575,7.4101,7.6835,4.3966,4.8587,5.2779,3.592,10.222,29.833,13.933,5.7701,6.637,8.6576,6.8227,0,0.32143,0.67857,0,0,0,0,1,0,0,0,0,1,0,0,0
0.36188,0,12.307,6.6044,9.5594,55.041,9.6627,0.22639,5.8354,0,0.40225,6.7418,4.2435,7.706,5.8661,16.139,20.463,20.911,5.2689,1.538,6.2869,4.8361,6.5849,7.565,3.744,12.989,18.875,12.488,12.422,11.612,7.7387,2.1794,3.8024,0.022222,0.11111,0.066667,0.24444,0.55556,0,0,1,0,0,0,0,1,0,0,0
0.15114,0,6.8325,4.4222,16.318,51.944,11.21,0.95951,7.6633,0.12875,0.37084,6.0193,5.6151,13.404,2.5821,18.417,15.953,19.023,9.5816,2.6378,4.9639,1.8033,5.6686,7.111,2.1073,11.087,13.957,12.244,13.496,13.332,8.7073,5.143,7.1468,0,0,0.69,0.25,0.06,0,0,1,0,0,0,0,1,0,0,0
0,0,3.1449,0.31616,3.5426,88.696,0.29103,3.7186,0.29103,0,0,1.5222,0.60719,0.63233,1.8278,12.722,66.732,10.994,2.5262,0.29103,0,2.1462,0.63233,2.8287,0.29103,0.31616,3.2144,71.647,16.233,0.82791,0,1.4971,2.5125,0,0,1,0,0,0,0,1,0,0,0,0,1,0,0,0
1.1578,0.5789,10.346,5.9451,21.445,43.24,5.3317,6.9171,3.8802,0,1.1578,4.0697,6.0264,9.9687,7.48,14.048,12.954,15.967,2.7258,13.637,7.9465,5.1774,9.2465,2.6504,7.7774,2.1607,7.5098,11.597,12.436,14.277,6.9309,11.164,14.249,0,0.066667,0.7,0.16667,0.066667,0,0,0.56667,0.43333,0,0,0,0.56667,0.43333,0,0
0,0,3.2448,0.81418,3.1617,73.956,6.6384,4.8888,6.7078,0.33959,0.24863,4.527,3.8624,4.0057,2.65,9.0145,61.353,6.9979,1.1772,0,2.6178,3.7943,3.9587,6.9848,2.1243,4.3296,3.7809,63.739,7.4358,1.4753,1.0631,1.6073,3.5011,0,0,0.94444,0.055556,0,0,0,1,0,0,0,0,1,0,0,0
0.95664,1.3506,5.1628,4.7162,10.627,43.357,13.353,7.6896,7.2455,3.4463,2.0958,1.6186,8.6729,5.8983,8.6506,10.303,18.454,12.052,6.4359,11.699,8.193,8.0227,8.6125,6.4814,8.0967,5.7679,8.6085,15.935,10.841,5.7249,7.1301,15.214,7.5886,0.70588,0.29412,0,0,0,0,0,0.66176,0.33824,0,0,0.68382,0.31618,0,0,0
0,0,4.3746,3.5654,9.8575,58.703,18.643,2.7863,2.0701,0,0,9.0159,1.1295,1.5976,3.6677,11.553,37.532,15.42,6.3504,5.3071,1.6173,6.8098,11.89,7.6868,0.76146,17.304,16.287,39.046,2.0796,2.1891,1.806,0.47737,0.47276,0,0,0,0.80899,0.19101,0,0,1,0,0,0,0,1,0,0,0
1.3134,3.1109,2.4661,4.6163,6.3409,37.779,17.712,13.134,7.4182,3.1823,2.9275,13.295,17.003,4.175,9.1174,6.6852,17.45,7.9725,7.4656,4.769,6.0713,5.9963,15.618,14.381,13.626,10.236,4.8227,19.682,1.8026,2.0717,3.566,9.3285,4.8657,0,0.93333,0.044444,0.022222,0,0,0,1,0,0,0,0,1,0,0,0
1.3799,0.83326,2.5588,2.9988,3.2198,37.24,30.47,11.243,7.3332,1.9199,0.80372,14.265,5.0819,7.4935,8.2626,11.802,31.465,9.4506,1.6957,1.8737,3.9564,4.6536,6.5492,14.058,7.9922,13.35,15.847,25.726,4.3441,1.2786,1.2383,5.3942,4.222,0,0.014286,0.028571,0.95714,0,0,0,1,0,0,0,0,1,0,0,0
0.99877,2.3365,2.2514,3.5601,6.3576,39.017,19.3,13.502,7.3528,3.3406,1.9832,14.061,14.323,6.4251,10.164,6.588,16.54,9.3755,6.4968,3.1187,5.2931,7.6161,15.374,14.648,14.746,9.7344,4.2973,19.566,1.1042,2.109,4.6795,7.8645,5.8765,0,0.85,0.075,0.075,0,0,0,1,0,0,0,0,1,0,0,0
0,3.0019,12.68,0.97769,5.1207,48.559,7.0231,10.32,10.82,1.4975,0,11.751,7.3086,4.0146,2.2652,13.02,24.171,16.452,1.7048,2.4729,7.0908,9.7496,4.8381,8.2362,6.4294,4.2611,15.359,19.781,13.656,4.9054,5.8823,7.991,8.66,0,0,0,0.97872,0.021277,0,0,1,0,0,0,0,1,0,0,0
1.6043,2.7345,2.9613,4.5539,5.1774,47.779,16.391,7.8067,5.9554,2.3115,2.7243,13.532,8.7276,4.8967,2.3776,10.049,36.552,10.93,4.0329,1.8525,2.4959,4.554,10.57,9.3516,7.2512,5.7865,13.247,28.211,9.5953,3.8959,2.555,5.0993,4.4372,0,0.125,0.175,0.7,0,0,0,1,0,0,0,0,1,0,0,0
2.354,4.7019,11.928,6.5131,9.1415,28.453,11.732,6.1926,9.3103,5.3122,4.3623,6.3291,9.1189,8.8404,6.5339,8.856,20.196,8.8935,5.6376,7.0003,6.7098,11.884,14.176,13.597,5.505,3.8668,4.8825,13.524,2.422,6.4058,11.207,11.471,12.942,0,0.0064935,0.025974,0.96753,0,0,0,1,0,0,0,0,1,0,0,0
3.6884,4.2171,9.558,6.9404,8.4182,31.046,10.803,12.649,7.4789,3.4048,1.7972,12.24,6.612,4.6183,7.5582,6.1897,15.229,11.603,12.433,7.1372,4.981,11.399,19.706,12.561,11.022,4.9387,2.9532,11.213,2.3499,5.3796,10.922,11.478,7.4766,0,1,0,0,0,0,0,1,0,0,0,0,1,0,0,0
0,7.7837,2.7009,0.51254,2.0504,9.0142,33.646,28.774,7.7739,7.7448,0,0,0,5.3146,12.238,24.609,27.182,20.105,8.9225,0.55772,1.0703,0,1.8885,24.166,13.49,27.472,11.638,0,3.777,0.51254,9.9322,5.5865,1.5379,0,0,0,0,1,0,0,1,0,0,0,0,1,0,0,0
0.30671,10.988,5.0815,2.5172,5.5375,7.7645,25.013,26.305,6.0183,10.179,0.29031,1.3003,0.80352,5.6622,8.6715,16.839,23.122,27.376,11.928,1.2529,1.744,1.3003,1.3963,22.669,19.949,19.749,9.2152,0.29031,2.5636,3.6049,11.157,5.7655,3.6398,0,0,0,0,1,0,0,1,0,0,0,0,1,0,0,0
2.892,9.4179,6.9271,5.1603,6.2093,7.9993,21.135,17.328,5.2202,17.211,0.499,9.3918,2.8587,2.1618,10.036,15.821,21.978,17.516,13.376,0.57082,1.8505,4.4379,0.66708,16.226,13.451,15.541,9.8229,0.33092,4.5601,8.8974,22.831,5.6413,2.0322,0,0,0,0.025974,0.97403,0,0,1,0,0,0,0,1,0,0,0
0.45674,6.8541,4.5076,5.0517,7.8542,11.048,28.477,23.486,5.6027,5.8861,0.77575,2.9737,5.8072,6.8211,12.405,12.139,21.288,20.639,8.6246,3.5666,3.2209,2.5152,1.8772,15.296,17.768,22.047,10.677,0.54737,3.6107,5.9589,11.218,6.0416,4.9582,0,0,0,0.24242,0.75758,0,0,1,0,0,0,0,1,0,0,0
0.96703,13.459,5.2306,2.542,6.9153,6.6051,25.483,21.783,8.5837,8.0698,0.3611,2.717,1.1768,1.9824,12.856,20.367,23.758,21.259,9.6806,1.3095,2.5103,2.385,0.66805,21.856,18.424,21.509,7.3257,0.20975,2.8766,5.2594,13.021,4.8113,4.0389,0,0,0,0,1,0,0,1,0,0,0,0,1,0,0,0
0,0,3.6848,3.3265,12.198,61.336,17.399,0,2.0543,0,0,3.1674,5.4049,5.3484,7.8172,22.038,17.574,24.135,7.6197,1.6874,5.2086,0,0.96477,3.9193,2.2541,14.938,22.81,12.399,25.125,10.922,4.9067,0.76294,0.99743,0,0,0.56098,0.2439,0.19512,0,0,1,0,0,0,0,1,0,0,0
0,0,0.63577,2.4534,11.429,62.937,21.7,0.84555,0,0,0,0.62957,7.0462,8.9139,5.2223,17.451,20.823,20.131,7.1858,11.961,0.63577,0,0,0.63577,1.1603,16.264,29.982,13.297,23.254,10.444,4.3335,0.62957,0,0,0,0.52,0.32,0.16,0,0,1,0,0,0,0,1,0,0,0
0,0,0,3.0771,12.402,54.874,24.975,2.5235,0,2.1492,0,2.1492,10.92,14.364,11.287,8.462,14.522,19.008,7.0742,8.7709,3.4435,0,0,0,5.9669,19.655,28.259,8.8284,20.216,11.848,5.2263,0,0,0,0,0.36538,0.44231,0.19231,0,0,1,0,0,0,0,1,0,0,0
8.4183,5.1326,1.2951,3.6269,2.9794,37.368,35.61,2.3318,0,3.2378,0,19.267,4.2585,11.382,8.4183,21.236,4.4312,8.6737,5.9588,12.748,2.3318,1.2951,1.2792,0,3.2219,33.023,35.119,0,10.907,4.2745,6.8648,2.9794,2.3318,0,0,0.38889,0.30556,0.30556,0,0,1,0,0,0,0,1,0,0,0
0,0,3.4636,4.8489,8.5314,64.644,14.563,0.1689,3.7795,0,0,4.8718,2.9033,8.5176,4.1912,20.962,20.757,22.024,10.361,1.591,2.9695,0.85154,2.6131,2.7248,2.5052,19.112,23.975,16.56,10.822,11.345,6.3588,1.8931,2.091,0,0,0.8871,0.1129,0,0,0,1,0,0,0,0,1,0,0,0
0.16408,0,3.2153,4.2729,11.486,59.827,17.702,1.3365,1.831,0,0.16531,3.1948,5.6046,9.5873,6.0746,17.649,18.738,20.942,7.9213,4.8251,5.2429,0.22086,1.9244,3.1432,3.6482,16.141,21.676,12.369,17.662,12.303,5.432,2.6565,3.0451,0,0,0.44706,0.34118,0.21176,0,0,1,0,0,0,0,1,0,0,0
0.68366,0,7.0137,7.9495,17.046,44.496,12.294,3.3302,4.9375,1.4376,0.81196,6.1578,5.8635,8.9208,3.0025,17.155,13.952,16.905,8.5677,6.0077,10.364,3.1036,7.0008,8.4206,5.2412,8.8884,9.2754,10.566,10.619,13.051,7.4195,10.117,9.4013,0,0,0,1,0,0,0,1,0,0,0,0,1,0,0,0
2.1453,1.3069,8.6008,13.789,15.139,35.378,12.152,3.4467,3.6477,2.7957,1.5987,8.7331,11.575,7.0408,4.5402,11.804,9.6724,13.495,10.021,5.5932,10.854,6.6715,6.3747,8.5783,6.2033,5.2516,12.591,6.4425,9.0419,13.044,7.1305,12.314,13.028,0,0.036364,0.018182,0.94545,0,0,0,1,0,0,0,0,1,0,0,0
0,0,0.94297,4.7787,13.249,54.834,24.017,2.1779,0,0,0,1.4021,7.0891,11.211,6.7012,14.865,16.629,18.169,9.0497,10.01,4.8746,0,0.23131,0.59157,6.1634,21.485,22.415,11.139,17.904,13.084,4.8823,1.4021,0.70279,0,0,0.71831,0.1831,0.098592,0,0,1,0,0,0,0,1,0,0,0
0.96995,8.1567,1.8224,6.2731,6.13,26.374,35.375,5.9869,0.35467,8.0857,0.47216,26.712,11.909,11.411,6.4492,6.1777,2.9121,14.952,12.495,0.35467,5.6322,0.9956,2.308,1.8908,4.0385,15.408,41.076,0.47216,1.4421,7.2431,14.714,5.7753,5.6322,0,0.018519,0.51852,0.40741,0.055556,0,0,1,0,0,0,0,1,0,0,0
1.3603,1.6443,4.9353,12.126,14.138,38.369,12.949,6.2656,3.977,2.7817,1.4533,8.1618,9.7696,10.543,4.5203,14.703,12.403,15.347,7.1118,8.3894,4.1212,4.9298,5.3932,4.1359,6.5985,8.5275,16.347,8.045,11.127,14.332,9.4284,8.6946,7.3714,0,0,0.028986,0.76812,0.2029,0,0,1,0,0,0,0,1,0,0,0
2.7126,11.982,7.3438,3.6762,8.4995,18.939,20.312,8.5517,5.9088,10.736,1.3392,14.256,4.3653,4.6983,10.449,16.819,14.98,12.906,10.526,2.1897,4.4473,4.3634,2.7553,15.802,7.4689,13.57,18.831,1.8696,7.1413,7.2872,16.313,4.8494,4.1129,0,0.015385,0.32308,0.56923,0.092308,0,0,1,0,0,0,0,1,0,0,0
3.9764,11.307,11.131,5.8574,10.997,16.15,9.5184,5.3492,10.317,13.41,1.986,14.344,5.6706,3.4031,8.3758,12.776,16.376,13.18,10.408,0.56642,4.8674,10.032,5.0392,12.416,9.1814,6.3467,9.2623,4.6962,10.062,10.378,18.509,7.8126,6.2967,0,0,0.46053,0.53947,0,0,0,1,0,0,0,0,1,0,0,0
4.9302,6.6736,4.6819,5.3644,5.0364,30.262,26.764,4.4221,0.80813,9.8571,1.1998,24.611,6.6956,9.4007,9.1192,10.357,7.1954,7.8156,12.775,2.8136,4.9602,4.2578,3.3704,2.3265,3.2559,18.282,26.036,5.2223,9.0762,6.959,16.013,5.8445,3.6139,0,0,0.083333,0.33333,0.58333,0,0,1,0,0,0,0,1,0,0,0
7.4219,13.355,4.2632,2.0051,2.5066,30.068,27.806,1.1148,1.0076,9.6025,0.84892,19.627,5.5362,10.602,11.502,21.525,5.64,10.21,4.9602,5.9728,0.80511,3.6193,3.7614,3.9149,6.5385,24.238,30.872,1.6555,9.9787,4.3062,12.569,1.8102,0.3555,0,0.046875,0.67188,0.125,0.15625,0,0,1,0,0,0,0,1,0,0,0
2.8126,13.443,9.3106,5.3268,8.2544,26.962,13.412,3.9792,5.0675,10.987,0.4438,17.883,4.8822,5.1426,5.4205,11.862,17.733,9.7937,10.833,0.95713,4.4122,11.08,4.7461,7.5164,8.4985,10.433,12.483,8.1098,10.546,8.0436,18.841,7.4198,3.3639,0,0.20455,0.22727,0.56818,0,0,0,1,0,0,0,0,1,0,0,0
2.1715,9.4832,12.226,5.6847,9.174,30.14,8.3296,4.1995,8.1808,8.7239,1.6868,14.964,5.5816,4.4699,5.4463,9.8706,22.483,9.7212,10.084,0.20033,4.856,12.324,5.7767,10.442,6.3674,4.1207,8.6423,15.684,12.656,7.0988,15.53,7.3373,6.3449,0,0.0125,0.2,0.7875,0,0,0,1,0,0,0,0,1,0,0,0
3.4841,12.796,15.334,3.8304,4.0506,30.106,14.158,1.8354,2.7308,9.5877,2.0867,19.207,6.1325,4.0744,10.036,10.806,21.991,6.2794,8.6285,0,5.4273,7.4187,10.306,10.186,5.9253,6.8638,16.026,17.872,9.2969,6.4208,11.277,2.7221,3.1039,0,0,0.88679,0.11321,0,0,0,1,0,0,0,0,0.5283,0.4717,0,0
1.1259,9.8359,11.501,1.2351,2.2926,57.968,5.2157,2.4828,2.7563,4.8602,0.72646,9.3773,4.7639,3.1003,4.9068,6.8083,50.535,4.8162,4.9353,0,1.4807,9.2761,7.7094,7.8184,4.0082,4.0359,6.4783,46.147,8.9107,1.3717,7.7895,3.6022,2.1284,0,0.014706,0.98529,0,0,0,0,1,0,0,0,0,0,1,0,0
0.91707,7.4637,12.42,4.1749,1.7511,60.594,2.4684,3.053,3.142,3.4872,0.52775,10.526,3.331,2.3847,3.9639,7.5439,49.105,4.701,4.0242,0.25639,6.7859,7.3774,10.298,6.8107,5.0246,2.2852,4.6075,49.781,7.7964,1.1742,5.7389,2.4736,4.0098,0,0.041096,0.9589,0,0,0,0,1,0,0,0,0,0,1,0,0
3.3074,2.6643,4.2108,5.9966,13.428,28.877,19.285,12.58,2.3394,4.255,3.0571,3.7674,10.654,7.0877,6.1525,10.939,6.4717,9.6505,10.237,8.6465,15.228,11.166,10.515,10.418,10.709,8.1531,6.3645,3.8841,7.5232,6.1092,8.3421,12.835,15.147,0.27273,0.70455,0.022727,0,0,0,0,0.77273,0.22727,0,0,0.90909,0.090909,0,0,0
3.5412,3.581,7.0152,8.6795,15.621,27.37,17.309,7.9011,1.3188,2.8296,4.8338,4.6513,9.6649,9.2485,5.2773,6.4409,9.1299,10.338,13.354,5.7261,12.459,13.71,9.8142,11.775,8.4872,10.646,5.5226,2.2438,5.6933,8.1412,11.364,13.722,12.59,0.83824,0.16176,0,0,0,0,0,1,0,0,0,0.45588,0.54412,0,0,0
4.0569,4.1416,11.536,8.5423,13.071,24.598,12.157,7.4483,1.9718,6.6364,5.8404,11.113,10.721,7.7978,4.3724,8.8878,8.4229,8.0575,10.314,5.9763,14.009,10.328,10.872,9.7525,10.431,6.4342,7.3102,3.4727,6.0683,9.2953,10.358,11.773,14.233,1,0,0,0,0,0,0,1,0,0,0,0.43284,0.56716,0,0,0
1.1116,7.1601,8.0743,6.9309,13.773,27.862,13.683,5.9747,6.639,6.7571,2.035,8.8687,8.4537,8.6092,7.0824,12.973,15.97,15.268,4.6044,3.7447,6.7317,7.6947,5.5444,9.2651,8.8864,8.6702,11.934,6.1057,12.329,11.78,9.3627,8.8393,7.2828,0,0,0.022989,0.97701,0,0,0,1,0,0,0,0,1,0,0,0
1.7632,9.0074,6.0573,4.2515,9.2208,7.5436,18.373,16.601,11.452,14.994,0.7358,4.7631,2.2481,3.3893,9.62,15.745,23.255,21.238,11.126,1.1724,2.8808,4.5627,1.6544,18.322,12.99,13.827,7.8261,0.58237,4.172,9.3792,20.004,6.9891,4.2528,0,0,0,0.47826,0.52174,0,0,1,0,0,0,0,1,0,0,0
0.92553,1.832,1.2547,4.2593,13.196,29.645,19.027,23.375,3.1812,1.7553,1.5487,15.161,21.657,5.5083,13.319,3.954,11.656,5.9845,2.9632,5.6513,10.422,3.7228,15.25,17.555,16.225,11.067,4.9905,11.908,1.6447,3.8311,2.0017,9.4259,6.1018,0,0.054545,0.90909,0.018182,0.018182,0,0,1,0,0,0,0,1,0,0,0
1.7796,2.9715,3.3699,3.9299,6.9277,35.201,17.591,14.66,7.9966,3.2924,2.2804,13.114,13.883,5.9167,11.337,6.5679,17.199,8.5649,7.5499,3.8339,4.4623,7.5723,15.757,15.682,14.608,8.6809,4.5953,17.445,1.4424,2.5825,4.9385,8.0921,6.1762,0,0.96667,0.033333,0,0,0,0,1,0,0,0,0,1,0,0,0
1.9766,3.0925,14.787,6.6329,9.2075,33.107,12.63,7.2567,7.8574,2.2884,1.165,10.672,9.5828,8.0429,6.8439,8.3303,20.695,8.9236,5.2199,8.2466,4.9449,8.4976,16.805,15.561,6.2835,4.9987,5.3936,15.596,5.323,2.2291,7.4717,8.569,11.769,0,0,0.12308,0.87692,0,0,0,1,0,0,0,0,0,1,0,0
2.1889,1.8009,7.4425,12.46,12.341,39.279,10.361,7.2365,2.1302,1.9532,2.8076,7.1631,8.8299,8.9728,2.2849,10.049,15.371,11.843,11.486,6.3713,10.168,7.4614,6.6343,8.5262,8.725,6.2525,11.451,9.7726,6.4873,10.481,9.507,9.8644,12.298,0,0,0,1,0,0,0,1,0,0,0,0,1,0,0,0
2.4076,5.0166,10.908,12.202,15.021,28.848,9.8136,2.716,3.105,5.5301,4.4325,12.205,11.307,7.7723,4.0194,9.6029,11.246,10.824,7.9048,7.0452,8.8882,9.1853,7.4049,6.7304,8.6147,4.5749,10.087,8.2345,7.1129,13.153,11.032,11.229,11.825,0,0.52239,0.34328,0.13433,0,0,0,1,0,0,0,0,0.8209,0.1791,0,0
6.4756,5.5319,10.969,6.1482,15.086,27.545,9.9444,4.8152,1.2719,5.6509,6.5622,7.3623,9.0628,8.8967,4.1408,7.2569,15.458,9.6003,12.501,2.5516,9.3137,13.857,10.469,9.5807,8.1533,7.236,7.6938,3.8195,10.017,9.3795,15.52,9.2487,8.883,0,0.95652,0.043478,0,0,0,0,1,0,0,0,0,0.82609,0.17391,0,0
1.5526,7.9993,14.787,6.5729,13.718,23.995,11.735,3.7225,0.33132,5.9324,9.6543,12.894,7.5185,9.1951,4.9251,7.3876,14.65,9.033,7.9359,6.2423,8.4946,11.723,10.304,7.816,9.3475,9.2361,6.6205,6.2671,9.7982,8.8259,11.85,12.104,7.831,0.071429,0.92857,0,0,0,0,0,1,0,0,0,0,1,0,0,0
1.601,4.0034,9.1848,10.476,12.43,31.796,11.194,3.1999,4.3636,8.4138,3.3362,12.258,11.548,7.8323,4.691,9.793,13.61,11.324,7.3545,5.8912,7.0062,8.6921,6.675,6.131,7.3809,5.0094,14.669,3.8635,12.959,10.319,13.964,10.597,8.4325,0,0,0.34409,0.65591,0,0,0,1,0,0,0,0,1,0,0,0
2.354,7.0994,9.3678,5.8753,14.976,26.36,8.8433,5.82,7.7023,10.551,1.05,14.012,5.1728,3.7933,5.8744,13.509,16.21,16.45,2.6445,3.2353,4.3204,14.778,10.11,12.083,6.6046,3.8773,10.376,10.306,13.33,12.52,9.7355,6.1754,4.8819,0,0.11364,0.43182,0.45455,0,0,0,1,0,0,0,0,1,0,0,0
0.8552,2.6703,9.6372,5.6785,18.039,31.701,20.963,1.9303,2.0785,4.1453,2.3019,9.5983,11.926,9.0992,4.4308,7.8873,12.99,13.729,8.1228,2.3546,8.5697,11.293,6.5514,6.2604,9.3371,8.0876,12.74,5.8888,15.505,11.597,9.627,7.8234,6.5833,0.0093458,0.25234,0.59813,0.14019,0,0,0,1,0,0,0,0,0.88785,0.11215,0,0
0.35126,2.978,6.4869,3.3813,12.037,42.157,10.019,8.1168,8.4429,5.4903,0.53904,11.157,7.2747,3.636,3.9894,12.056,20.187,18.487,2.9218,3.9162,5.3016,11.073,5.8657,6.2521,6.1163,4.8759,16.03,11.482,17.763,7.1173,7.9559,7.9604,8.5818,0,0,0.088235,0.91176,0,0,0,1,0,0,0,0,1,0,0,0
2.7422,2.4515,14.539,6.4916,11.807,46.658,8.415,1.0561,0.47966,2.0635,3.297,8.0962,3.7236,7.3359,4.0995,9.5656,31.62,11.933,5.797,4.508,4.9646,8.3567,7.2867,4.4037,4.3975,9.2921,7.5281,22.077,15.024,4.7578,12.132,8.1764,4.9243,0,0,0,1,0,0,0,1,0,0,0,0,1,0,0,0
4.2629,6.4836,12.5,5.799,13.367,31.471,11.087,1.7717,1.447,5.6961,6.1151,11.1,8.5176,6.0725,2.8999,7.0309,24.048,9.5145,9.5013,4.1092,5.1432,12.063,8.7307,8.1122,7.0783,7.5426,7.4639,13.323,11.672,10.479,10.625,8.3308,6.6425,0,0,0.31507,0.58904,0.09589,0,0,1,0,0,0,0,1,0,0,0
0.24122,0.80455,5.5011,3.8951,5.5622,60.796,4.8156,3.108,5.0056,6.4631,3.8073,5.5977,9.5006,5.8302,0.84311,7.4381,43.688,13.151,1.4538,2.8426,4.3027,5.352,2.664,2.9899,3.2059,3.2974,11.759,37.905,11.722,4.3318,6.8389,6.7576,8.5289,0.43548,0.48387,0.064516,0.016129,0,0,0,1,0,0,0,0,1,0,0,0
1.0695,3.0478,13.742,6.9252,8.3149,53.806,6.2272,1.1017,1.1017,1.6485,3.0155,8.6037,3.555,5.6758,3.8566,9.5971,36.9,15.862,2.3405,2.4023,1.8022,9.4046,7.2598,4.5343,0.58774,7.7494,5.1929,30.804,14.97,6.3998,6.9198,8.4886,7.0938,0,0.024096,0.060241,0.85542,0.060241,0,0,1,0,0,0,0,1,0,0,0
0.87251,4.8897,9.6876,2.2814,14.943,34.774,18.096,2.0781,2.2675,8.1363,1.973,11.658,3.7652,6.4115,4.3094,12.619,24.202,13.863,5.4575,9.4004,3.0357,5.279,5.9575,3.5014,8.8784,13.916,12.334,6.8546,20.247,5.8684,8.3088,7.982,6.1526,0,0.09375,0.78125,0.125,0,0,0,1,0,0,0,0,0.8125,0.1875,0,0
0,0.7953,15.157,1.5492,7.2666,49.856,9.2906,5.5333,8.5659,1.8499,0.13548,10.386,6.4828,4.8307,2.2874,12.997,27.489,16.671,3.7721,1.8973,5.6275,7.5586,4.0229,3.9058,4.7073,5.9733,15.03,16.263,15.458,7.9538,5.7334,11.756,9.1967,0.011765,0.34118,0.58824,0.058824,0,0,0,0.96471,0.035294,0,0,0,0.94118,0.058824,0,0
0.25394,1.6297,17.554,6.2246,6.9308,51.505,5.2723,1.086,5.9862,2.6129,0.94494,10.576,3.5146,4.1503,3.9225,14.564,32.626,12.31,2.7663,4.0867,4.6556,6.8278,3.3989,2.254,1.7053,6.055,9.2453,20.607,16.487,6.9061,7.9176,14.021,11.404,0,0.0084746,0.016949,0.95763,0.016949,0,0,1,0,0,0,0,1,0,0,0
0,2.6762,20.145,2.9519,5.3427,44.579,5.8727,3.3718,11.03,3.5335,0.4974,10.451,6.3557,4.8923,3.3817,12.386,29.884,13.756,2.2936,2.0982,5.509,8.9928,4.4719,4.2581,3.3682,6.2409,12.576,14.218,13.953,9.7273,8.4203,13.759,9.0072,0.45312,0.53125,0.015625,0,0,0,0,0.26562,0.73438,0,0,0,1,0,0,0
0,1.4956,8.2733,1.4365,10.955,40.782,14.634,14.51,5.7098,2.204,0,13.41,8.4807,4.7112,0.99231,13.88,17.978,15.039,1.8391,4.4195,7.8948,11.355,3.939,8.4917,8.7984,5.8525,12.901,10.198,17.724,4.4724,7.475,9.8594,10.289,0,0,0.4466,0.54369,0.0097087,0,0,1,0,0,0,0,0.99029,0.0097087,0,0
2.9071,7.4156,11.16,7.0913,14.682,18.391,8.4251,5.7185,12.182,10.182,1.8448,13.54,5.9847,3.1696,6.576,13.673,15.971,13.567,8.4609,0.86631,4.7155,13.476,5.5661,14.206,6.3226,4.2183,8.9406,5.7158,11.844,11.666,13.655,9.4916,8.3736,0,0.065217,0.33696,0.59783,0,0,0,1,0,0,0,0,1,0,0,0
2.3027,6.8497,17.569,4.3433,10.964,31.548,3.9117,3.3798,10.853,6.75,1.5293,12.364,6.9249,2.963,4.2269,13.414,23.318,11.097,5.0883,1.3198,5.3792,13.905,9.3839,12.855,6.9452,2.8492,9.2845,16.226,12.465,8.8772,8.9658,5.8488,6.3,0,0,0.23188,0.76812,0,0,0,1,0,0,0,0,1,0,0,0
1.6903,8.3611,18.634,4.8036,4.5285,43.752,4.5997,2.3083,5.1573,5.3063,0.85932,12.086,7.8296,2.1015,5.0971,11.113,34.042,7.208,4.9782,0.64425,5.1711,9.7292,10.747,12.533,6.2501,3.5987,7.5409,31.847,9.9319,3.2618,7.2099,3.6549,3.425,0,0,1,0,0,0,0,1,0,0,0,0,0.21429,0.78571,0,0
0.63627,5.1099,15.208,4.2963,5.8976,45.208,5.2445,6.7615,8.3789,2.7056,0.55371,11.593,7.9911,2.6427,2.7289,14.387,25.742,14.855,2.0071,1.567,6.0004,10.486,8.9908,11.878,5.5123,2.9791,13.04,23.821,13.206,3.4239,4.8717,4.6729,7.605,0,0,0,1,0,0,0,1,0,0,0,0,1,0,0,0
0.41644,3.749,24.232,4.8225,1.9238,51.199,2.4148,3.2936,5.1606,2.5912,0.1968,9.3694,9.5532,2.3181,1.2651,13.657,37.401,8.6775,2.1929,0.41102,6.6131,8.5417,12.121,14.711,6.8576,1.5953,8.0873,38.969,7.8684,1.0243,3.5985,1.15,4.0186,0,0,1,0,0,0,0,1,0,0,0,0,0.26984,0.73016,0,0
0.44558,4.4423,15.849,2.3592,1.4815,64.171,2.3841,3.5301,3.8786,1.251,0.20792,7.5787,7.8413,1.4221,2.1169,10.94,52.325,3.7635,1.8677,1.0196,3.876,7.2488,8.4278,8.548,4.4745,1.5395,4.6247,52.771,8.928,0.81683,3.0859,1.0749,5.7084,0,0.15493,0.84507,0,0,0,0,1,0,0,0,0,0,1,0,0
0,6.362,15.596,2.1602,0.74545,62.786,2.3112,3.6775,5.714,0.64762,0,6.8894,10.304,1.1558,0.22225,13.897,47.629,7.682,0.58007,1.8438,3.7698,6.027,9.8445,5.6874,4.9511,3.2404,5.8188,50.852,9.0691,0.30094,4.0689,0.22225,5.9441,0,0.098901,0.9011,0,0,0,0,1,0,0,0,0,0,1,0,0
0,3.4237,18.215,1.3757,4.9959,45.355,7.5648,5.1425,10.558,3.1398,0.22926,12.787,6.3028,2.4416,2.6755,15.656,24.852,15.765,0.94145,2.0699,6.6667,9.843,5.9102,5.5324,3.708,4.8717,15.869,14.727,14.492,8.1222,7.0335,9.8723,9.8611,0,0,0.028169,0.97183,0,0,0,1,0,0,0,0,1,0,0,0
0,4.7956,18.169,1.5213,1.8712,52.571,2.1919,5.8327,11.693,1.3545,0,9.237,9.1577,1.7994,2.9244,14.072,36.021,9.5724,0.5765,2.3474,5.961,8.3311,7.7319,10.995,5.6858,3.6199,6.5583,38.421,9.8733,0.94472,5.0393,4.0622,7.0691,0,0,0.05102,0.94898,0,0,0,1,0,0,0,0,1,0,0,0
0.12818,5.1478,22.075,6.0459,6.9085,38.775,6.4195,1.0357,9.1218,3.2428,1.0997,10.94,5.9505,3.3798,6.647,12.633,28.621,11.469,1.7927,3.5061,5.7999,9.2606,5.7332,5.2106,3.2041,7.157,14.66,12.968,11.411,9.5338,9.5339,12.136,8.4517,0,0.025316,0.18987,0.78481,0,0,0,1,0,0,0,0,1,0,0,0
0,8.2549,26.828,0.19522,0,51.896,1.8654,2.4416,7.7262,0.79225,0,8.3914,6.2066,1.8721,5.5717,12.708,35.274,10.654,0.21973,2.1487,10.229,6.7251,10.88,11.388,7.6647,7.4251,13.579,32.173,7.5672,1.0044,2.2678,4.3122,1.7394,0,0,0.91667,0.083333,0,0,0,1,0,0,0,0,0.58333,0.41667,0,0
0,6.4801,20.83,1.2519,0.22764,59.808,0.69527,2.6677,6.8714,1.1671,0,9.2441,5.0176,2.1469,3.5057,14.195,44.152,8.2977,0,1.173,5.8406,6.4275,11.022,8.6125,4.9659,3.6379,8.4709,42.525,11.655,0.22764,2.0448,3.1445,3.6941,0,0,1,0,0,0,0,1,0,0,0,0,0.04902,0.95098,0,0
0,13.921,16.77,0,0,45.994,1.084,1.1027,17.743,3.3857,0,9.5994,6.7442,4.678,4.2516,13.48,29.074,10.211,0,2.3258,5.4675,14.168,7.2274,8.2262,2.9956,10.56,11.477,32.244,6.1416,0.25407,4.5196,9.7197,6.6349,0.18889,0.055556,0.75556,0,0,0,0,1,0,0,0,0,0.21111,0.78889,0,0
0,5.6412,13.504,3.4198,0,77.435,0,0,0,0,0,3.4198,2.2214,0,5.6412,6.5243,73.132,0,0,0,6.8396,2.2214,14.702,7.8625,0,0,0,71.794,5.6412,0,0,0,0,0.15385,0.019231,0.82692,0,0,0,0,1,0,0,0,0,0.17308,0.82692,0,0
0,5.2633,14.163,4.2467,0,74.646,0,1.121,0.5605,0,0,3.789,5.2147,0.5605,3.1241,4.7811,68.64,5.2965,0.5605,0,4.3178,3.7163,12.096,8.8768,2.6997,0,0.5605,68.239,5.2858,0,0.5605,0,1.6815,0.30769,0.015385,0.67692,0,0,0,0,1,0,0,0,0,0.32308,0.67692,0,0
0,0,0,0,0,100,0,0,0,0,0,0,0,0,0,10.379,79.243,10.379,0,0,0,0,0,0,0,0,0,81.076,18.924,0,0,0,0,0,0,0.081081,0.18919,0.72973,0,0,1,0,0,0,0,1,0,0,0
0,0,0,0,0.81771,99.182,0,0,0,0,0,0,0,0,0,15.596,75.652,8.7524,0,0,0,0,0,0,0,0,0,71.268,28.732,0,0,0,0,0,0,0.31707,0.097561,0.58537,0,0,1,0,0,0,0,1,0,0,0
0,0,0,0,0,99.123,0.29247,0.29247,0.29247,0,0,0.29247,0.29247,0,0,11.466,76.19,11.466,0,0.29247,0,0,0,0,0.29247,0,0,75.52,23.602,0,0,0.58493,0,0,0,1,0,0,0,0,1,0,0,0,0,1,0,0,0
0,0,3.2429,1.1827,1.8506,81.267,5.4682,4.4728,2.0122,0.29936,0.20426,4.1733,2.6912,2.869,1.7903,5.7182,70.397,5.8876,1.5114,1.0447,0.85828,3.0586,3.2377,4.0407,2.2223,2.8978,2.9552,71.207,8.7244,0,0.55892,3.2722,0.88339,0,0,0.95312,0.046875,0,0,0,1,0,0,0,0,1,0,0,0
0,0,0,0,0,100,0,0,0,0,0,0,0,0,0,10.035,82.079,7.8861,0,0,0,0,0,0,0,0,0,82.374,17.626,0,0,0,0,0,0,1,0,0,0,0,1,0,0,0,0,1,0,0,0
0,0,0,0,8.1161,91.884,0,0,0,0,0,0,0,0,0,18.258,75.238,6.5038,0,0,0,0,0,0,0,0,0,69.145,28.396,2.459,0,0,0,0,0,0.025641,0.28205,0.69231,0,0,1,0,0,0,0,1,0,0,0
0,0,0,0,2.7142,97.286,0,0,0,0,0,0,0,0,0,20.05,62.282,17.668,0,0,0,0,0,0,0,0,0,61.688,37.815,0.49635,0,0,0,0,0,0.05,0.625,0.325,0,0,1,0,0,0,0,1,0,0,0
0.58799,3.6965,3.6897,7.003,6.5763,39.627,13.627,11.745,9.6628,1.6999,2.0854,15.084,9.3939,4.8075,5.5445,7.3012,30.377,9.1554,2.0549,2.1629,5.8778,8.2407,15.281,13.018,7.5615,8.4725,8.5298,27.871,3.5692,1.8114,1.7232,7.2011,4.962,0.17143,0.82857,0,0,0,0,0,1,0,0,0,0,1,0,0,0
0,0,0,0,4.9171,95.083,0,0,0,0,0,0,0,0,0.39975,21.34,65.528,12.733,0,0,0,0,0,0,0,0,0,55.631,41.453,2.9154,0,0,0,0,0,1,0,0,0,0,1,0,0,0,0,1,0,0,0
0,0,0,0,3.7106,96.289,0,0,0,0,0,0,0,0,0,13.766,80.006,6.2277,0,0,0,0,0,0,0,0,0,75.182,23.55,1.2674,0,0,0,0,0,1,0,0,0,0,1,0,0,0,0,1,0,0,0
0,0,0,0.39014,6.0692,93.541,0,0,0,0,0,0.82059,0,0.78027,4.7638,11.847,63.754,16.864,0.78027,0.39014,0,0,0.39014,0,0,0.39014,1.8915,69.461,23.809,2.8476,0.82059,0.39014,0,0,0,0.53704,0.24074,0.22222,0,0,1,0,0,0,0,1,0,0,0
0,0,0,0,13.758,86.242,0,0,0,0,0,0,0,0,0.75576,30.758,53.666,14.82,0,0,0,0,0,0,0,0,0,39.909,53.894,6.1972,0,0,0,0,0,0.96552,0.034483,0,0,0,1,0,0,0,0,1,0,0,0
0,0.43533,0.49353,0.89976,1.1449,88.733,1.4528,3.4668,3.3735,0,0,1.672,2.5977,1.174,0,2.4172,86.129,2.4172,1.0225,0.77228,0.21767,1.5803,1.3642,1.3626,0.98995,1.1449,0.46443,81.678,6.591,0,0,4.4843,1.9207,0,0,1,0,0,0,0,1,0,0,0,0,1,0,0,0
2.1614,2.125,2.8247,1.9179,7.8387,58.439,6.3377,3.9552,7.1478,5.4965,1.7562,0.74494,7.4077,2.5446,7.3865,8.5968,34.174,16.112,6.1635,5.7223,5.3628,5.7856,2.6509,5.755,3.8053,4.8064,11.739,33.08,11.556,6.4031,5.434,10.057,4.714,0,0.32143,0.67857,0,0,0,0,1,0,0,0,0,1,0,0,0
0,0,0,0,0.71295,96.278,0.19708,0.59123,2.2211,0,0,0,1.0035,0.19708,0,1.2126,95.538,0.63457,1.2177,0,0,0.19708,0,0.19708,0,0.19708,0.24913,92.413,3.6158,0.51587,0,1.3976,1.4148,0,0,1,0,0,0,0,1,0,0,0,0,1,0,0,0
1.8434,0.25127,7.6235,4.3459,5.3146,60.296,1.6496,0.22752,11.386,3.8037,3.2584,4.4824,1.913,4.9536,2.2263,10.594,31.709,21.674,2.3211,5.631,7.2937,7.2026,6.1809,4.4325,4.7505,4.9922,11.802,28.671,12.511,10.637,3.8928,7.6896,4.4407,0,0,0.93333,0.066667,0,0,0,1,0,0,0,0,1,0,0,0
0.65437,2.9833,1.2643,4.1644,4.3457,49.071,12.52,9.9704,10.274,2.9679,1.7844,11.359,12.263,5.8183,5.4832,4.3658,36.053,5.1983,4.8561,2.8218,4.2877,7.4942,12.279,9.8006,11.805,9.204,3.2653,35.945,1.9047,2.6383,1.8758,7.1952,4.087,0,0.13699,0.83562,0.027397,0,0,0,1,0,0,0,0,1,0,0,0
1.6735,2.2352,1.7563,3.3327,5.8743,39.356,18.257,13.09,7.6644,4.3428,2.4181,11.529,13.73,6.5337,11.289,6.5247,17.192,6.4462,9.9952,4.7282,4.1459,7.8871,13.756,12.134,14.059,11.97,4.391,18.522,2.107,2.0124,4.1605,9.2407,7.6469,0,1,0,0,0,0,0,1,0,0,0,0,1,0,0,0
0,1.2014,1.0981,1.7551,0.88742,80.918,5.1008,3.421,4.8359,0.52187,0.26093,3.9187,5.6612,2.0677,0.68324,3.1776,77.621,1.6635,1.3807,0.94045,1.1112,1.7749,2.0648,3.4942,5.3591,4.8662,0.6382,75.883,1.9618,2.1172,0,2.1962,1.4192,0,0,1,0,0,0,0,1,0,0,0,0,1,0,0,0
0,0,0,0.26232,1.6686,97.563,0,0,0.50634,0,0,0.54046,0.2934,0,1.12,4.4922,89.039,4.5149,0,0,0,0,0,0,0,0,3.8364,85.515,7.9493,1.8164,0.58984,0.2934,0,0,0,1,0,0,0,0,1,0,0,0,0,1,0,0,0
0,0,0,0,2.9824,97.018,0,0,0,0,0,0.39445,0,0,1.6593,13.11,73.837,10.999,0,0,0,0,0,0,0,0,1.8658,73.96,23.139,0.64061,0.39445,0,0,0,0,1,0,0,0,0,1,0,0,0,0,1,0,0,0
0,0.25065,0,0.99229,5.4238,93.083,0.25065,0,0,0,0,2.0861,0.25065,0.95789,3.3067,18.053,56.095,17.564,1.2085,0.47895,0,0,0.47895,0,0,0.98025,5.9923,60.186,27.099,2.4352,2.0981,0.47895,0.25065,0,0,1,0,0,0,0,1,0,0,0,0,1,0,0,0
2.0573,0.90177,7.388,11.904,13.731,40.69,11.108,3.7372,5.4026,1.1001,1.9797,7.456,10.412,9.6413,4.433,12.612,11.222,12.785,8.7779,6.7835,8.664,7.2132,7.7915,6.6625,6.8584,6.5424,12.704,8.2029,8.8088,11.632,7.6081,11.475,11.714,0.31707,0.23577,0.42276,0.02439,0,0,0,0.73984,0.26016,0,0,0.28455,0.65854,0.056911,0,0
0,0.31978,0,2.0764,2.6166,91.525,0.83245,1.1453,1.4846,0,0,2.0498,0.94418,0.86318,2.7089,9.6482,74.547,7.5488,1.4797,0.21024,0,0,0.41107,0.21592,0.21592,1.8751,7.4296,72.735,10.092,3.3676,2.427,0.76468,0.46573,0,0,1,0,0,0,0,1,0,0,0,0,1,0,0,0
0,0.57451,0,6.3472,9.5906,82.308,0.99752,0.18182,0,0,0,1.6221,0.57451,4.7649,7.288,12.71,48.617,15.674,5.5213,2.6039,0.62461,0,1.7381,0.24119,0,3.2507,7.6683,53.017,20.182,5.9428,4.3982,2.3627,1.1991,0,0,0.92157,0.019608,0.058824,0,0,1,0,0,0,0,1,0,0,0
0,0.21013,0.62205,9.8378,11.92,72.437,3.1561,1.2459,0.57178,0,0,3.7375,1.1005,7.663,5.9164,15.85,36.265,15.697,8.5657,3.409,1.3762,0.42027,1.1649,1.2216,1.0423,3.7149,9.3824,37.574,21.742,9.0232,11.529,2.2807,1.3259,0,0,1,0,0,0,0,1,0,0,0,0,1,0,0,0
0,4.4308,12.414,8.2019,0.51848,56.811,9.5426,1.0567,4.7345,1.4855,0.8048,10.296,2.5873,2.1652,8.7394,15.21,38.2,3.8418,6.3062,2.6444,3.7201,6.2882,11.892,7.3112,4.8206,14.641,8.8004,32.668,6.2638,4.2398,2.6642,1.8333,4.8657,0,0,0.97403,0.012987,0.012987,0,0,1,0,0,0,0,1,0,0,0
0,1.4084,0.21672,12.646,12.531,68.803,2.5893,0.27282,0,1.5332,0,5.5535,1.9969,3.755,6.2858,17.716,33.651,20.359,5.126,3.8905,1.666,0,1.5332,0.53632,0.21672,3.7342,13.339,39.673,17.59,6.5618,12.508,1.4492,2.8576,0,0,0.21875,0.1875,0.59375,0,0,1,0,0,0,0,1,0,0,0
0.94758,3.7171,3.3529,6.3643,2.7849,32.455,13.684,11.004,20.23,3.976,1.4831,19.648,13.672,5.5585,5.6266,3.9904,14.895,6.4037,9.8722,3.6942,4.3446,12.295,22.043,11.861,12.281,5.1842,7.0223,11.552,3.4278,1.3775,4.7007,14.095,6.456,0,0.056604,0.92453,0.018868,0,0,0,1,0,0,0,0,1,0,0,0
0.38497,2.6454,1.8097,3.2118,2.7294,56.599,10.904,9.3716,8.6338,2.5149,1.195,8.0535,10.798,4.266,5.2762,4.7478,45.745,4.5293,4.2542,3.2409,3.3591,5.7302,9.8066,7.9516,11.41,8.4797,1.4777,44.847,2.7474,2.5524,1.2936,5.3693,4.0642,0,0.051724,0.91379,0.034483,0,0,0,1,0,0,0,0,1,0,0,0
1.5246,2.0251,2.4086,3.9874,6.0453,40.305,15.104,14.388,9.4906,3.1891,1.5327,8.2385,8.3283,4.5938,9.7106,7.9655,23.934,11.913,9.013,3.8672,3.3644,9.0724,11.173,10.731,13.541,8.5663,4.5829,24.246,4.0302,2.4863,3.0178,5.7883,11.838,0,1,0,0,0,0,0,1,0,0,0,0,1,0,0,0
1.0054,3.7235,1.5954,3.2356,8.5418,35.614,11.189,17.875,8.1127,5.8157,3.2909,11.804,10.436,6.2631,10.808,5.4123,23.707,7.7831,5.5205,5.914,3.8118,8.5396,9.9612,8.2063,10.488,9.9426,3.2182,21.073,4.2493,3.2878,4.1672,9.3216,16.085,0,0.82759,0.13793,0.034483,0,0,0,1,0,0,0,0,1,0,0,0
0,0.31009,0.35559,3.4785,5.1458,82.462,1.6355,3.1286,3.0596,0.42482,0,2.7884,1.4724,2.5895,2.7135,12.128,59.786,12.621,4.3334,0.63869,0.52323,0.40538,1.0598,1.0783,0.72506,2.8043,7.7386,58.422,15,4.4474,4.9684,1.2441,2.5122,0,0,1,0,0,0,0,1,0,0,0,0,1,0,0,0
0,1.0558,0.9187,8.9756,16.262,57.546,7.1777,2.4471,4.4678,1.0158,0.13331,5.0506,2.2016,9.7815,5.3187,15.217,25.9,19.588,8.6002,3.255,2.158,2.9291,0.59588,1.8806,2.4905,5.0121,11.181,23.948,21.273,10.586,13.613,3.4659,5.9544,0,0,1,0,0,0,0,1,0,0,0,0,1,0,0,0
0,0,2.4923,5.7939,10.005,62.729,2.9547,4.6509,7.653,2.967,0.75393,5.5354,2.9712,4.2008,6.1017,8.446,40.483,14.019,5.6,4.4665,2.8774,5.2994,3.9923,3.5246,1.16,1.2536,4.527,42.415,16.778,6.4539,7.7093,5.1919,6.9946,0,0,1,0,0,0,0,1,0,0,0,0,1,0,0,0
0,0.80691,4.7138,7.7319,15.573,44.979,10.374,3.7502,7.0922,3.2162,1.763,7.5484,3.2782,10.579,6.4339,10.907,22.655,13.202,9.2798,3.7094,4.8996,7.5077,2.6081,3.6787,5.4699,3.0022,6.8136,25.61,12.178,12.147,13.654,5.7211,9.1162,0,0.083333,0.88889,0.027778,0,0,0,1,0,0,0,0,1,0,0,0
1.4638,3.4858,2.0017,3.6983,16.009,43.807,3.3381,6.045,12.262,5.0858,2.8038,6.2383,3.1286,4.4643,4.4112,9.214,30.127,9.9534,10.831,3.5504,4.5207,13.562,3.2013,3.0447,3.4215,1.6921,1.5906,30.11,13.459,11.888,2.9322,10.56,18.099,0,0,0,0.76786,0.23214,0,0,1,0,0,0,0,1,0,0,0
0.17689,0,2.7028,3.2376,18.629,44.479,5.9976,4.14,11.222,6.4836,2.9312,9.3059,2.3509,8.1819,7.8663,9.1213,27.438,10.417,5.8101,5.7512,4.5512,9.2063,3.6843,2.4935,2.12,1.5868,5.6657,29.269,13.691,14.253,11.114,4.6136,11.51,0,0.58333,0.33333,0,0.083333,0,0,1,0,0,0,0,1,0,0,0
0,0,5.7752,4.7419,14.636,42.054,11.82,3.1751,10.37,3.9333,3.4943,8.471,2.9511,7.9635,8.6078,12.106,21.578,9.5118,5.0368,6.5338,4.8414,12.399,5.9232,5.2162,2.5719,2.6312,7.4379,23.935,14.38,12.574,10.717,5.4014,9.2122,0.29851,0.59701,0.059701,0.044776,0,0,0,1,0,0,0,0,1,0,0,0
0.7359,6.454,3.2545,3.5735,14.476,37.534,5.2227,6.3707,11.185,6.1727,5.0215,7.987,4.2232,5.856,7.0532,6.3435,22.581,9.4143,12.147,3.4461,4.0842,16.864,5.879,4.9493,7.8489,3.0003,2.0112,20.202,12.428,8.18,4.4667,12.395,18.639,0,0,0,0.71429,0.28571,0,0,1,0,0,0,0,1,0,0,0
0,0.29205,2.8977,9.9427,21.198,48.263,7.4275,1.6794,5.0533,2.0477,1.1996,3.5422,2.913,13.38,7.6949,12.396,18.769,18.298,9.0777,4.0943,4.7662,5.0683,1.4262,2.4864,3.066,2.403,10.688,22.365,14.635,14.059,14.77,4.7997,9.3021,0,0,0,0,1,0,0,1,0,0,0,0,1,0,0,0
0,0.26525,5.9658,5.9182,17.253,37.648,11.283,4.2312,7.0357,6.5869,3.8135,10.644,2.7155,11.282,9.3769,9.016,15.545,10.063,7.9816,7.696,6.57,9.1106,4.5661,5.433,4.791,2.5428,7.3221,18.094,12.46,14.185,14.172,6.2558,10.178,0.020408,0.83673,0.14286,0,0,0,0,1,0,0,0,0,1,0,0,0
0,0.13861,4.9052,1.7296,11.266,42.171,19.204,2.6328,13.637,2.3774,1.9382,5.2757,1.5915,11.91,3.6057,17.337,19.327,6.7397,9.2596,7.3663,3.8296,13.758,7.3966,4.4062,3.6349,3.5796,16.371,27.492,4.1942,6.368,13.429,2.4821,10.647,0,0,0.083333,0.91667,0,0,0,1,0,0,0,0,1,0,0,0
0.78693,2.7144,13.464,10.265,15.852,27.455,3.8734,1.3882,5.6012,11.935,6.6646,8.8467,11.064,8.0803,5.4206,11.361,25.095,9.8659,2.7793,4.6759,6.1509,6.6599,4.5005,5.4328,2.6563,2.5631,4.9015,11.893,7.0089,11.755,20.102,18.63,10.556,0,0,0.22794,0.77206,0,0,0,1,0,0,0,0,0.89706,0.10294,0,0
0.76949,10.868,6.4632,4.7297,9.0976,12.71,20.621,16.327,9.4298,7.8263,1.1568,5.6257,3.1472,3.8837,9.5655,16.289,19.658,20.3,10.175,2.8762,2.3145,6.1646,3.7833,17.796,13.692,14.899,8.3649,2.1853,6.8828,8.2764,13.63,6.4834,4.0059,0,0,0,0.6,0.4,0,0,1,0,0,0,0,1,0,0,0
2.0856,3.4221,3.8174,3.9777,6.0753,45.467,15.504,9.058,6.7106,2.5182,1.364,13.22,10.822,7.6368,5.8841,8.3009,25.842,9.5984,4.6901,2.674,3.7657,7.5665,13.964,11.237,9.6392,5.4672,8.7032,23.584,7.3767,3.2594,3.3951,7.8454,5.5294,0,0.015152,0.030303,0.92424,0.030303,0,0,1,0,0,0,0,1,0,0,0
0,3.046,11.326,6.163,1.9653,47.337,17.581,5.3772,4.2986,1.8566,1.0491,5.9966,3.303,2.3695,15.609,15.523,27.786,2.9046,9.4415,3.4266,7.325,6.3149,5.6006,10.471,8.0136,14.177,8.698,30.562,6.2595,2.6003,2.5617,3.7216,7.334,0,0,1,0,0,0,0,0.98387,0.016129,0,0,0,0.22581,0.77419,0,0
0,1.0074,8.7045,6.4659,2.9801,75.233,1.2747,1.4319,2.3089,0.34745,0.24627,4.93,0.34745,1.5469,3.8361,15.151,49.833,11.112,1.1994,1.0202,4.5923,6.4311,7.651,4.4717,8.4305,28.718,2.889,19.59,9.901,5.9977,2.3534,1.3097,8.6884,0,0,1,0,0,0,0,1,0,0,0,0,1,0,0,0
3.4332,3.555,7.8701,3.291,7.3214,43.741,12.374,7.0731,6.8174,2.1664,2.3575,7.3834,8.167,9.6574,5.4701,9.4035,26.798,11.531,5.0293,4.0607,3.9615,8.5377,13.397,11.733,6.1976,3.7621,7.8219,25.741,5.8737,5.3808,4.1833,6.368,9.5412,0,0,0.037037,0.96296,0,0,0,1,0,0,0,0,1,0,0,0
0.7343,2.2106,16.687,11.973,14.411,28.449,6.7266,0.39456,5.679,7.4532,5.2823,9.2051,9.9878,5.4211,8.9982,12.018,24.549,8.5434,3.0073,4.291,5.5019,8.4771,4.7961,4.8705,3.2698,5.2492,6.3042,8.6883,7.99,11.1,18.858,18.1,10.774,0,0.052632,0.31579,0.63158,0,0,0,1,0,0,0,0,0.94737,0.052632,0,0
0.27351,1.4916,4.0026,5.0241,13.203,44.952,1.1886,3.284,7.3485,12.636,6.5953,8.8977,10.886,5.6842,1.8513,11.381,32.355,14.537,2.3599,2.9782,4.5832,4.4856,2.5847,2.4329,1.8797,2.7437,9.4291,21.304,13.963,11.039,14.768,10.84,9.0163,0,0,0.57143,0.42857,0,0,0,1,0,0,0,0,0.89524,0.10476,0,0
0,0,0,0,0,93.298,2.2208,1.9866,2.4948,0,0,0,0.24213,1.2355,0.41487,6.5248,77.818,10.519,0.53292,0,1.2355,1.4776,0,0.24213,0,0.24213,18.402,72.846,3.7465,0.28186,0,1.7684,2.4709,0,0,1,0,0,0,0,1,0,0,0,0,1,0,0,0
0.12421,0.95092,3.0328,4.3639,2.3873,68.119,5.5241,4.3673,6.189,2.9648,1.9768,7.3956,3.8545,2.9371,2.2744,11.499,50.627,9.2481,2.5987,2.72,2.9174,3.9276,3.3645,2.3116,3.1823,4.2532,15.063,38.394,16.268,2.0559,4.127,2.5342,8.4466,0.13636,0.43182,0.20455,0.22727,0,0,0,1,0,0,0,0,1,0,0,0
2.1169,3.4254,3.0022,3.4332,9.1061,33.826,15.323,15.362,6.7451,4.8451,2.8153,12.312,11.61,5.0415,12.89,5.4978,16.723,9.0533,9.3706,4.2339,4.4765,8.791,12.926,12.575,14.308,9.7911,3.6391,14.623,3.3815,3.7394,5.6,7.4581,11.958,0,0.79167,0,0.083333,0.125,0,0,1,0,0,0,0,1,0,0,0
1.0552,1.8304,3.0711,3.0584,2.5962,46.077,25.789,6.4594,6.7021,1.4211,1.9401,12.435,5.4061,5.3739,4.4174,12.627,36.445,12.281,2.1657,2.7338,1.8737,4.2407,7.4453,10.417,4.3858,11.379,17.985,28.555,9,1.5066,0.99153,4.9108,3.424,0,0,0.057971,0.94203,0,0,0,1,0,0,0,0,1,0,0,0
0,2.3159,10.477,10.134,3.1715,58.726,7.8375,3.9889,2.1689,0.85278,0.32749,9.9312,1.2918,1.9587,11.989,14.764,36.815,3.2376,7.3226,1.6601,5.2801,5.7506,10.905,5.2185,6.4827,18.954,4.6233,28.669,4.9292,6.7497,1.7457,2.448,9.2748,0,0.016393,0.68852,0.29508,0,0,0,1,0,0,0,0,1,0,0,0
0,1.1998,14.217,2.412,6.1255,50.356,7.0467,3.7742,13.143,1.4171,0.30817,10.404,4.06,5.5407,3.0935,15.569,28.227,16.724,2.8477,2.2877,5.8347,5.4118,2.742,3.1954,3.0308,4.1632,16.427,16.839,16.809,7.2501,6.7348,12.407,10.401,0.10714,0.10714,0.76786,0.017857,0,0,0,0.98214,0.017857,0,0,0,1,0,0,0
1.4141,2.6514,3.3131,3.765,4.5946,35.46,25.751,12.439,6.6108,2.3862,1.6154,15.16,8.1275,6.8825,8.0173,10.425,29.777,8.0385,1.832,1.6625,4.1927,5.8848,10.942,14.881,8.2841,12.455,11.835,24.595,4.2759,1.6443,1.892,5.9957,3.1993,0.11111,0.12698,0.31746,0.44444,0,0,0,1,0,0,0,0,1,0,0,0
3.345,7.2791,10.204,8.3069,14.744,25.773,12.015,3.4715,2.6838,6.1351,6.0432,11.146,10.57,7.948,3.4361,9.2012,13.121,10.707,10.001,6.731,6.4917,10.647,8.6969,7.4373,10.323,6.6391,11.246,4.4602,10.526,10.025,11.711,10.695,8.2405,0,0.24638,0.75362,0,0,0,0,1,0,0,0,0,0.52899,0.47101,0,0
0,0,6.6965,1.7702,11.172,60.98,11.198,0,8.1844,0,0,6.2477,5.9634,5.5843,3.5691,25.108,17.266,20.327,10.564,0.42617,3.5691,1.3754,2.7847,5.0098,1.344,13.592,18.959,12.384,21.574,9.4564,9.2705,2.6244,3.0009,0,0,0.18,0.22,0.6,0,0,1,0,0,0,0,1,0,0,0
1.7019,4.3741,2.5731,3.4852,4.5138,45.58,16.508,9.399,8.0911,1.6563,2.1176,14.572,12.164,5.048,5.0773,6.3287,30.513,9.0735,3.4078,3.1945,4.2198,6.4003,12.608,12.701,8.3603,9.365,8.5624,27.202,5.7071,1.6095,2.0434,8.0547,3.7863,0.018182,0.054545,0.25455,0.67273,0,0,0,1,0,0,0,0,1,0,0,0
0,0,0,0,0,0,0,0,0,100,0,0,0,0,0,50,0,50,0,0,0,0,0,0,0,0,0,0,0,50,50,0,0,0,0,0,0,1,0,0,1,0,0,0,0,1,0,0,0
1.0212,1.9134,3.9217,1.8426,0.72422,52.665,26.39,4.0888,5.3106,1.0746,1.0487,9.6034,3.394,3.1986,8.8854,13.894,39.088,11.212,4.8181,1.2251,1.9418,2.7391,5.7377,8.5574,4.856,12.136,21.284,32.797,6.9432,0.72881,0.73921,2.56,3.6608,0,0,0.35484,0.64516,0,0,0,1,0,0,0,0,1,0,0,0
0,3.7353,6.3372,4.2298,1.9773,58.358,8.227,4.2947,8.8295,3.0666,0.94459,8.0199,4.6523,3.2819,8.446,15.304,37.247,5.1458,4.6712,4.0271,3.3389,5.8653,6.2724,4.3906,2.6391,8.5425,12.735,30.227,13.502,3.2087,5.1652,4.2708,9.0463,0,0,0.37313,0.62687,0,0,0,1,0,0,0,0,0.71642,0.28358,0,0
0.49702,2.5868,3.8266,3.6853,13.765,37.609,12.409,9.8248,11.537,3.6669,0.59189,8.349,10.795,5.8567,13.385,8.0508,14.93,11.757,5.2259,6.7429,6.6128,8.2942,4.937,11.985,4.8618,7.6843,9.1352,8.1313,13.409,10.485,6.6993,13.528,9.1447,0,0,0.17188,0.8125,0.015625,0,0,1,0,0,0,0,1,0,0,0
2.9234,5.8144,12.319,5.9207,8.4711,29.384,14.553,8.6573,6.6865,1.8018,3.4682,7.5844,7.7751,10.596,8.0279,10.391,15.388,7.9353,7.2685,7.1932,5.2506,12.589,16.885,18.213,6.8512,3.649,5.5177,13.702,1.8397,7.0054,5.1579,9.4547,11.724,0,0,0.092784,0.90722,0,0,0,0.97938,0.020619,0,0,0,0.97938,0.020619,0,0
2.2515,2.0139,3.7567,1.3653,13.376,36.763,23.015,6.7593,8.0497,1.51,1.1393,6.589,3.6547,19.016,10.865,10.997,16.017,11.798,8.9717,2.0325,5.5222,4.5373,21.95,19.656,6.8895,5.2867,3.7089,12.673,1.2024,9.0641,6.0094,9.6867,3.8735,0,0.2,0.75,0.05,0,0,0,0.05,0.95,0,0,0,0,1,0,0
5.3368,8.3247,16.988,8.4483,6.3146,27.132,5.2562,9.8535,6.8978,1.1159,4.3317,6.3091,6.623,7.6948,7.2179,11.154,10.504,7.2034,5.465,8.7458,5.137,23.946,13.81,15.483,6.6978,1.3455,3.7561,17.51,1.1943,8.844,5.2816,9.2792,16.799,0,0.047619,0.92857,0.02381,0,0,0,0.047619,0.95238,0,0,0,0.02381,0.97619,0,0
3.0153,4.8312,8.7318,7.3042,8.7244,26.162,16.643,10.417,7.9036,2.4259,3.8416,9.4451,8.1645,9.3686,11.996,8.196,9.6621,7.5372,3.4496,13.538,3.6539,14.99,21.024,16.579,5.7595,4.4057,6.7799,8.6746,2.329,8.1019,5.4554,12.017,8.8747,0,0.083333,0.11458,0.80208,0,0,0,0.94792,0.052083,0,0,0.010417,0.95833,0.03125,0,0
2.1781,5.4816,5.5437,2.7498,9.2288,28.828,19.393,17.152,4.2434,3.0578,2.1434,16.869,12.838,9.1334,18.522,4.7515,7.8125,5.5922,8.0805,2.5743,4.0787,9.7487,14.872,20.098,19.242,8.71,5.665,6.7083,3.0062,2.7059,4.5204,7.866,6.6058,0,1,0,0,0,0,0,1,0,0,0,0,1,0,0,0
2.9648,4.6507,11.873,7.0382,8.6124,26.73,16.985,7.2626,9.9651,2.203,1.7146,12.494,8.075,10.543,7.9658,8.9527,16.1,8.9888,6.6305,5.4619,4.8722,9.9161,19.633,18.768,6.9851,6.5719,7.4233,11.361,1.9716,3.5712,7.4928,7.016,9.2056,0,0,0.25,0.69231,0.057692,0,0,1,0,0,0,0,0,1,0,0
0,0,0.23457,0,4.3944,93.916,0.98599,0.46915,0,0,0,0.23457,0,0,4.574,23.637,53.436,16.937,0.7121,0,0,0.46915,0,0.23457,0,0,6.8537,56.48,32.155,3.8073,0,0.23457,0.23457,0,0,0.98182,0.018182,0,0,0,1,0,0,0,0,1,0,0,0
2.554,10.755,9.0189,3.1064,6.3844,23.734,18.244,7.8957,8.6856,4.1804,5.4402,5.6447,7.1409,8.619,10.417,14.672,14.001,8.5528,11.76,4.2896,3.4225,11.481,19.369,22.07,9.8445,3.5323,4.1263,11.446,2.2197,8.3358,4.1879,6.5623,8.3065,0,0.82353,0.17647,0,0,0,0,0.82353,0.17647,0,0,0.85294,0.14706,0,0,0
3.0447,5.266,13.311,6.6964,10.662,28.654,10.266,6.2171,6.1131,4.894,4.8761,11.008,7.4905,6.013,8.7007,10.215,16.327,8.6409,5.1655,7.1693,5.1169,14.154,14.294,14.455,5.3053,6.9268,4.3353,9.2694,8.3994,5.5144,10.02,9.6967,11.784,0,0.28889,0.71111,0,0,0,0,1,0,0,0,0,0.2,0.8,0,0
0.42838,0,8.4863,6.7762,11.264,55.331,9.5198,1.9115,5.691,0.1615,0.43038,4.28,3.5088,6.0475,3.6105,19.414,23.649,15.659,6.1527,3.9065,10.069,3.7036,6.0573,5.8543,5.8002,10.286,15.076,14.031,12.967,12.45,6.1377,5.1688,6.1731,0.066667,0.16667,0.31667,0.45,0,0,0,1,0,0,0,0.033333,0.96667,0,0,0
2.0472,4.3813,5.8883,12.574,10.047,29.01,13.073,5.998,7.5195,4.9359,4.5257,8.8603,8.7855,8.134,7.1365,6.4811,16.538,11.294,6.6408,11.198,2.6431,12.288,16.619,9.3714,5.8736,4.7362,4.0488,10.864,5.064,6.1372,14.033,10.425,12.827,0,0.95652,0.043478,0,0,0,0,1,0,0,0,0,1,0,0,0
2.7974,2.8971,6.5453,13.897,11.721,31.207,11.533,6.4055,6.3583,4.1117,2.5272,7.7818,8.7651,6.0677,7.3563,7.7281,18.862,10.946,5.7276,8.6747,5.4017,12.689,12.103,8.883,3.3126,5.6475,5.6455,11.145,8.8113,7.2642,13.012,10.089,14.086,0,0.11111,0.88889,0,0,0,0,1,0,0,0,0,1,0,0,0
2.9908,5.4764,14.024,3.5695,8.5998,36.164,2.8752,2.4283,11.705,6.0053,6.1619,18.619,6.3387,3.1684,5.3599,5.2512,20.633,12.575,10.459,3.7793,5.6465,8.1692,2.6565,6.0001,5.6193,1.4289,9.917,17.082,15.437,7.7947,11.186,13.287,9.5923,0,0.56,0.44,0,0,0,0,1,0,0,0,0,1,0,0,0
3.1246,4.5852,10.582,5.5974,8.6067,27.941,14.886,14.437,5.9741,2.3908,1.8761,10.424,10.387,10.034,11.379,8.1096,14.293,6.8344,6.7536,7.6309,5.0102,9.143,20.153,17.104,11.301,5.8883,5.1043,9.5157,1.4829,3.8588,7.3326,9.2887,8.9706,0,0.15217,0.58696,0.25,0.01087,0,0.01087,0.77174,0.21739,0,0,0,0.21739,0.78261,0,0
2.2203,2.2531,15.983,9.9186,7.8327,45.324,6.4083,3.3663,4.1087,1.8507,0.73405,10.949,4.5567,6.4137,5.0564,10.257,32.46,8.5986,3.9833,6.7314,4.9143,6.0797,10.111,9.0394,1.9378,4.7164,5.8021,26.002,9.9845,3.5527,10.243,8.6885,9.9227,0,0,0.41791,0.58209,0,0,0,1,0,0,0,0,0.95522,0.044776,0,0
0.66277,2.0333,1.9948,3.8285,19.334,46,3.1708,2.5238,12.092,5.5633,2.7971,4.875,2.1912,3.8141,4.9184,11.885,30.88,12.448,6.2079,3.9861,4.7679,14.027,1.985,1.6933,1.2662,1.7206,1.3394,30.335,20.91,12.261,5.6822,8.8589,13.948,0,0,0,0.62687,0.37313,0,0,1,0,0,0,0,1,0,0,0
3.5631,6.5749,10.223,5.8863,9.5258,25.331,13.437,7.6682,7.9722,5.1639,4.6545,7.6011,7.856,6.092,10.491,9.9,13.882,9.1017,7.1861,8.711,3.8549,15.325,16.571,17.549,6.6327,6.0712,4.7523,9.4997,5.8261,7.6277,7.4039,8.8165,9.2499,0.036364,0.27273,0.6,0.090909,0,0,0,0.90909,0.090909,0,0,0,0.25455,0.74545,0,0
2.4635,2.3968,18.56,12.247,9.068,39.246,6.3797,2.295,3.515,2.7086,1.1208,11.812,6.0687,3.4242,7.9837,14.981,20.337,8.801,4.2973,7.1577,5.4779,9.6595,9.9012,8.8615,4.3275,5.1943,6.8066,14.476,11.119,4.6564,9.9866,13.605,11.066,0,0.021505,0.64516,0.26882,0.064516,0,0,1,0,0,0,0,0.96774,0.032258,0,0
1.5699,2.2905,19.121,12.506,12.633,34.193,7.6811,1.53,3.299,2.8135,2.3625,12.791,7.4437,4.3161,9.9915,10.48,22.572,6.2878,4.3036,5.7676,6.9368,9.1087,7.4824,7.5316,3.2259,6.7938,5.2779,11.217,10.643,9.0756,13.773,11.677,13.303,0,0.012987,0.077922,0.90909,0,0,0,1,0,0,0,0,1,0,0,0
4.06,3.7686,10.966,10.302,12.969,28.62,9.8495,5.5317,5.9281,5.4617,2.5434,10.792,7.7284,4.725,9.2953,8.7258,15.456,9.0862,5.7723,8.4069,6.3197,13.693,13.767,13.332,4.8932,5.3854,5.3653,8.266,9.3741,6.4364,11.028,9.7717,12.381,0,0.088889,0.46667,0.37778,0.066667,0,0,1,0,0,0,0,1,0,0,0
1.4216,1.4279,10.024,16.2,11.017,41.201,8.7161,1.1529,3.7828,2.9687,2.0891,14.199,8.2323,4.6528,7.295,8.1025,26.408,6.1461,5.1979,4.8831,6.1469,8.7368,8.4048,4.9575,3.7398,4.8923,8.1133,18.06,10.072,7.2677,14.102,11.25,9.1411,0.012346,0.024691,0.049383,0.91358,0,0,0,1,0,0,0,0,1,0,0,0
2.1028,3.3513,14.288,12.82,11.197,32.409,8.0414,3.777,4.8537,3.634,3.5263,10.856,8.3227,3.4156,9.1701,9.4839,17.308,9.4859,7.2616,6.8535,5.6355,12.207,10.142,9.4917,5.0384,6.651,5.3647,9.343,9.4853,7.8757,11.849,13.177,11.581,0,0.32143,0.33929,0.053571,0.28571,0,0,1,0,0,0,0,0.98214,0.017857,0,0
0.85867,0.24392,2.4943,5.9633,20.206,46.87,5.2127,2.1455,7.6767,5.0093,3.3194,8.2812,1.5805,6.1123,5.54,10.796,30.07,9.9196,7.7592,4.6382,4.2432,11.06,3.7684,3.0308,1.2069,2.5866,3.9256,30.428,18.82,14.341,8.5761,6.0523,7.2644,0,0,0,0.91781,0.082192,0,0,1,0,0,0,0,1,0,0,0
0.14597,0,3.7921,6.7848,20.818,40.635,8.0458,4.4747,5.6455,7.0252,2.6323,9.9739,2.3016,9.4572,8.9868,7.8039,22.718,6.0521,7.8679,8.9008,5.2945,10.643,7.2453,4.1368,2.5186,3.3549,6.5362,23.984,12.518,14.952,12.846,3.6686,8.239,0,0.042254,0.19718,0.76056,0,0,0,1,0,0,0,0,1,0,0,0
1.7848,2.4407,7.9664,11.046,13.419,32.118,10.956,9.6133,4.243,2.7243,3.6883,8.2094,8.5829,5.6613,9.5003,9.0696,13.886,10.752,9.5229,7.4072,5.0835,12.325,13.754,10.466,6.2649,8.5338,4.636,8.5373,8.0681,6.4255,10.982,9.196,13.137,0,0.037383,0.28972,0.51402,0.15888,0,0,1,0,0,0,0,1,0,0,0
1.3444,1.0653,4.5674,13.392,14.074,44.23,10.102,2.6099,4.2095,2.3008,2.1045,10.326,8.9433,7.9568,7.1337,8.7012,27.037,7.542,7.1763,4.8405,4.7152,5.628,8.0728,4.0313,2.7897,6.0427,9.1506,19.054,8.5857,9.2516,13.747,8.0738,11.202,0,0.058824,0.90196,0.039216,0,0,0,1,0,0,0,0,0.88235,0.11765,0,0
0.29636,1.0689,2.5124,1.9991,1.9048,70.278,8.6229,4.6701,5.9738,1.7077,0.96621,5.1198,6.9821,3.2019,1.0207,13.791,47.599,11.91,2.3622,2.3248,1.6309,4.0587,2.204,1.9706,3.0692,3.7334,15.151,38.385,18.494,1.4229,1.734,7.428,6.4083,0.20896,0.77612,0.014925,0,0,0,0,1,0,0,0,0,1,0,0,0
0,1.1048,0.2416,5.0383,9.3031,81.074,2.0447,0.77037,0.42333,0,0,3.2159,1.3464,2.9593,3.6974,16.486,50.842,14.502,5.1767,1.1555,0.61924,0,0.60821,0.31058,0.2416,3.9356,12.55,53.46,15.547,5.4592,5.2504,0.99986,1.6374,0,0,1,0,0,0,0,1,0,0,0,0,1,0,0,0
0,0,6.6626,4.358,12.042,38.464,16.906,4.2684,9.8664,3.9431,3.4888,7.5545,2.1195,13.267,7.1761,14.086,14.451,8.014,5.7166,10.201,5.8472,11.568,6.5883,7.5147,4.1102,2.8643,13.266,18.715,7.2892,10.394,12.099,3.5297,13.629,0,0,0,0.41176,0.58824,0,0,1,0,0,0,0,1,0,0,0
1.5819,4.011,9.6224,6.8543,7.8747,35.174,8.0261,7.3106,8.2175,4.8027,6.5253,17.782,5.7186,3.3208,6.9894,6.9849,30.567,7.0532,5.0627,1.9625,8.5522,6.0067,5.5818,8.4895,4.2889,1.6265,6.752,24.001,8.1438,5.1871,15.307,12.569,8.0529,0.018182,0.14545,0.83636,0,0,0,0,1,0,0,0,0,1,0,0,0
0.33048,2.7455,16.506,14.058,11.102,36.002,10.099,0.91102,4.1924,2.8541,1.2006,11.184,7.0478,3.9845,11.181,12.216,24.854,7.5695,3.1344,5.3888,5.7746,7.6652,5.5444,3.9898,3.4442,7.9323,10.239,13.909,7.0189,12.076,14.469,13.414,7.9638,0.041096,0.10959,0.53425,0.31507,0,0,0,1,0,0,0,0,1,0,0,0
0.28495,8.7109,17.223,2.6589,2.0492,47.843,7.9164,0,9.1232,3.4211,0.76934,8.5281,5.3241,2.4522,6.4864,15.465,29.652,12.4,0.58298,3.7736,4.4521,10.884,4.4044,6.8172,4.2091,12.301,17.862,30.103,3.5138,4.8817,5.9677,8.6745,1.2656,0.084746,0.050847,0.18644,0.64407,0.033898,0,0,1,0,0,0,0,1,0,0,0
1.5379,2.864,5.7503,9.253,7.5757,54.688,9.4421,0.83885,3.0763,1.6833,3.2903,13.897,3.4286,3.1365,6.5702,14.796,33.609,7.653,2.3436,3.7008,3.9794,6.8857,3.7527,2.4646,2.2335,6.8977,12.207,33.785,7.66,11.724,9.0596,5.2804,4.936,0,0,0,0.73737,0.26263,0,0,1,0,0,0,0,1,0,0,0
0.80904,5.3041,8.6192,4.1356,2.7344,54.286,14.215,0,4.7212,2.411,2.7639,12.77,1.4143,1.1062,8.3015,13.346,44.091,6.7201,0,3.808,3.6286,4.8138,5.5408,4.803,2.5703,11.679,18.729,37.269,2.9843,6.4839,4.0678,5.453,0.41931,0.026667,0.16,0.093333,0.34667,0.37333,0,0,1,0,0,0,0,1,0,0,0
0,11.159,16.302,0.26949,0,48.468,12.659,0.37607,7.549,3.2167,0,7.1464,3.5244,1.1295,7.3168,13.827,31.908,14.38,0,3.0035,8.6282,9.1359,8.8348,7.3901,4.9335,13.124,25.215,23.292,5.0929,1.8665,4.054,4.2076,1.9895,0.17895,0.13684,0.68421,0,0,0,0,1,0,0,0,0,0.47368,0.52632,0,0
0.4359,1.1542,2.9713,11.659,9.5413,52.879,8.9725,1.1062,3.082,3.3889,4.8095,16.054,4.9971,5.4279,5.822,8.1814,35.057,6.6909,4.2557,4.0986,4.2101,5.2051,7.3432,2.1836,1.7479,4.5374,9.2031,32.434,6.7094,10.65,10.138,6.0293,9.0231,0,0.010101,0,0.9899,0,0,0,1,0,0,0,0,0.9899,0.010101,0,0
1.9901,2.6432,1.978,4.9035,6.2702,57.094,3.5114,1.1087,3.122,8.9936,8.3849,17.939,2.3386,5.9811,2.7539,6.0741,41.738,9.0281,3.9455,1.0572,3.3861,5.7582,3.0914,0.64548,3.0888,2.6811,3.8685,41.382,9.0367,12.837,11.365,5.3162,6.6878,0,0,0,0.67021,0.32979,0,0,1,0,0,0,0,1,0,0,0
1.2719,3.1136,5.1452,4.358,5.0234,54.882,5.5507,2.7355,3.9068,5.9314,8.081,19.548,3.4309,3.7469,3.5298,6.7973,42.848,7.087,3.1907,1.0149,3.8908,4.9162,2.5047,2.6124,3.4784,2.8859,6.5613,40.727,8.8428,8.3559,10.493,7.6725,5.866,0.066667,0.4,0.53333,0,0,0,0,1,0,0,0,0,1,0,0,0
0.65617,6.8953,12.664,7.3487,6.3946,43.164,11.515,0.43693,5.1276,3.5946,2.2025,8.1289,5.4855,2.6155,8.731,14.062,31.585,11.367,1.2409,3.767,5.6555,7.3609,5.6185,4.3532,2.5677,13.158,16.012,21.477,6.2059,7.6834,8.6005,10.06,4.2645,0,0,0,0.98958,0.010417,0,0,1,0,0,0,0,1,0,0,0
0,1.0544,4.8169,11.276,6.3167,54.227,0.72024,7.17,4.6394,6.4207,3.3588,10.559,10.213,5.9043,0.71376,8.0265,35.213,11.099,5.2904,1.4202,3.6359,7.9249,4.6342,5.1173,4.4615,6.4086,11.912,26.988,12.514,5.6233,9.4985,5.6253,7.2162,0,0,1,0,0,0,0,1,0,0,0,0,0.925,0.075,0,0
1.0739,2.3555,18.022,2.1931,16.677,29.358,9.3944,6.2643,9.7492,3.704,1.2085,21.918,9.256,4.7089,5.7784,4.1896,20.367,10.846,10.608,5.8367,3.0843,3.4072,4.9525,7.2282,3.8596,2.8534,8.6473,6.5014,28.016,3.6198,10.139,19.561,4.6225,0.16667,0.027778,0.77778,0.027778,0,0,0,1,0,0,0,0,1,0,0,0
2.4432,5.9423,13.578,6.9031,8.241,32.645,8.8295,5.0553,9.9422,2.6846,3.7352,19.767,6.8106,2.7723,7.9703,6.4381,22.012,7.9511,8.5606,4.0479,7.5966,6.073,4.4265,10.216,5.8041,1.4635,8.4096,13.901,15.6,5.3447,11.84,13.246,9.7475,0,0.13514,0.86486,0,0,0,0,1,0,0,0,0,1,0,0,0
1.6393,3.7572,15.549,4.805,11.856,35.12,8.4167,4.8059,10.579,1.9461,1.5248,17.419,9.1914,4.242,6.1472,7.1682,22.115,8.3505,11.37,5.1272,4.0391,4.8302,2.795,8.7952,4.5152,3.7208,9.6538,12.245,20.653,3.1307,10.329,15.318,8.8449,0.15254,0.067797,0.57627,0.13559,0.067797,0,0,1,0,0,0,0,1,0,0,0
1.0292,1.983,15.784,4.7513,10.703,34.385,4.5713,6.1836,12.068,5.0542,3.4881,18.241,7.6024,2.5109,7.8672,6.7904,25.6,8.9653,7.5219,2.1185,6.1566,6.6254,5.6144,7.3149,3.3236,1.3879,11.371,15.43,13.964,5.9932,11.464,14.964,9.1734,0.025641,0.38462,0.58974,0,0,0,0,1,0,0,0,0,1,0,0,0
1.2395,3.2365,13.205,6.9296,14.11,28.73,7.2857,2.5995,19.309,2.3199,1.0351,17.033,6.144,1.9433,3.4894,7.4857,23.513,5.4546,10.208,3.3103,6.8083,14.611,12.49,4.1727,14.521,6.0873,8.0425,13.697,10.359,8.1292,6.4114,11.473,4.6173,0,0,0,0,1,0,0,1,0,0,0,0,1,0,0,0
1.8351,1.3557,7.1776,8.6315,14.279,35.037,15.821,6.3332,3.97,2.7553,2.8052,4.361,7.3177,8.8184,4.4624,10.804,11.952,13.296,12.102,5.4975,13.812,7.5763,9.1388,11.831,7.5167,8.5016,7.6454,7.5039,7.8965,8.6911,7.5979,12.075,11.602,0,0,0.5,0.5,0,0,0,1,0,0,0,0,1,0,0,0
2.7605,8.0879,12.806,5.1077,7.0531,35.743,5.1243,3.3301,12.715,3.3175,3.9555,19.102,7.1236,4.1794,4.9939,8.3329,22.359,8.0928,8.7248,5.0746,6.0138,6.003,3.771,7.7691,8.461,2.0688,9.3714,19.627,12.124,5.9365,12.205,11.253,7.4135,0,0.031579,0.021053,0.93684,0.010526,0,0,1,0,0,0,0,1,0,0,0
2.8123,5.5422,8.444,2.9638,5.7693,41.35,3.4537,3.4736,8.5383,8.2732,9.3794,17.226,4.5687,5.4262,4.3182,5.1767,28.708,11.686,6.5936,1.1583,7.0142,8.1249,2.3742,3.9468,6.3719,1.7645,7.7447,26.913,8.5149,9.5589,14.652,9.3834,8.7763,0,0,0.040984,0.87705,0.081967,0,0,1,0,0,0,0,1,0,0,0
1.4099,5.6722,16.46,4.9131,4.9037,42.802,2.702,3.9077,8.6028,3.8582,4.7685,17.977,6.7802,1.7627,5.2311,10.324,33.281,5.6402,6.9749,1.989,4.1479,5.8918,3.2357,9.4035,8.573,2.8044,9.5892,27.412,8.1246,5.9481,8.6789,9.4451,6.7852,0,0,0,0.23881,0.76119,0,0,1,0,0,0,0,1,0,0,0
1.0244,4.1663,19.29,5.8073,8.5596,37.874,4.2686,3.397,9.4066,3.826,2.38,20.885,7.1968,3.3548,5.5661,7.4932,29.025,7.3,7.0093,2.0037,5.1797,4.9871,4.0161,11.587,7.9311,4.175,11.008,20.676,10.886,5.8907,9.7321,8.2052,5.8926,0,0,0.016949,0.89831,0.084746,0,0,1,0,0,0,0,1,0,0,0
0,0,0,0.43275,1.0601,95.68,0.50404,0.16801,2.1549,0,0,0.83817,1.4938,0.16801,0.26474,3.0441,91.985,1.7109,0.49507,0,0,0,0,0.16801,0.50404,0.50404,2.6028,89.172,3.473,1.8269,0.26474,0.98971,0.49507,0,0,0.91379,0.068966,0.017241,0,0,1,0,0,0,0,1,0,0,0
1.9876,3.2708,1.3825,4.6338,7.192,37.744,17.713,12.056,9.1932,3.1103,1.7171,15.912,15.484,5.1123,8.0244,4.2058,21.457,7.907,5.0009,4.0367,6.1174,6.7426,14.56,15.683,10.664,10.931,5.6256,20.431,2.6579,1.6895,4.207,8.8589,4.693,0,1,0,0,0,0,0,1,0,0,0,0,1,0,0,0
2.2083,3.033,3.5587,3.9846,7.5535,35.224,17.345,13.115,7.4334,3.7502,2.7946,14.621,14.283,5.9943,11.747,6.5767,12.797,7.1181,9.7813,4.5621,4.6483,7.8705,18.456,13.546,13.949,8.6997,6.1719,14.363,2.7303,3.1204,4.1323,9.7191,5.1128,0,0.44737,0.55263,0,0,0,0,1,0,0,0,0,1,0,0,0
1.1186,2.2164,2.281,4.111,4.4218,48.954,15.349,10.247,7.2634,2.4334,1.6047,12.423,14.218,4.5145,6.7278,5.449,33.978,5.6328,5.354,2.8171,3.8343,5.0527,12.576,10.459,11.633,9.1779,4.0798,34.001,1.8578,1.678,2.6818,7.6514,4.204,0,0,1,0,0,0,0,1,0,0,0,0,1,0,0,0
0,0.56391,0.4314,1.8468,1.6118,83.619,3.704,4.7411,3.0645,0.27857,0.13928,2.7825,4.6993,1.4944,2.1612,5.7734,75.336,4.6123,0.87162,0.62247,0.61312,1.0336,1.821,2.6397,3.919,4.5949,3.1381,72.404,6.1177,2.0123,1.0202,1.6326,0.70017,0,0,0.93443,0.065574,0,0,0,1,0,0,0,0,1,0,0,0
0,0.24377,0.48532,3.4163,3.3429,73.696,3.3665,7.3204,6.6707,1.2144,0.24377,4.6786,3.787,2.6945,3.3825,8.0278,57.754,10.733,3.3778,2.1313,0.81274,2.62,2.524,3.591,3.0947,3.7267,3.8036,59.202,9.6345,1.7291,3.2121,2.5162,6.9666,0,0,0.93617,0.06383,0,0,0,1,0,0,0,0,1,0,0,0
1.1391,0,4.5878,5.0981,11.589,53.866,6.2267,1.2231,14.353,0,1.9167,6.5816,4.1923,10.662,1.9089,18.949,19.495,16.449,5.354,4.8201,6.1763,5.4118,5.3071,4.8463,4.1407,8.4218,15.167,10.869,15.786,13.181,5.9879,6.871,9.4222,0.72727,0.27273,0,0,0,0,0,1,0,0,0,0,1,0,0,0
0.26708,0,7.6854,7.743,16.299,46.223,10.637,3.7879,6.4476,0.44692,0.46286,5.3029,5.8673,14.444,2.1903,16.825,15.08,16.059,9.878,3.434,6.3215,4.5981,7.175,10.364,4.7631,10.025,9.2231,9.0575,9.8192,14.547,8.4596,6.9756,9.5906,0,0.043478,0,0.95652,0,0,0,1,0,0,0,0,1,0,0,0
0,1.055,1.567,12.26,17.367,55.035,7.745,1.5935,3.0402,0.3377,0,5.986,2.0088,12.734,7.0963,11.901,16.412,19.645,14.194,3.9592,3.564,2.4991,0.28402,3.2264,3.7284,3.1283,12.607,18.887,23.406,11.067,13.557,4.0327,6.0765,0,0,0,0,1,0,0,1,0,0,0,0,1,0,0,0
1.0658,1.1889,5.5361,2.4222,8.4843,36.241,19.025,12.077,11.099,1.5828,1.2781,13.499,8.6833,4.9236,9.9256,6.9941,27.767,10.014,2.5482,1.8525,7.573,6.2195,9.7297,15.584,6.6964,9.6814,9.1206,25.783,5.4577,2.3981,5.3927,5.8642,4.2927,0.015873,0.36508,0.2381,0.38095,0,0,0,1,0,0,0,0,1,0,0,0
0.6589,0.73022,3.3293,2.5131,2.2645,76.98,4.9946,5.129,2.4617,0.4874,0.45175,4.1468,3.5155,3.3884,1.2551,5.7952,71.4,5.0721,0.38863,0.9035,1.2007,2.9338,3.9408,6.1689,1.7612,4.0444,4.1333,67.68,6.0089,0,0.41429,3.5101,2.3381,0,0,1,0,0,0,0,1,0,0,0,0,1,0,0,0
0.11693,0.85995,0.95317,2.2768,5.1121,59.353,7.0093,11.871,9.7365,2.0845,0.62741,6.6433,4.7188,4.5646,4.0396,6.0743,44.721,14.033,4.2322,3.1668,1.4119,6.3943,5.6237,3.2907,5.626,4.9599,2.6983,44.121,12.212,1.5096,1.919,5.1739,12.866,0,0,1,0,0,0,0,1,0,0,0,0,1,0,0,0
0,0.36587,0,1.6953,5.2531,91.956,0.54753,0.18166,0,0,0,1.7959,0.36587,1.0472,4.4855,9.1098,71.091,10.077,1.5948,0.43279,0,0,0.43279,0,0,1.5279,5.8712,73.275,12.031,3.5552,2.5083,0.43279,0.36587,0,0,1,0,0,0,0,1,0,0,0,0,1,0,0,0
0,0.50269,1.7858,5.3523,8.6982,68.714,3.6879,3.2797,5.9982,1.819,0.16221,4.1646,2.4283,5.0723,3.251,12.679,42.077,16.529,6.746,2.0377,2.1764,2.8375,1.7146,1.8384,2.1543,2.6757,7.1093,45.998,14.948,5.8622,8.6637,2.9474,6.0889,0,0,1,0,0,0,0,1,0,0,0,0,1,0,0,0
0,1.181,1.2353,8.2418,11.1,71.769,3.4103,0.67309,2.0557,0.33371,0,3.1774,2.6267,5.8318,4.4097,13.153,42.999,15.36,7.7263,1.9146,1.9429,0.85827,0.44624,0.92444,1.9034,3.0708,10.903,46.53,15.36,6.941,8.4494,1.9427,3.5288,0,0.11111,0.88889,0,0,0,0,1,0,0,0,0,1,0,0,0
0.36027,0,3.1707,5.7163,18.283,45.62,6.1242,3.916,8.9366,5.7115,2.1614,9.7086,2.0593,4.7797,7.6891,9.4814,27.449,10.103,6.6437,6.6153,5.205,10.265,4.3478,3.1825,2.1158,0.95815,3.1874,30.069,15.228,15.404,9.9054,5.8569,9.7446,0.10714,0.17857,0.17857,0.5,0.035714,0,0,1,0,0,0,0,1,0,0,0
0,2.4159,10.255,5.1578,0.95905,58.532,12.538,5.0227,1.9833,2.7374,0.39948,9.6927,0.25407,1.5288,16.589,14.527,38.898,4.8788,4.0668,0.81586,3.1774,5.5719,10.658,3.3216,2.3792,11.881,14.349,42.112,3.4506,1.4539,2.9915,1.6126,5.7906,0,0,0.15385,0.42308,0.42308,0,0,1,0,0,0,0,1,0,0,0
0.32324,0,2.3347,14.164,16.95,49.059,9.3491,4.7313,2.5581,0.20696,0.32324,10.928,4.8104,4.3613,2.7973,6.7244,32.986,12.519,4.4129,5.6961,4.7079,10.057,11.034,4.2026,3.5896,12.126,5.6944,31.586,6.1747,5.7468,9.1846,6.1063,4.554,0,0,0.10924,0.89076,0,0,0,1,0,0,0,0,1,0,0,0
1.7691,14.597,11.673,5.2111,11.375,11.601,14.049,11.282,7.4442,9.5855,1.4122,8.8795,3.0199,2.3005,9.0721,14.851,20.217,17.732,11.39,0.80259,3.789,7.9466,3.5942,22.475,13.151,9.7761,8.1914,2.4529,8.0735,8.8644,13.095,5.7813,4.544,0,0,0,1,0,0,0,1,0,0,0,0,1,0,0,0
2.6333,5.4165,12.897,6.4737,7.2464,30.196,15.871,6.2066,6.3423,3.6942,3.0223,9.1883,9.7081,11.301,6.1227,8.4961,20.052,8.1937,5.8106,5.4306,8.2675,7.4294,15.673,19.268,3.7438,5.3286,7.0986,10.352,2.6875,4.6914,9.4082,8.4623,13.286,0,0,0.041667,0.9375,0.020833,0,0,1,0,0,0,0,0,1,0,0
2.8674,4.1146,13.419,6.3736,10.978,23.985,13.361,7.8297,11.842,2.3316,2.8977,9.4142,10.191,8.4759,7.5015,8.4075,16.737,7.2064,5.4411,9.883,3.7977,12.945,19.231,15.178,7.3471,6.3435,5.9909,12.505,1.8251,3.5984,7.5891,9.0544,11.337,0,0,0.16667,0.77778,0.055556,0,0,1,0,0,0,0,0,1,0,0
1.0369,0.29601,5.8797,10.704,15.799,44.687,14.028,3.4014,2.1569,1.1169,0.89462,6.1764,11.793,9.5376,6.0693,12.966,14.708,12.531,8.437,6.604,8.4282,2.7496,3.7484,4.376,4.529,10.128,15.991,8.8101,14.581,13.587,8.7651,6.39,9.0951,0,0.045977,0.28736,0.66667,0,0,0,1,0,0,0,0,1,0,0,0
3.2013,4.9122,9.797,9.2609,13.565,29.827,10.682,6.0174,2.7116,5.0575,4.9681,9.865,9.5898,8.6474,3.6884,10.074,9.4887,11.896,11.625,5.7999,9.8561,9.4696,8.4657,9.6451,8.8303,5.6372,9.6789,5.1435,7.4576,8.9805,10.921,12.642,12.598,0.14103,0.21795,0.5,0.14103,0,0,0,1,0,0,0,0.23077,0.76923,0,0,0
6.4424,5.7384,15.098,7.7595,14.366,22.953,8.8184,3.1542,2.9124,8.5267,4.2303,14.091,10.586,6.5718,2.9514,8.3691,13.91,8.6218,12.047,4.0726,8.2712,10.508,8.3663,11.209,9.4548,4.7268,9.5203,4.1606,7.5008,11.321,13.217,9.6918,10.832,0.13043,0.78261,0.086957,0,0,0,0,1,0,0,0,0,1,0,0,0
2.8929,11.433,14.975,6.6061,11.844,25.717,4.5685,3.1311,9.1994,7.8716,1.7612,13.304,5.5053,2.8289,7.4206,11.112,20.675,12.024,7.8961,0.4414,6.594,12.198,8.2817,15.472,7.3109,3.8795,6.4708,12.245,13.67,9.1019,12.548,5.5988,5.4203,0,0.37705,0.55738,0.065574,0,0,0,1,0,0,0,0,1,0,0,0
1.5161,7.8089,12.569,5.5035,7.4916,41.729,4.3621,5.9605,8.7525,3.5984,0.70872,12.512,8.2752,2.1023,3.4721,9.0581,30.724,11.124,4.0327,1.5293,5.6569,11.514,6.8747,10.812,5.9661,3.4067,7.8162,27.051,11.524,4.7719,8.2185,4.2167,9.3419,0,0,0.044444,0.95556,0,0,0,1,0,0,0,0,1,0,0,0
0,4.9209,17.635,6.2917,0,65.781,1.0167,1.4753,2.3145,0.56513,0,6.9286,7.5956,0.65312,0.48086,10.498,55.277,8.2707,0.65312,0.73415,5.2708,3.638,9.7696,12.968,4.4605,1.1978,1.9524,58.462,6.2944,0,1.8509,0,3.0436,0.375,0.0625,0.5625,0,0,0,0,1,0,0,0,0,0.4375,0.5625,0,0
0,6.5452,21.95,3.175,0,57.532,0.51832,1.0461,8.6334,0.59994,0,7.1993,11.211,1.1277,1.7276,12.454,49.325,2.3141,0,0.51832,8.4202,5.7036,9.8953,12.456,3.6968,4.5037,3.2295,50.167,5.7815,0,3.9759,1.1999,5.0942,0.61538,0.10256,0.28205,0,0,0,0,1,0,0,0,0,0.66667,0.33333,0,0
0.83594,2.4008,11.987,4.3409,10.16,48.791,10.396,2.8216,4.4419,2.4894,1.3355,8.4259,5.8001,5.5835,2.486,11.899,29.485,17.132,3.7735,3.4821,4.3613,7.5716,3.5979,3.3255,3.8651,7.3906,11.297,23.496,15.286,6.8486,7.6657,8.8067,8.4202,0,0.0092593,0.027778,0.9537,0.0092593,0,0,1,0,0,0,0,1,0,0,0
0.40822,1.9047,20.707,9.9027,9.5603,39.095,7.7705,0.70988,6.7163,2.4065,0.81857,11.631,5.765,5.1511,7.9786,11.444,26.14,10.968,3.5897,3.7743,6.3731,7.1846,3.4651,3.0038,3.2243,6.15,11.301,11.4,13.08,11.561,11.513,15.291,10.01,0,0.036145,0.048193,0.91566,0,0,0,0.98795,0.012048,0,0,0,1,0,0,0
0.89792,2.4637,18.538,11.928,9.1016,36.82,7.5868,0.66512,5.583,3.4387,2.9776,11.875,6.8083,2.7329,7.5057,14.293,27.628,8.3188,1.6934,4.4977,5.8944,8.7528,4.5399,3.6679,3.8282,7.3512,11.713,12.002,10.159,9.036,13.163,14.713,9.8267,0,0,0.1087,0.8913,0,0,0,1,0,0,0,0,1,0,0,0
3.8748,5.3562,7.7631,4.8808,11.996,31.414,11.157,6.5478,5.4199,4.7657,6.8243,5.5967,5.2111,4.3005,6.7541,14.579,14.648,11.269,7.8378,7.4093,4.3164,18.078,13.09,12.793,4.7596,6.9169,2.5124,14.496,12.446,6.8288,8.5484,8.2751,9.3341,0.10526,0.42105,0.24211,0.21053,0.021053,0,0,1,0,0,0,0,0.96842,0.031579,0,0
2.7832,3.6664,4.0645,3.3504,12.9,34.987,4.4714,10.815,13.804,8.6672,0.4909,7.4458,3.0252,4.8304,5.3567,6.2848,26.73,10.006,8.3815,5.8026,9.0176,13.119,4.0019,5.4971,6.6635,2.6635,1.8663,18.332,11.255,13.545,1.8648,12.209,22.101,0,0,0,0.37037,0.62963,0,0,1,0,0,0,0,1,0,0,0
0,0,3.9402,10.882,14.235,57.289,7.1662,3.6954,1.2912,1.103,0.39828,8.72,1.1134,6.3637,3.2505,6.1992,42.595,9.955,6.329,3.9686,3.5692,7.9365,9.7677,3.504,1.9971,8.9675,7.0565,42.059,6.7879,4.5468,8.5574,3.1694,3.587,0,0.055556,0.94444,0,0,0,0,1,0,0,0,0,1,0,0,0
1.2098,3.3414,2.3476,3.5587,7.5989,34.072,14.976,16.601,8.593,5.0615,2.6401,11.274,9.3836,6.8518,11.165,7.127,17.043,9.5266,8.0905,5.5347,3.6854,10.319,12.55,11.254,12.612,8.0777,4.9759,17.198,3.0308,3.0893,3.9113,10.441,12.86,0.33333,0.55556,0.037037,0.037037,0.037037,0,0,1,0,0,0,0,1,0,0,0
0.50916,1.6985,1.2864,4.3387,7.6943,50.693,6.6787,11.824,10.377,3.4428,1.4575,6.8216,5.1663,3.125,5.5633,7.2674,37.738,12.584,5.9453,4.7514,2.7374,8.3009,6.7917,7.5717,6.138,3.7688,2.6253,39.278,7.4555,4.2051,2.2286,5.4018,14.535,0,0.19444,0.77778,0.027778,0,0,0,1,0,0,0,0,1,0,0,0
1.014,0.846,1.2116,4.2426,21.04,45.622,2.6999,1.6724,13.466,5.6659,2.519,7.2121,2.9304,6.5983,6.2185,9.8678,30.447,11.622,6.9755,5.1251,3.787,9.2162,2.0488,2.3108,1.0078,1.4804,3.4045,30.435,19.379,14.904,5.7708,7.8471,11.411,0,0,0,0.71154,0.28846,0,0,1,0,0,0,0,1,0,0,0
1.9577,1.8678,2.2782,4.3209,15.585,32.316,19.806,10.115,1.5926,5.3873,4.7737,0.86999,10.933,11.232,8.2556,11.436,6.8415,10.444,11.167,7.9742,11.482,9.3647,7.6286,10.624,7.7607,10.164,5.9925,7.5299,6.5545,6.0101,9.2457,16.587,11.903,1,0,0,0,0,0,0,1,0,0,0,0.45714,0.54286,0,0,0
1.0869,0.58276,4.4263,11.362,13.02,43.413,17.834,0.28547,7.4847,0,0.50416,11.877,3.7061,0,5.9545,7.8246,31.979,10.125,6.6209,3.4874,4.8767,13.548,10.896,1.4892,3.4993,20.916,4.1416,32.582,3.4874,5.0272,9.4042,6.9669,1.5911,0,0,0,0.98291,0.017094,0,0,1,0,0,0,0,1,0,0,0
0.85408,9.6287,4.9006,1.4184,3.662,9.5762,25.602,28.884,4.771,10.703,0,1.9827,0.85408,1.1826,9.9518,17.385,23.522,27.46,12.35,1.8015,2.0913,1.4184,0.59131,21.766,22.885,21.546,8.6378,0,2.0367,2.852,15.142,1.7352,2.8079,0,0,0,0.05,0.95,0,0,1,0,0,0,0,1,0,0,0
0.43669,0,2.5138,5.7996,11.119,54.128,21.888,2.4712,1.0759,0.37865,0.1886,4.3063,9.0358,9.7895,6.9902,14.164,17.284,17.803,3.9541,10.422,5.1166,1.1345,1.8867,1.7106,2.9968,12.69,26.861,9.3711,19.973,10.657,4.7703,4.5638,4.5191,0,0,0.69444,0.16667,0.13889,0,0,1,0,0,0,0,1,0,0,0
2.038,9.0681,7.1088,6.3294,14.253,19.313,13.012,9.0182,8.658,10.421,0.78036,8.9048,3.1468,5.5242,6.4151,13.639,19.241,19.351,6.3937,1.8664,4.5073,11.01,6.9619,14.036,9.5539,8.252,9.9802,4.5764,11.2,10.892,12.151,6.8489,5.5478,0,0,0.056338,0.94366,0,0,0,1,0,0,0,0,1,0,0,0
0.44503,5.2113,8.3359,5.722,14.758,32.951,12.846,3.6272,4.6352,8.7944,2.6741,11.784,7.0554,7.2637,4.4299,12.571,15.145,14.422,4.7546,5.781,6.0501,10.744,6.0617,6.5026,7.9736,6.0192,12.407,8.25,14.108,13.186,11.396,7.1871,6.9088,0.070588,0.070588,0.21176,0.64706,0,0,0,1,0,0,0,0,1,0,0,0
3.9093,6.9305,16.642,8.7634,14.18,23.167,9.2913,5.536,0.96706,4.4817,6.132,15.073,6.0322,4.5805,3.8961,6.7032,18.46,9.1675,9.284,5.6599,9.7891,11.355,9.9716,10.985,7.9941,7.9827,5.7776,11.52,5.8333,10.541,8.9738,10.681,9.7406,0,0.057143,0.75714,0.18571,0,0,0,1,0,0,0,0,1,0,0,0
0,1.5526,9.4322,1.0848,3.9353,58.732,8.6845,4.4691,10.45,1.6599,0,8.216,5.1411,2.4204,3.145,14.921,27.971,23.468,3.5489,2.0784,3.8619,5.2289,4.6963,3.6883,3.0441,5.1654,21.696,19.786,18.666,5.9169,3.1297,7.6294,6.5819,0,0.15385,0.69231,0.15385,0,0,0,1,0,0,0,0,1,0,0,0
2.6779,5.5041,9.0477,4.7687,11.522,36.212,6.2805,8.4816,5.0679,5.9373,4.5002,3.7925,5.4811,3.9156,11.657,10.595,21.142,12.45,6.0065,6.8797,2.6402,15.439,9.6518,11.958,5.446,6.9692,3.3617,17.495,12.919,10.137,6.8439,9.735,5.4826,0,0.040541,0.17568,0.75676,0.027027,0,0,1,0,0,0,0,0.98649,0.013514,0,0
0.65089,1.5831,6.8701,1.1103,1.194,44.338,29.29,6.9592,5.5209,1.2964,1.1876,8.5431,3.5644,5.0625,10.305,15.208,38.105,5.6674,4.8222,2.7985,2.5468,3.3772,7.23,10.93,6.3922,14.359,18.496,30.38,5.6834,0.7088,0.9576,1.8219,3.0413,0,0,0.042254,0.73239,0.22535,0,0,1,0,0,0,0,1,0,0,0
2.0849,4.0402,8.2486,4.0098,8.6216,36.966,13.819,10.745,7.0801,2.1628,2.2228,10.435,10.198,10.553,8.308,7.284,19.813,7.4761,7.2468,4.3487,4.5798,9.7578,16.997,16.38,8.9279,5.2195,4.4444,18.939,2.575,5.7502,4.2655,8.4318,8.07,0,0.016949,0.30508,0.57627,0.10169,0,0,0.88136,0.11864,0,0,0,0.88136,0.11864,0,0
1.0051,2.0939,7.1482,1.9581,16.668,35.514,14.654,8.7637,6.9103,4.2375,1.0467,3.487,10.699,4.2475,10.394,10.282,19.757,11.468,3.4127,10.419,7.0389,8.7948,3.8799,8.9983,6.9601,6.8396,7.3138,16.547,12.078,8.0677,7.3442,11.989,9.9826,0.125,0.39423,0.48077,0,0,0,0,1,0,0,0,0.0096154,0.99038,0,0,0
0,0,0,0,0,97.645,1.373,0,0.72982,0.25269,0,0,0,0,0.79979,6.8574,71.213,20.4,0.72982,0,0,0,0,0,0,0,29.926,67.482,1.3573,0.25269,0.25269,0.72982,0,0,0,1,0,0,0,0,1,0,0,0,0,1,0,0,0
3.8173,1.9369,3.3515,5.6592,12.841,40.356,11.702,7.318,4.3494,5.2253,3.4428,2.8398,9.6547,6.7037,5.5858,10.974,14.652,11.438,8.3402,10.551,10.026,9.2339,7.6377,6.7509,8.681,7.6318,8.525,10.569,13.022,7.699,7.275,11.178,11.031,0.28873,0.47887,0.20423,0.0070423,0.021127,0,0,0.41549,0.58451,0,0,0.47887,0.33099,0.19014,0,0
0,0.29263,4.219,5.0985,15.03,35.236,20.056,5.258,8.3423,4.6058,1.8618,7.514,1.9379,10.555,8.1761,9.7967,13.907,7.8375,8.6688,10.08,5.5541,15.973,5.2489,5.2076,5.7286,4.9413,12.143,16.904,8.5492,11.904,12.011,4.5411,12.822,0,0.026316,0.10526,0.15789,0.71053,0,0,1,0,0,0,0,1,0,0,0
1.8207,4.7144,14.163,15.437,11.818,25.127,8.0388,3.2217,6.2313,5.2197,4.2086,10.914,9.2982,5.9145,9.0917,10.364,19.558,6.7924,4.5504,7.1607,7.4375,8.9181,9.1623,7.3504,5.617,4.8533,4.6123,8.3854,5.7482,10.408,17.163,16.223,10.478,0,0.025,0.0875,0.8625,0.025,0,0,1,0,0,0,0,1,0,0,0
0,0,0,2.6482,7.9446,23.834,0,0,0,65.574,0,0,0,5.2964,5.2964,38.083,7.9446,35.435,5.2964,2.6482,0,0,2.6482,0,0,2.6482,0,10.593,10.593,38.083,32.787,2.6482,0,0,0,0,0,1,0,0,1,0,0,0,0,1,0,0,0
1.6266,0.97067,7.085,3.0605,5.6294,37.796,19.23,8.1547,13.665,0.49888,2.2833,14.022,9.6174,5.8809,6.0983,7.9701,31.427,10.236,2.0608,2.5605,4.044,6.0836,11.324,16.752,4.7502,11.153,12.816,27.051,3.358,2.1408,2.1632,4.6375,3.8547,0.13043,0.1087,0.043478,0.71739,0,0,0,1,0,0,0,0,1,0,0,0
0,0,0,32.995,0,0,0,0,0,67.005,0,0,0,0,0,32.995,0,34.01,0,32.995,0,0,32.995,0,0,0,0,0,0,32.995,34.01,0,0,0,0,0,0,1,0,0,1,0,0,0,0,1,0,0,0
1.5961,2.0906,7.4598,2.2583,5.2423,56.39,5.9006,6.017,5.9221,4.2203,2.9033,6.0671,6.5797,6.1925,3.3539,8.2595,40.527,11.763,4.2734,2.6373,3.6001,6.7463,6.968,7.266,4.5452,2.0945,10.491,31.346,11.926,4.0867,4.8803,6.6053,9.7912,0.020833,0.9375,0.041667,0,0,0,0,1,0,0,0,0,1,0,0,0
4.0357,0.58438,2.9089,1.234,2.6634,70.894,1.099,0.51495,10.978,2.9467,2.1405,1.0359,2.6776,3.3887,2.677,7.9981,44.267,20.187,2.7673,4.2758,4.9407,5.7846,2.8392,1.5589,3.4319,2.402,16.242,39.791,13.561,5.5361,5.224,3.8013,5.6128,0,0,0.9434,0.056604,0,0,0,1,0,0,0,0,1,0,0,0
0,0.86502,11.777,14.571,3.2941,63.476,0.65131,2.3085,2.6243,0.43251,0,13.479,1.1031,1.2003,3.0378,13.315,44.87,6.7178,6.3585,1.3267,4.1189,4.4731,15.872,3.3601,2.8324,9.0934,2.9781,38.066,4.4841,9.3985,3.5078,1.4191,8.9879,0,0,1,0,0,0,0,1,0,0,0,0,1,0,0,0
0,1.056,7.9619,9.8623,3.8322,57.63,5.8337,4.0068,4.2674,2.505,3.0449,8.6759,4.5318,1.9895,6.2381,15.563,39.084,5.583,4.2696,1.3972,5.5399,7.1278,8.0997,5.0615,5.8825,10.694,9.0802,35.359,7.1342,3.4124,5.0802,4.1378,6.0586,0,0,1,0,0,0,0,1,0,0,0,0,0.91667,0.083333,0,0
2.1199,2.8132,9.3207,11.556,12.747,31.134,12.001,6.9054,3.224,5.3513,2.8278,10.249,10.306,9.7431,4.8072,10.18,7.9335,11.867,10.952,6.1632,10.646,7.1514,8.879,8.8637,8.6722,5.211,10.882,4.7701,5.8549,11.847,10.774,11.611,12.634,0.064516,0.48387,0.4086,0.043011,0,0,0,0.8172,0.1828,0,0,0,0.45161,0.54839,0,0
2.2392,1.751,2.776,4.0436,13.022,35.055,23.894,8.9492,2.4536,3.7358,2.0812,0.8409,11.449,4.6013,8.8404,9.8786,11.759,7.8196,9.9014,10.561,12.707,11.641,9.4637,10.089,10.473,12.418,6.4377,4.2383,14.38,3.5961,6.71,11.671,10.522,0.53846,0.30769,0.15385,0,0,0,0,0.84615,0.15385,0,0,0.61538,0.38462,0,0,0
1.1966,1.151,3.4503,11.822,16.721,37.751,13.342,6.4496,4.6319,2.0574,1.4274,9.6836,9.813,7.7281,8.5773,11.454,10.731,7.462,9.4034,8.9878,6.5081,9.6514,10.59,6.1275,6.3921,8.7691,9.9508,6.8449,10.1,15.133,5.6577,12.68,7.7538,0,0.0091743,0.22018,0.57798,0.19266,0,0,0.82569,0.17431,0,0,0,0.83486,0.16514,0,0
0,0,0,0,0,0,0,0,0,0,0,0,0,0,0,0,0,0,0,0,0,0,0,0,0,0,0,0,0,0,0,0,0,0,0,0,0,1,0,0,1,0,0,0,0,1,0,0,0
2.3548,4.9525,6.1165,4.4657,8.7638,30.389,15.512,11.844,8.5528,3.8267,3.2219,9.7091,8.426,9.0245,11.242,10.428,14.325,8.5248,6.7376,7.8418,2.6695,11.071,17.582,15.123,8.1805,5.5758,6.1008,14.207,2.6256,6.841,4.2168,9.7741,9.7737,0.11765,0.88235,0,0,0,0,0,1,0,0,0,0.79412,0.20588,0,0,0
4.0984,3.735,14.503,5.3185,10.943,28.719,8.9268,12.731,3.0493,4.4063,3.5698,8.2425,5.7931,2.3234,9.6281,14.829,13.58,13.285,6.8303,6.2591,5.8534,13.376,14.599,15.19,4.6623,8.1894,3.4642,8.338,9.366,6.0795,7.8334,9.4525,12.826,0,0,0,0,1,0,0,1,0,0,0,0,1,0,0,0
1.4088,1.899,16.917,13.153,10.197,35.428,7.8922,1.4689,4.7822,3.5189,3.3351,11.158,6.7825,3.7445,10.026,11.439,25.19,8.0492,4.4344,5.1952,6.2245,7.757,4.6375,3.8392,3.9608,7.1276,10.114,11.541,9.3741,10.748,13.506,15.816,9.335,0.012821,0.42308,0.52564,0.038462,0,0,0,1,0,0,0,0,1,0,0,0
1.7821,1.382,3.3805,6.6583,18.391,46.385,4.9792,3.3589,6.5643,3.4316,3.6874,5.3246,2.276,4.7088,5.9146,12.802,30.418,9.5188,6.1256,5.6711,3.9265,13.314,5.639,4.3523,2.0237,4.4083,2.5925,32.453,15.06,12.127,8.6194,5.2843,7.4406,0,0,0,1,0,0,0,1,0,0,0,0,1,0,0,0
0,0,4.0127,7.4288,16.22,53.303,8.1974,3.5418,3.7735,2.1108,1.4119,7.5554,2.1907,6.3209,6.6481,7.189,37.407,8.2252,3.8343,6.8595,3.0743,10.696,7.0034,6.1458,1.7836,5.3545,6.9256,34.722,12.27,8.8848,9.1936,2.8832,4.8338,0,0,0.94118,0.058824,0,0,0,1,0,0,0,0,1,0,0,0
2.2631,2.4176,4.8553,7.563,14.474,38.79,10.241,9.4272,2.8211,3.529,3.6184,5.4206,5.8203,5.012,5.6904,10.983,24.815,10.494,7.9235,5.9379,4.4428,13.46,9.8556,9.076,4.601,9.3508,3.7389,21.243,8.9618,7.589,8.5728,7.2442,9.7671,0,0,0.043478,0.82609,0.13043,0,0,1,0,0,0,0,1,0,0,0
0.6384,0.30689,3.1001,10.694,18.439,47.208,7.5992,6.2365,1.8084,1.8922,2.0774,9.1418,2.6432,4.9741,4.3671,9.6025,29.772,9.6271,6.2914,5.3777,5.4657,12.738,10.404,6.2282,1.6281,7.1374,5.3236,28.976,11.702,9.1534,8.9635,5.3214,5.1625,0,0,0,1,0,0,0,1,0,0,0,0,1,0,0,0
1.4188,1.2289,3.8043,13.483,16.455,39.484,11.125,5.6253,4.5686,1.9774,0.8301,10.26,7.5455,5.3225,5.3084,5.6757,28.735,8.3945,6.8102,6.7368,6.6057,8.6058,9.3995,5.0106,3.7389,8.5627,6.5385,18.448,7.39,8.1298,11.361,9.5719,11.849,0,0,0,1,0,0,0,1,0,0,0,0,1,0,0,0
1.7394,0.88548,3.369,11.038,11.771,45.948,8.0617,1.6022,4.4365,4.3527,6.7957,15.605,5.3448,7.6311,3.7618,6.4832,29.544,8.5508,5.655,3.5931,6.2805,7.5509,6.5593,2.7409,2.0935,4.0087,8.5471,24.851,7.4983,11.185,12.959,8.556,11.002,0,0,0,1,0,0,0,1,0,0,0,0,1,0,0,0
2.7533,2.8535,8.381,7.9069,12.747,36.335,6.5774,9.3957,5.4369,5.4251,2.1886,5.2435,5.7003,4.0845,8.6472,14.206,17.156,16.424,5.8321,6.205,3.5335,12.968,13.982,12.173,3.7821,6.6776,6.8543,14.703,10.314,6.1893,6.7893,7.912,10.624,0,0,0,0,1,0,0,1,0,0,0,0,1,0,0,0
0.41539,1.7599,3.5837,1.6384,11.875,43.15,10.198,9.5156,15.032,2.6252,0.2077,8.1765,8.2064,4.9106,11.365,5.0834,28.716,11.442,3.5083,5.0388,4.9099,8.6435,3.441,10.263,4.1232,5.8057,9.1352,21.999,10.104,7.2273,7.3269,11.404,9.171,0,0.2963,0.64815,0.055556,0,0,0,1,0,0,0,0,1,0,0,0
1.6457,1.6457,6.944,1.7823,9.7554,31.958,12.723,19.873,5.9747,7.6986,0,2.615,8.9423,3.6434,18.501,11.41,10.647,11.391,11.763,6.1803,7.2868,7.6205,14.025,12.165,9.0106,12.586,3.4964,4.3192,9.5492,4.398,3.6434,9.7554,17.052,0,0,0,0,1,0,0,1,0,0,0,0,1,0,0,0
1.375,2.4276,2.2566,5.5919,2.2104,69.315,4.51,0,1.7757,5.0119,5.5258,16.346,0.27849,5.3423,3.2252,11.853,45.951,7.8747,1.1317,0.87897,1.4102,5.7086,4.3651,0.60048,0.74859,3.6136,9.6432,51.998,8.2301,7.5962,8.0663,2.7443,2.3938,0.041667,0.03125,0.072917,0.35417,0.5,0,0,1,0,0,0,0,1,0,0,0
1.3595,0.69017,5.7687,8.7984,9.3804,55.463,13.252,2.2649,1.8319,0.26109,0.9304,13.061,3.5383,1.0189,2.664,5.8994,44.599,10.616,3.2812,4.0735,5.0096,6.2396,7.2505,3.0565,1.6287,15.588,5.5295,43.538,2.1898,4.9476,5.2473,7.6783,3.3459,0,0,0.81538,0.18462,0,0,0,1,0,0,0,0,1,0,0,0
1.6299,3.2098,8.4616,10.139,10.997,40.329,6.4325,3.5496,7.1707,3.96,4.1206,15.994,6.3271,3.1876,4.9911,5.5935,29.277,10.943,5.1503,3.8366,6.372,8.3275,6.8694,4.0472,5.1244,5.5923,6.7959,23.855,8.5304,7.0676,13.939,11.284,6.8948,0,0,0.0063694,0.99363,0,0,0,1,0,0,0,0,1,0,0,0
1.2919,3.3419,13.492,6.8526,10.488,35.653,9.6785,3.3745,10.19,3.0664,2.5713,22.214,7.0707,2.8856,6.3973,5.2972,24.512,9.7065,7.6261,3.8732,5.1228,5.2951,5.9564,5.622,4.9027,7.6875,8.1959,17.524,15.48,5.7448,9.4577,12.78,6.6491,0,0,0,0.87805,0.12195,0,0,1,0,0,0,0,1,0,0,0
0.86728,2.2646,19.486,5.4948,6.4272,40.557,7.8297,2.1137,11.239,3.0906,0.62982,21.807,9.1995,1.3549,8.8113,6.7939,21.41,10.26,12.865,2.1077,2.4964,2.894,4.3704,6.441,5.0073,1.1545,10.441,10.514,26.371,3.7765,5.4633,16.39,10.072,0,0,0,0,1,0,0,1,0,0,0,0,1,0,0,0
0,1.2337,3.5491,1.3861,2.3155,3.4425,43.473,0.38079,43.914,0.15244,0.15244,6.9458,1.6144,1.0053,1.3102,1.2942,1.5997,0.15244,42.696,0.22835,1.1577,41.996,0.60915,1.1577,43.701,44.478,1.9193,1.1424,1.3861,1.5385,2.3914,0.98994,0.68567,0,0,0,1,0,0,0,1,0,0,0,0,1,0,0,0
0,0.62264,1.8679,23.91,47.821,0.62264,1.2453,0,23.91,0,0,27.024,0.62264,0.62264,0.62264,0,23.288,0,0.62264,0,23.91,23.288,46.575,0.62264,24.533,1.8679,0.62264,0,0.62264,23.91,1.2453,0,0,0,0,0,1,0,0,0,1,0,0,0,0,1,0,0,0
0,1.1562,0.43932,8.3772,18.323,67.281,3.975,0.44857,0,0,0,3.6324,2.7978,9.3039,7.3428,18.982,25.013,18.898,9.3825,4.208,0.43932,0,1.8377,1.1679,0.43932,6.2495,12.177,29.789,24.409,12.594,8.3426,1.8377,1.1562,0,0,0,0,1,0,0,1,0,0,0,0,1,0,0,0
0,1.3618,1.4581,14.283,20.885,52.023,6.5208,1.4303,1.8321,0.20646,0,3.6815,4.9497,10.459,4.1554,18.854,20.322,21.002,8.5391,3.8745,2.7141,1.4483,0.40325,0.44239,2.6999,6.7901,9.9469,26.29,15.895,13.063,17.676,2.6361,4.1581,0,0,0.25641,0.30769,0.4359,0,0,1,0,0,0,0,1,0,0,0
0,1.2608,4.7339,8.3928,14.138,43.011,11.773,4.3789,8.0539,2.7507,1.5068,7.9279,4.3095,9.9605,5.0336,13.364,17.858,14.654,8.7357,4.9967,5.1842,7.9764,2.1412,4.0905,5.7413,4.8953,6.9946,21.371,14.423,10.75,16.672,4.3369,8.5839,0,0,0,0.12766,0.87234,0,0,1,0,0,0,0,1,0,0,0
0,0,4.4823,9.8299,9.2594,37.368,26.557,8.2415,1.3126,1.6032,1.3466,6.9327,1.0389,15.406,8.341,6.0405,10.109,7.7949,6.4962,15.733,6.7201,15.387,6.1733,10.086,7.15,7.414,11.88,11.139,8.8624,7.9418,4.4519,4.8936,20.008,0,0,0.018519,0.92593,0.055556,0,0,1,0,0,0,0,1,0,0,0
0,0,4.4593,3.9042,7.2699,47.029,22.775,5.1671,7.7774,0.53927,1.0785,5.6812,1.2243,11.892,3.879,15.474,20.341,6.3711,8.7936,9.8717,3.1619,13.31,10.318,6.7512,3.6329,4.4637,16.946,26.916,4.3807,3.7012,7.4535,2.6226,12.813,0,0,0,0.37838,0.62162,0,0,1,0,0,0,0,1,0,0,0
4.47,6.3816,10.383,9.0068,9.8421,23.823,12.319,7.8923,7.2367,3.1689,5.4769,8.5246,9.1268,5.9856,8.2637,8.5724,14.816,7.9943,6.4015,8.5496,5.3277,16.438,16.531,17.915,5.0424,4.6406,4.2199,8.6768,6.3267,6.4587,8.4832,9.7046,12.001,0,0.016949,0.016949,0.94915,0.016949,0,0,1,0,0,0,0,1,0,0,0
0.45264,1.1872,5.4815,0.9327,13.726,30.889,17.464,11.445,16.474,1.4264,0.52057,12.054,11.335,5.6489,11.276,6.1877,17.786,15.836,1.6463,3.4915,3.715,11.024,4.2604,13.518,4.2193,9.559,9.8797,14.818,7.207,9.7675,7.4215,9.5705,9.7792,0.011765,0.023529,0.082353,0.88235,0,0,0,1,0,0,0,0,1,0,0,0
0.16103,4.451,10.729,3.9567,0.56198,45.799,27.185,2.8195,3.4028,0.2321,0.70296,6.7071,3.6404,2.3335,12.307,16.999,30.024,4.1733,10.316,4.0179,5.2683,4.2137,5.8642,11.508,8.4487,16.671,16.059,28.091,6.0027,1.3098,0.4642,1.9658,3.6148,0,0.015873,0.047619,0.93651,0,0,0,1,0,0,0,0,1,0,0,0
1.7667,2.5848,4.9367,1.8665,4.015,60.459,9.8252,6.6038,4.919,1.4778,1.5451,8.4763,6.4078,6.3111,3.32,8.9989,41.369,11.204,3.9861,2.5175,2.8429,4.5657,8.3775,7.5524,4.5063,3.9338,10.517,35.489,10.977,2.5962,2.3742,6.8103,6.8663,0,0.16667,0.041667,0.79167,0,0,0,1,0,0,0,0,1,0,0,0
2.5363,2.6161,4.8527,3.2587,15.305,38.984,13.487,4.9969,5.2359,6.0739,2.654,2.7314,8.5567,7.4631,10.203,13.285,11.876,11.221,8.4954,9.7706,8.1828,8.2144,5.5892,9.4748,7.3457,8.7995,8.5572,9.2471,14.016,10.026,8.0043,10.925,8.0144,0.31148,0.19672,0.27869,0.21311,0,0,0,0.83607,0.16393,0,0,0.11475,0.72131,0.16393,0,0
1.0525,3.2177,2.4757,1.7614,2.2756,63.082,14.288,4.3964,5.3336,0.93695,1.1805,9.6575,5.8744,4.199,1.7859,12.237,45.693,11.46,2.4785,1.9982,1.1015,3.5151,6.0322,5.1139,4.5742,4.738,15.954,37.342,14.577,1.6492,0.59151,4.1071,5.3216,0,0,0,1,0,0,0,1,0,0,0,0,1,0,0,0
0,0.85505,7.1645,9.8044,5.4234,63.528,0.38748,3.0805,6.4656,2.0754,1.216,9.7273,4.0253,2.116,2.2237,10.886,43.143,11.796,4.2656,3.1678,2.5058,6.1432,9.626,2.8444,4.4544,18.459,4.5544,22.779,9.3743,6.355,6.6146,3.4926,11.446,0,0,1,0,0,0,0,1,0,0,0,0,1,0,0,0
0.27518,1.8215,4.3528,3.1226,0.78693,62.251,16.104,3.9789,4.8405,1.4044,1.0621,7.4904,3.596,2.3996,6.6702,16.073,43.027,8.7166,3.5919,2.9595,1.8523,3.6233,4.3171,4.0564,4.0607,9.0224,16.402,36.687,13.935,1.2829,1.7211,4.1021,4.4129,0,0,0.041096,0.9589,0,0,0,1,0,0,0,0,1,0,0,0
0,1.7047,3.1745,5.1745,6.1613,56.421,2.6015,4.5611,9.7729,6.7568,3.672,7.722,7.5035,4.2452,2.0937,15.613,33.597,11.92,3.5027,4.2384,3.6246,5.94,2.7393,2.7217,3.0555,4.0365,11.714,26.444,15.2,6.3348,10.252,7.1555,10.347,0,0,0.60577,0.39423,0,0,0,0.99038,0.0096154,0,0,0,0.71154,0.28846,0,0
2.6525,3.2925,6.5519,5.4337,6.6558,33.071,16.006,14.266,7.2359,3.1979,1.6369,14.642,11.433,6.2671,10.474,6.8249,12.112,9.0637,10.512,5.6371,4.9025,8.1312,17.662,14.114,14.809,9.0914,4.168,11,1.8585,3.2453,8.6913,8.6539,6.7055,0.13636,0.86364,0,0,0,0,0,1,0,0,0,0,0.95455,0.045455,0,0
0,2.7731,15.19,8.2126,10.057,35.005,0.35618,2.1482,8.8743,11.353,6.0298,7.6934,9.1299,6.8524,5.3711,9.8356,31.852,10.336,2.0911,2.9765,5.6107,8.2509,5.3617,4.3739,4.8886,2.257,6.3075,20.246,4.8622,10.169,18.871,14.844,7.8197,0,0,1,0,0,0,0,0.97778,0.022222,0,0,0,0.71111,0.28889,0,0
2.6865,1.3359,4.4609,15.245,16.19,34.542,9.0393,4.4294,6.2124,3.1846,2.6729,11.4,9.5736,5.7999,4.7236,4.8914,20.223,8.6935,8.2797,6.9267,6.5463,12.942,12.025,9.3021,4.129,3.5998,4.7383,11.052,8.7476,7.9253,12.226,9.7451,16.509,0,0.17647,0.82353,0,0,0,0,1,0,0,0,0,1,0,0,0
0.19828,1.8018,20.412,8.1974,7.1257,36.985,7.5166,0.56868,10.911,4.7973,1.4872,8.912,7.964,5.837,6.7197,12.11,29.028,11.76,1.4703,2.6472,5.3459,8.2053,3.6187,3.3014,2.427,7.2041,12.678,8.8039,11.195,9.7804,16.111,16.464,8.4169,0,0.040816,0.95918,0,0,0,0,1,0,0,0,0,1,0,0,0
1.5413,1.8204,6.9482,11.447,13.927,40.705,8.6821,4.8588,2.9011,3.6024,3.5666,10.189,11.831,10.252,2.5198,13.617,11.785,12.675,8.5153,6.8103,8.1906,3.614,4.7044,6.1098,6.3643,5.4297,12.151,8.8643,9.682,13.609,11.28,10.017,11.789,0.43137,0.33333,0.21569,0.019608,0,0,0,1,0,0,0,0,0.82353,0.17647,0,0
1.0999,6.5986,10.354,7.0361,13.195,31.927,5.5273,3.1543,13.065,6.2137,1.8295,8.6322,4.841,2.3895,5.9585,13.51,18.474,19.031,4.7791,2.378,5.8375,14.169,5.8334,11.638,5.1066,2.2369,11.636,6.7475,18.835,9.2015,11.386,9.1661,8.2128,0,0.24242,0.48485,0.27273,0,0,0,1,0,0,0,0,1,0,0,0
3.1691,3.4011,5.7011,4.2075,14.008,42.041,3.8547,3.3144,10.372,5.4431,4.4879,4.4731,3.3192,4.4165,5.1064,12.981,27.913,8.5092,9.8905,5.0694,4.1332,14.189,6.0996,7.0588,2.8177,3.031,0.36116,30.07,13.479,11.61,4.2908,8.5847,12.598,0,0,0,1,0,0,0,1,0,0,0,0,1,0,0,0
2.1662,5.2385,2.125,3.8279,18.207,36.336,3.7381,7.1654,10.175,8.2025,2.8195,6.8582,1.7165,2.7565,4.3204,7.3085,29.055,11.394,6.5506,3.8764,7.6366,18.527,2.2631,4.5695,5.4911,2.1923,1.155,17.674,16.87,16.194,3.2556,11.656,18.68,0,0,0,0.44444,0.55556,0,0,1,0,0,0,0,1,0,0,0
1.3734,1.3965,3.9578,15.433,15.772,38.279,11.345,3.6579,4.8187,2.4325,1.5333,12.229,7.3425,6.14,7.8058,8.3878,19.729,8.5293,7.1648,8.1342,5.3876,9.15,10.731,6.0875,2.9321,5.753,8.317,11.928,7.7223,12.162,11.939,7.7663,14.662,0.028986,0.028986,0.014493,0.92754,0,0,0,1,0,0,0,0,0.98551,0.014493,0,0
0,8.9223,16.896,0.99738,1.9551,46.034,3.5383,3.3742,14.985,3.1606,0.13672,11.201,6.5233,4.2955,3.4893,13.391,28.847,12.125,0.66888,0.99727,6.6008,11.862,7.8761,6.0695,4.4717,6.793,16.451,22.231,10.112,4.0564,6.0005,8.2944,7.6434,0,0,0,1,0,0,0,1,0,0,0,0,1,0,0,0
0.23707,7.034,18.728,6.9654,6.7446,36.225,9.3203,0.54413,9.9972,2.8485,1.3558,10.115,6.3073,3.6106,8.4388,13.215,25.709,12.322,1.3295,4.0729,5.1314,9.7495,5.7335,5.5059,3.1571,9.7684,16.158,12.268,8.6015,9.5243,11.482,11.547,6.2535,0,0.011905,0.047619,0.94048,0,0,0,1,0,0,0,0,1,0,0,0
0,8.5902,18.048,2.0493,1.4982,42.427,7.0464,0.94755,15.098,4.0698,0.2255,11.205,3.9724,3.7197,7.2616,11.172,29.714,11.401,0.4314,3.6844,7.2759,10.162,4.3114,8.6976,5.1799,10.417,15.36,21.145,8.5566,4.0667,7.3031,10.167,4.7962,0,0,0.025974,0.97403,0,0,0,1,0,0,0,0,1,0,0,0
0,0,4.5566,5.3532,10.976,50.082,15.745,5.2502,4.8262,1.9183,1.2918,7.7882,0.80464,9.534,5.9046,11.356,26.283,8.5362,6.0666,8.8182,3.9104,10.998,9.5492,6.0209,3.3513,4.7007,15.217,28.093,5.9205,6.8093,8.0051,2.6342,9.6982,0,0,0,1,0,0,0,1,0,0,0,0,1,0,0,0
0,0,2.5816,11.191,12.898,55.686,12.305,3.2206,1.8023,0.31559,0,11.892,2.0921,3.0437,4.1098,6.7151,38.524,8.9411,6.0706,5.8079,3.7189,9.0844,12.854,4.3167,1.3013,10.942,7.4601,39.43,5.1688,6.4795,7.7357,2.7496,1.5624,0,0,0,1,0,0,0,1,0,0,0,0,1,0,0,0
0,0,4.2841,11.286,16.439,46.411,10.66,4.2239,3.1334,2.433,1.1294,11.06,2.0235,7.304,4.2922,8.5363,28.487,7.5292,7.4009,7.2969,4.33,11.74,12.29,5.8266,1.6693,6.4477,6.1134,30.621,8.9152,9.129,9.4752,4.0008,5.5113,0,0,0,1,0,0,0,1,0,0,0,0,1,0,0,0
0,0,6.1458,4.6839,8.0934,53.606,20.413,2.7236,3.168,0.46836,0.69788,6.3128,1.7324,7.5346,5.4791,10.26,25.846,13.083,8.9163,7.6532,4.2072,8.975,8.2766,8.9336,3.8175,7.975,16.084,34.162,4.3456,3.3704,4.4607,2.0048,6.5697,0,0,0,0.51389,0.48611,0,0,1,0,0,0,0,1,0,0,0
0.2856,2.333,8.2428,1.2439,13.535,37.845,10.235,10.529,12.95,2.6571,0.1428,10.591,10.475,6.5533,13.506,7.9286,23.428,7.8908,1.9279,4.6782,8.2881,4.7331,6.7961,15.974,6.0352,7.5476,5.7415,19.124,11.079,7.6989,3.5205,8.9621,7.5205,0,0.26,0.46,0.28,0,0,0,1,0,0,0,0,1,0,0,0
1.5648,4.835,2.6871,1.6149,3.2257,58.987,3.473,2.1458,3.5519,5.0417,12.873,20.327,2.4599,5.1424,2.0813,7.6381,44.047,6.9369,3.9142,0,2.8172,4.6356,0.65399,0.3029,6.2994,1.2492,8.6035,46.325,6.2979,10.26,11.38,4.32,4.307,0.014286,0.057143,0.1,0.2,0.62857,0,0,1,0,0,0,0,1,0,0,0
0,0.72065,5.4211,3.9802,12.124,47.192,0.41481,0.72615,10.944,11.533,6.9448,8.3618,9.0225,3.0879,0.67,12.587,34.048,13.547,1.25,4.7374,5.5644,7.1248,4.8905,2.0121,2.443,3.8122,9.2997,23.216,8.9911,10.15,18.821,6.8653,9.4993,0,0,1,0,0,0,0,1,0,0,0,0,1,0,0,0
0,0.54748,11.231,6.2576,10.227,52.488,1.0626,3.8509,7.1347,4.9847,2.2158,8.6539,7.4019,4.855,1.0225,11.383,35.577,13.226,4.448,1.3422,6.4635,5.6269,5.8526,2.4479,6.429,7.3112,7.967,23.956,7.8466,8.6283,10.77,10.26,8.5316,0,0,1,0,0,0,0,1,0,0,0,0,1,0,0,0
0,1.7934,18.382,4.2747,7.7884,45.322,6.1991,3.3751,8.6734,3.6265,0.56481,11.196,5.8034,5.1416,1.9058,13.118,29.113,15.291,2.1173,2.96,5.0325,8.3206,5.4197,3.2206,2.691,5.679,11.51,15.077,14.715,9.484,9.0438,12.687,10.474,0.0088496,0.070796,0.92035,0,0,0,0,1,0,0,0,0,0.99115,0.0088496,0,0
0,2.8784,19.731,9.209,10.972,34.739,4.2042,1.2187,9.2535,5.6167,2.177,9.9984,8.694,6.0325,5.8986,11.821,26.807,11.57,2.6717,2.5634,5.7638,8.1805,4.7504,3.0289,3.84,4.7833,8.2833,10.191,12.139,13.077,14.66,16.581,8.6659,0,0.016393,0.98361,0,0,0,0,1,0,0,0,0,1,0,0,0
0.22005,4.9503,21.243,12.436,14.773,23.555,4.2143,0.88594,7.0729,7.1014,3.5483,11.163,7.3712,4.8515,10.563,13.03,22.787,8.494,2.4828,5.3573,5.716,8.1848,5.4263,3.6763,3.8238,5.1498,7.3517,6.6569,7.7202,14.393,17.173,19.721,8.9079,0,0.021739,0.97826,0,0,0,0,1,0,0,0,0,1,0,0,0
0.5171,4.507,20.498,13.689,8.7405,26.74,4.4649,1.5377,8.5516,5.6423,5.1119,9.3193,10.33,6.0973,9.064,10.267,26.782,6.7217,2.3048,5.0496,5.8063,8.2592,4.8069,4.4227,4.7457,4.4768,4.6886,9.2585,7.4907,12.806,20.239,18.485,8.5806,0,0.019231,0.98077,0,0,0,0,1,0,0,0,0,0.46154,0.53846,0,0
3.6073,5.4409,9.1556,5.6805,13.514,24.099,14.943,12.487,0.45513,5.2383,5.3791,8.5949,7.4627,7.279,5.2554,9.5897,9.3532,8.9307,11.55,5.4696,16.057,10.457,12.645,11.225,11.597,6.7128,7.1032,4.4694,6.3472,6.6457,7.6793,12.183,13.392,0,1,0,0,0,0,0,1,0,0,0,0,1,0,0,0
1.2191,1.3338,3.6084,15.418,11.856,43.863,9.2987,3.7501,4.0071,3.6218,2.0238,15.269,7.7769,5.5351,3.8548,6.0645,26.456,8.721,5.9681,5.6518,5.6411,9.0614,10.17,4.9807,3.2245,3.5513,6.4773,21.143,8.7043,8.4966,11.861,8.7717,12.62,0,0,0.02,0.98,0,0,0,1,0,0,0,0,1,0,0,0
0.68129,0.68129,3.4064,10.275,6.9685,67.015,9.2202,0,1.7526,0,0,12.981,1.7526,0,2.5032,3.912,44.775,16.483,2.9752,7.27,2.2246,5.1233,9.4819,0.93683,2.4339,15.861,4.3841,53.608,1.7526,2.0154,5.0485,3.7965,0.68129,0,0,0,0.51724,0.48276,0,0,1,0,0,0,0,1,0,0,0
1.2914,3.6747,7.082,3.2505,2.6704,49.404,2.5017,3.0796,9.5647,9.7487,7.7318,17.442,3.7958,6.423,2.0971,7.646,36.162,11.442,3.7086,0.89193,5.0572,5.3349,1.6748,5.5029,4.1952,1.6077,7.8039,36.75,7.7783,8.6011,14.323,6.232,5.5317,0,0,0.086207,0.22414,0.68966,0,0,1,0,0,0,0,1,0,0,0
0.6526,6.8596,8.3259,3.9216,4.2206,42.32,2.5197,5.8686,17.854,5.251,2.2064,17.402,8.3328,4.4297,4.0922,13.115,27.277,8.4168,5.3472,2.8042,4.3405,4.4426,5.1996,3.0617,7.9399,1.3958,9.3251,27.859,9.47,6.5969,13.739,10.024,5.3901,0,0,0.064516,0.51613,0.41935,0,0,1,0,0,0,0,1,0,0,0
