h1,h2,h3,h4,h5,h6,h7,h8,h9,h10,h11,h12,h13,h14,h15,h16,h17,h18,h19,h20,h21,h22,h23,h24,h25,h26,h27,h28,h29,h30,h31,h32,h33,h34,h35,h36,h37,h38,h39,h40,h41,h42,h43,h44,h45,h46,h47,h48,label
0,0,0,0,0,100,0,0,0,0,0,0,0,0,1.927,12.049,83.977,2.0471,0,0,0,0,0,0,0,0,27.519,65.848,6.6333,0,0,0,0,0,0,0.030303,0.24242,0.72727,0,0,1,0,0,0,0,1,0,0,0
0,0,0,0,0,100,0,0,0,0,0,0,0,0,0,20.644,72.69,6.666,0,0,0,0,0,0,0,0,31.445,58.46,10.094,0,0,0,0,0,0,0.95745,0.042553,0,0,0,1,0,0,0,0,1,0,0,0
0,0,0,0,0,100,0,0,0,0,0,0,0,0,0,18.237,74.488,7.2752,0,0,0,0,0,0,0,0,22.559,74.821,2.6205,0,0,0,0,0,0,0.97727,0.022727,0,0,0,1,0,0,0,0,1,0,0,0
0,0,0,0,0,100,0,0,0,0,0,0,0,0,2.3457,23.664,67.383,6.6077,0,0,0,0,0,0,0,0,21.44,67.207,11.354,0,0,0,0,0,0,1,0,0,0,0,1,0,0,0,0,1,0,0,0
0,0,0,0,0,100,0,0,0,0,0,0,0,0,0.89956,18.666,73.991,6.4432,0,0,0,0,0,0,0,0,31.631,63.518,4.8506,0,0,0,0,0,0,1,0,0,0,0,1,0,0,0,0,1,0,0,0
0,0,0,0,0,100,0,0,0,0,0,0,0,0,0,6.1809,82.39,11.429,0,0,0,0,0,0,0,0,18.016,81.984,0,0,0,0,0,0,0,0.95122,0.04878,0,0,0,1,0,0,0,0,1,0,0,0
0,0,0,0,0,100,0,0,0,0,0,0,0,0,0.70746,9.6869,83.971,5.635,0,0,0,0,0,0,0,0,19.552,77.007,3.4406,0,0,0,0,0,0,1,0,0,0,0,1,0,0,0,0,1,0,0,0
0,0,0,0,0,100,0,0,0,0,0,0,0,0,0,12.824,69.494,17.682,0,0,0,0,0,0,0,0,28.664,71.336,0,0,0,0,0,0,0,1,0,0,0,0,1,0,0,0,0,1,0,0,0
0,0,0,0,0,100,0,0,0,0,0,0,0,0,0,3.6138,76.743,19.643,0,0,0,0,0,0,0,0,16.317,82.545,1.138,0,0,0,0,0,0,0.98148,0.018519,0,0,0,1,0,0,0,0,1,0,0,0
0.54921,0.54921,0,0,0.54921,98.352,0,0,0,0,0,0,0,0,0.54921,3.7323,80.368,14.801,0,0.54921,0,0,0,0,0,1.0984,16.628,80.257,1.4675,0.54921,0,0,0,0,0,1,0,0,0,0,1,0,0,0,0,1,0,0,0
0,0,0,0,4.5826,95.417,0,0,0,0,0,0,0,0,8.835,5.9871,77.707,4.6382,2.8323,0,0,0,0,0,0,0,14.1,60.817,17.668,7.4149,0,0,0,0,0,0.085714,0.22857,0.68571,0,0,1,0,0,0,0,1,0,0,0
0,0,0,0,4.5303,95.47,0,0,0,0,0,0,0,0,3.601,5.8931,80.769,3.8437,5.8931,0,0,0,0,0,0,0,3.601,81.245,9.3195,5.8342,0,0,0,0,0,0.022727,0.52273,0.45455,0,0,1,0,0,0,0,1,0,0,0
0,0,0,0,2.7988,97.201,0,0,0,0,0,0,0,0,5.3873,5.1239,83.158,5.179,1.1514,0,0,0,0,0,0,0,15.284,74.759,6.0062,3.9502,0,0,0,0,0,1,0,0,0,0,1,0,0,0,0,1,0,0,0
0,0,0,0,4.7987,95.201,0,0,0,0,0,0,0,0,12.868,2.6474,69.15,7.8881,7.4461,0,0,0,0,0,0,0,4.3201,67.767,16.888,11.024,0,0,0,0,0,1,0,0,0,0,1,0,0,0,0,1,0,0,0
0,0,0,0,7.35,92.65,0,0,0,0,0,0,0,0,10.322,4.8378,65.725,13.954,5.1611,0,0,0,0,0,0,0,0,61.105,22.43,16.466,0,0,0,0,0,0.68852,0.098361,0.21311,0,0,1,0,0,0,0,1,0,0,0
0,0,0,0,0,100,0,0,0,0,0,0,0,0,0,13.299,71.806,11.087,3.808,0,0,0,0,0,0,0,0,79.433,18.972,1.5951,0,0,0,0,0,0,0.325,0.675,0,0,1,0,0,0,0,1,0,0,0
0,0,0,0,3.1236,96.876,0,0,0,0,0,0,0,0,3.0729,8.9886,75.877,5.2041,6.8573,0,0,0,0,0,0,0,0,81.41,13.93,4.66,0,0,0,0,0,0.9619,0.038095,0,0,0,1,0,0,0,0,1,0,0,0
0,0,0,0,0,100,0,0,0,0,0,0,0,0,0,11.26,75.823,11.03,1.8866,0,0,0,0,0,0,0,0,74.632,23.711,1.6569,0,0,0,0,0,1,0,0,0,0,1,0,0,0,0,1,0,0,0
0,0,0,0,1.2705,98.729,0,0,0,0,0,0,0,0,2.2075,2.6485,93.019,2.1249,0,0,0,0,0,0,0,0,12.218,82.842,3.6696,1.2705,0,0,0,0,0,0.96471,0.035294,0,0,0,1,0,0,0,0,1,0,0,0
0,0,0,0,0,100,0,0,0,0,0,0,0,0,0.51101,4.8788,88.55,6.0598,0,0,0,0,0,0,0,0,16.212,82.766,1.022,0,0,0,0,0,0,0.97403,0.025974,0,0,0,1,0,0,0,0,1,0,0,0
0,0,0,0,1.9572,98.043,0,0,0,0,0,0,0,0,0.68018,0,95.68,3.6403,0,0,0,0,0,0,0,0,6.9969,87.212,2.5971,3.1939,0,0,0,0,0,0.95327,0.046729,0,0,0,1,0,0,0,0,1,0,0,0
2.3025,9.421,5.638,11.001,9.9141,21.982,10.412,7.0145,12.928,0.362,9.025,10.682,8.4146,11.097,6.542,4.0024,6.177,10.039,7.7303,7.4839,15.563,12.268,10.633,8.811,9.982,5.6706,6.1569,2.2333,6.4097,7.1142,12.447,14.437,16.106,0.090909,0.52525,0.24242,0.070707,0.070707,0,0,1,0,0,0,0.030303,0.90909,0.060606,0,0
1.1104,1.1104,0,0,1.1104,95.399,0,0,0,1.2697,0,0,0,0,2.3801,3.4905,82.053,10.966,0,1.1104,0,0,0,0,0,2.2208,13.484,80.996,0.91936,2.3801,0,0,0,0,0,0.95789,0.042105,0,0,0,1,0,0,0,0,1,0,0,0
0.95056,8.1862,9.8578,10.889,12.44,29.506,7.7931,4.7595,10.356,0.38792,4.8743,10.4,6.0986,10.021,8.2251,5.4852,9.9487,13.694,8.7942,6.2845,11.162,9.8871,12.054,5.2155,10.474,5.9395,6.3111,5.4857,9.9527,7.8354,12.053,11.083,13.596,0.13483,0.33708,0.42697,0.10112,0,0,0,1,0,0,0,0.33708,0.66292,0,0,0
0.62295,0.62295,0,0,0.62295,95.848,0,0,0,2.2836,0,0,0,0,2.9066,3.5295,90.034,2.9066,0,0.62295,0,0,0,0,0,1.2459,14.433,81.415,0,2.9066,0,0,0,0,0,0.98077,0.019231,0,0,0,1,0,0,0,0,1,0,0,0
0,0,1.2495,19.69,26.837,45.177,0,0,5.7975,1.2495,0,1.2495,1.2495,1.2495,12.643,11.595,27.986,11.494,12.744,11.494,7.0469,1.2495,0,0,0,0,1.2495,18.44,33.783,12.744,25.487,1.2495,7.0469,0,0.91667,0.083333,0,0,0,0,1,0,0,0,0,1,0,0,0
0,0,0,0,0,100,0,0,0,0,0,0,0,0,0,1.1181,95.042,3.8395,0,0,0,0,0,0,0,0,2.7562,90.683,3.8395,2.7214,0,0,0,0,0,0.95745,0.042553,0,0,0,1,0,0,0,0,1,0,0,0
0,0,0,0,0,100,0,0,0,0,0,0,0,0,0,2.311,94.028,3.6609,0,0,0,0,0,0,0,0,0,93.811,4.8394,1.3499,0,0,0,0,0,0.95455,0.045455,0,0,0,1,0,0,0,0,1,0,0,0
3.5115,5.9989,20.6,7.1064,7.7381,21.696,9.459,10.178,6.2132,4.0869,3.4115,15.187,15.062,4.4821,6.0271,9.4531,13.364,7.3548,7.8182,6.4162,7.4569,7.3794,16.935,13.224,5.3141,2.3726,13.04,2.0372,4.8069,9.0221,9.7696,12.092,11.387,0,0,0.78667,0.21333,0,0,0,1,0,0,0,0,0,1,0,0
0,0,0,0,0,95.845,2.4956,0,0,1.6595,0,0,0,0,1.6595,4.1551,87.694,6.4917,0,0,0,0,0,0,0,0,8.1512,90.189,0,1.6595,0,0,0,0,0,0.99138,0.0086207,0,0,0,1,0,0,0,0,1,0,0,0
0.94159,9.3256,7.6999,17.284,11.303,21.113,8.1979,3.8517,12.762,0,7.521,11.65,7.9602,10.86,5.5614,3.7713,6.0215,11.409,12.683,5.6736,12.665,11.745,12.488,8.3828,7.9869,4.8892,3.2463,1.7099,6.6068,9.2628,14.014,11.479,19.934,0,1,0,0,0,0,0,1,0,0,0,0,1,0,0,0
0,0,0,0,0,98.843,1.1568,0,0,0,0,0,0,0,0,1.1568,97.686,1.1568,0,0,0,0,0,0,0,0,3.1966,96.803,0,0,0,0,0,0,0,0.9661,0.033898,0,0,0,1,0,0,0,0,1,0,0,0
12.726,9.4988,3.8998,4.709,10.035,31.952,7.9239,7.2416,6.3338,2.7076,2.9727,6.5399,9.843,8.9575,7.1123,8.4764,20.839,6.901,8.7839,9.9272,8.0182,4.6018,6.2481,7.5576,9.4736,14.923,9.9759,10.788,10.24,8.3468,6.3096,5.42,10.718,0.24286,0.65714,0.071429,0.028571,0,0,0,0.9,0.1,0,0,0.61429,0.38571,0,0,0
0.94408,2.8485,1.4695,0,1.8952,88.017,0,0,4.3362,0.48985,0,2.6437,0.48985,0.46128,1.4339,8.8702,57.472,23.108,1.9044,2.6366,0.48985,0.48985,0.48985,0.48985,2.3657,1.9167,10.811,64.826,12.869,1.4339,0,2.1824,2.6151,0,0,0.93443,0.065574,0,0,0,1,0,0,0,0,1,0,0,0
1.6887,2.5916,0,0,2.1642,92.149,0,0,1.4071,0,0,0.9413,0,0.47552,1.6887,5.6776,68.008,20.152,0.9029,2.1544,0,0,0,0,1.3784,2.9018,12.738,75.731,3.6787,1.6887,0,0.46578,1.4168,0,0.10112,0.89888,0,0,0,0,1,0,0,0,0,1,0,0,0
1.0549,2.9294,10.966,0.34329,4.3581,68.894,0.68657,0,8.8629,1.905,0,7.1889,3.5789,1.8141,4.1492,7.8207,45.059,18.673,3.2051,1.1469,4.2694,3.0943,4.864,3.1862,4.8779,3.3032,11.438,44.122,19.254,2.3653,1.3538,3.5789,1.6565,0,0.017544,0.92982,0.052632,0,0,0,1,0,0,0,0,1,0,0,0
3.2874,2.8654,5.4988,0.9634,6.0234,70.57,0.64227,0,9.5008,0.64902,0,7.0775,1.3922,2.3533,5.1017,12.891,36.088,24.142,1.2845,4.5455,2.347,2.7777,3.4114,1.3922,4.3811,4.1735,14.511,43.358,15.846,2.551,1.0096,4.0357,5.331,0,0.076923,0.92308,0,0,0,0,1,0,0,0,0,1,0,0,0
0,0,10.65,0.60767,1.8996,52.525,15.076,0,17.949,1.292,0,15.804,5.9119,0.60767,9.7074,16.059,11.068,26.977,6.9821,3.691,1.8996,1.292,4.3753,2.5073,6.0532,10.315,23.536,21.178,20.211,1.292,0.60767,5.9119,4.0123,0,0,0.14894,0.14894,0.70213,0,0,1,0,0,0,0,1,0,0,0
0.33865,0,21.041,0.81674,5.3997,45.741,15.062,0,8.5603,3.0402,0,11.029,4.1955,2.2579,7.2549,13.526,21.085,25.605,1.2462,3.7774,6.3065,3.7175,7.3516,4.5795,4.5492,14.806,14.436,24.545,17.797,3.4729,2.2579,5.2002,1.0046,0,0.045455,0.15909,0.22727,0.56818,0,0,1,0,0,0,0,1,0,0,0
2.2161,0.86844,13.972,1.174,11.872,46.651,2.6272,0,16.943,3.6768,0,8.4043,7.2051,2.5343,11.099,9.6507,23.131,17.221,3.5782,3.3089,6.4007,7.4666,6.1016,5.3481,4.3323,5.912,9.0124,20.534,27.059,5.548,2.7239,9.5106,3.9182,0.2029,0.7971,0,0,0,0,0,1,0,0,0,0,1,0,0,0
6.9683,4.2714,0,1.3934,4.4136,74.731,3.6067,0.92849,1.1592,2.5284,0,2.6712,2.4401,3.1353,3.8067,6.8033,58.008,13.173,4.1597,3.4807,1.393,0.92893,0.92893,0.92849,5.7834,6.1584,20.106,49.795,6.8058,4.8538,0.46446,0.46446,3.7114,0,0,0.9898,0.010204,0,0,0,1,0,0,0,0,1,0,0,0
10.162,2.7356,0,0,4.9398,70.739,8.8128,1.3055,0,1.3055,0,1.7548,4.3658,3.0603,3.1849,9.9182,63.225,6.0843,3.0603,4.0411,1.3055,0,0,1.3055,3.0603,12.041,13.373,60.058,2.611,6.2453,0,0,1.3055,0,0.0082645,0.95868,0.033058,0,0,0,1,0,0,0,0,1,0,0,0
9.3294,7.9771,3.8564,3.5589,7.8462,53.145,5.0068,1.6912,5.4514,1.484,0.6537,5.8698,4.6716,3.8937,6.7072,9.4462,34.568,11.866,8.6375,5.0576,4.6808,4.602,4.5011,3.0185,10.451,9.3967,10.107,33.577,14.702,3.9549,3.014,3.8436,3.4341,0,0.042553,0.95745,0,0,0,0,1,0,0,0,0,1,0,0,0
11.899,7.872,1.1262,4.1188,3.4085,46.224,7.1188,8.9107,3.4632,3.6072,2.2523,6.684,9.553,4.1762,8.0997,6.698,31.432,9.7711,9.4333,6.7439,6.4049,1.0044,2.1305,11.559,7.671,11.924,10.707,25.679,11.194,4.4658,3.8806,4.6721,6.1175,0.10588,0.58824,0.27059,0.035294,0,0,0,0.97647,0.023529,0,0,0.070588,0.92941,0,0,0
3.5479,0,0,2.2064,3.5479,78.522,7.5283,2.2064,0,2.4406,0,3.9804,1.774,1.774,6.4209,7.4237,72.206,4.647,1.774,0,0,0,0,2.2064,3.9804,7.5283,9.1502,65.298,5.848,5.9885,0,0,0,0,0.056911,0.89431,0.04878,0,0,0,1,0,0,0,0,1,0,0,0
0,0,0,1.2507,0,93.976,3.5221,1.2507,0,0,0,1.2507,0,0,1.2507,5.7422,88.234,3.5221,0,0,0,0,0,1.2507,1.2507,1.2507,3.4882,86.787,5.9723,0,0,0,0,0,0.046875,0.90625,0.046875,0,0,0,1,0,0,0,0,1,0,0,0
5.7589,2.221,2.5945,1.0978,4.9414,56.739,7.9601,11.589,5.4393,0.53625,1.1232,5.7647,8.7524,2.7515,7.7976,13.315,37.828,8.444,7.68,0.5616,5.0714,2.0329,3.1308,11.072,2.7515,6.0842,5.6132,39.193,13.546,3.3073,2.221,7.4976,5.5823,0,0.74561,0.2193,0.035088,0,0,0,1,0,0,0,0,1,0,0,0
0,0,2.7562,2.3334,0,78.556,3.4676,10.602,2.285,0,0,2.3334,0,0,5.0896,11.688,64.112,8.98,2.285,0,2.7562,2.7562,2.7562,5.0896,2.3334,2.3334,6.1753,60.579,12.935,0,0,2.7562,5.0411,0,0.44118,0.51961,0.039216,0,0,0,1,0,0,0,0,1,0,0,0
1.5531,2.6811,11.941,2.4459,10.356,47.379,2.8327,1.5102,16.436,2.8648,0,9.2593,4.0415,6.544,5.5455,10.678,25.28,13.077,5.4149,3.8303,11.584,4.7459,8.9031,1.823,7.5482,3.5581,10.045,23.735,19.154,5.8557,6.3015,7.5469,5.5303,0.017857,0.17857,0.46429,0.035714,0.30357,0,0,1,0,0,0,0,1,0,0,0
10.155,7.4758,5.1887,5.072,10.746,26.531,5.7742,4.3711,14.74,1.0701,8.8763,7.9454,8.27,6.1186,9.5343,3.3619,8.0161,7.0556,7.8714,10.046,26.173,5.6079,7.2266,8.2299,14.545,5.4348,10.449,5.07,8.3501,6.4125,13.18,8.285,12.816,0,0,0.061224,0.87755,0.061224,0,0,1,0,0,0,0,1,0,0,0
10.009,5.9406,3.9313,4.8116,7.717,32.013,11.101,11.384,5.6784,1.1487,6.2653,8.976,7.9587,5.089,10.297,7.9225,21.128,6.8624,5.0684,7.2871,16.164,3.2467,5.4488,9.7611,12.378,13.304,9.0133,13.35,10.223,5.1831,8.9857,4.0783,8.2745,0,0.82,0.04,0.1,0.04,0,0,1,0,0,0,0,1,0,0,0
0.96256,1.0625,3.1734,2.7857,2.1251,60.349,6.6668,9.0886,10.065,3.7221,0,3.7482,4.0502,2.6075,6.0323,10.883,49.924,7.6294,5.014,0,4.5114,5.5994,2.1251,7.7842,2.7857,1.7231,7.3023,45.182,12.908,0,3.7221,4.5326,11.935,0,0.4,0.37647,0.035294,0.18824,0,0,1,0,0,0,0,1,0,0,0
0,1.2389,11.598,1.2389,2.4777,46.295,7.8998,9.6793,18.334,1.2389,0,1.2389,2.4777,3.1254,12.837,26.814,24.922,13.369,1.8865,0,1.7717,11.558,4.2494,11.598,1.2389,0,16.98,29.422,9.0316,0,1.2389,4.897,21.344,0,0,0,0.50575,0.49425,0,0,1,0,0,0,0,1,0,0,0
0.13705,10.131,12.311,0,12.197,51.498,0.13705,11.809,1.7802,0,0,14.799,18.754,0.57146,9.7314,19.964,1.5061,12.049,0,0.28573,0,22.338,22.761,12.311,11.237,0.13705,0.28573,19.04,2.0557,20.513,0.28573,10.815,0.55984,0,0.21667,0.78333,0,0,0,0,1,0,0,0,0,1,0,0,0
1.1983,8.9956,4.6496,1.5865,4.2982,13.387,16.532,42.318,4.2746,2.7592,0,1.6973,0.47438,1.5179,6.2079,26.464,33.703,11.342,11.806,5.6316,0.4313,0.72391,0.68083,36.147,14.556,25.795,6.669,0.4313,1.3309,1.9469,5.4965,3.8458,3.1008,0,0,0,0,1,0,0,1,0,0,0,0,1,0,0,0
1.0388,7.806,6.2603,6.2473,4.8202,13.475,17.776,28.149,7.9454,6.0327,0.4491,2.1809,0.73459,5.7803,8.0277,22.474,26.574,13.035,11.604,3.9652,2.4192,3.2053,2.3166,29.875,13.029,18.276,7.1568,2.3586,2.1044,3.365,9.5506,7.3773,4.5914,0,0,0,0.032787,0.96721,0,0,1,0,0,0,0,1,0,0,0
0,4.5452,4.0079,1.2431,1.6648,13.707,23.532,30.42,14.796,6.0832,0,0,0,6.7047,10.179,28.56,32.751,10.09,8.6081,2.4857,0.62157,0,0.62157,29.898,18.477,21.345,10.489,0.62157,2.5415,0,12.366,1.4655,2.1752,0,0,0,0.021277,0.97872,0,0,1,0,0,0,0,1,0,0,0
5.2491,8.6506,6.2099,2.8086,5.1542,12.628,16.866,23.685,7.8218,10.927,0,8.1672,3.125,5.8186,9.2254,24.217,20.787,15.117,7.4527,3.8995,0,2.1902,0.84058,21.957,13.889,18.899,8.7589,0.70525,2.9177,6.2943,14.441,10.679,0.61843,0,0,0,0.034483,0.96552,0,0,1,0,0,0,0,1,0,0,0
0,4.705,5.1511,7.9331,6.4509,11.453,22.069,34.625,4.595,3.0178,0,0,1.1258,6.4575,10.505,21.34,32.051,8.3194,11.205,2.5782,3.0404,3.3773,1.5154,27.884,13.758,21.943,8.2565,2.6412,5.7009,2.6508,9.7257,2.3616,3.5622,0,0,0,0.021978,0.97802,0,0,1,0,0,0,0,1,0,0,0
2.5838,11.884,9.7353,3.7498,5.3589,13.131,15.338,21.858,9.0513,6.5582,0.75189,6.1043,1.539,3.5777,11.841,25.442,27.281,8.2471,4.8825,6.1487,1.5454,3.3914,2.4529,23.606,20.543,16.104,7.1018,0.79347,2.0147,6.7735,10.907,6.5801,3.1236,0,0,0,0.039216,0.96078,0,0,1,0,0,0,0,1,0,0,0
0,0,12.117,0.47616,2.1593,55.693,25.08,0,4.4747,0,0,10.127,1.4758,3.0405,10.065,18.407,18.994,24.594,3.564,9.2553,0.47616,0,4.0365,0.95232,4.0365,18.479,29.058,28.25,12.235,0,0.47616,1.4758,0.99963,0,0,0.375,0.29167,0.33333,0,0,1,0,0,0,0,1,0,0,0
0,0,2.0702,0,2.9757,58.094,36.861,0,0,0,0,1.0351,0,7.2144,17.36,6.0809,14.461,35.148,9.6502,9.05,0,0,1.0351,0,3.4709,21.136,31.912,31.221,11.225,0,0,0,0,0,0,0.47826,0.30435,0.21739,0,0,1,0,0,0,0,1,0,0,0
0,0,0,0,1.4565,76.281,22.263,0,0,0,0,0,4.2863,7.5443,23.636,5.7428,14.348,29.724,7.5443,7.1742,0,0,0,0,0,14.718,45.815,30.465,9.0008,0,0,0,0,0,0,0.12245,0.55102,0.32653,0,0,1,0,0,0,0,1,0,0,0
12.071,2.9859,0,2.1826,2.1826,40.121,38.274,2.1826,0,0,0,16.436,5.1685,10.578,9.8881,18.283,6.3766,17.808,0,15.461,0,0,0,0,11.381,29.025,24.306,18.162,8.3952,2.1826,0,4.3653,2.1826,0,0,0.071429,0.25,0.67857,0,0,1,0,0,0,0,1,0,0,0
0,0,9.2291,1.0517,3.3991,51.52,24.503,0,9.6255,0.67164,0,9.5165,3.4707,3.7614,11.119,9.825,19.585,27.239,7.2211,4.9551,2.636,0.67164,2.636,2.775,4.7284,18.649,24.453,24.107,15.254,0.67164,1.508,3.4707,1.7474,0,0.0090909,0.72727,0.16364,0.1,0,0,1,0,0,0,0,1,0,0,0
0,0,5.5409,2.7203,5.8806,60.081,25.15,0,0.62763,0,0,1.829,1.6952,5.8421,17.263,7.1822,21.92,28.399,5.8509,8.3656,1.6528,0,2.4566,1.2553,4.1182,14.225,32.355,26.995,13.154,2.0927,2.7203,0.62763,0,0,0,0.61475,0.21311,0.17213,0,0,1,0,0,0,0,1,0,0,0
0.4703,0,13.266,3.1537,8.421,48.961,10.745,0.23298,12.97,1.7798,0,9.9757,4.8468,3.0427,10.803,14.379,17.405,19.263,5.838,4.625,6.8683,2.9534,8.3312,1.9561,5.303,8.7492,13.889,22.724,21.525,4.1397,5.1846,5.1075,3.0904,0,0,0.22414,0.75862,0.017241,0,0,1,0,0,0,0,1,0,0,0
0,0,7.5134,12.294,12.999,45.331,17.211,0.51762,2.9258,0.52133,0.68643,5.4347,5.1461,10.249,13.794,6.7032,17.584,15.382,10.426,5.372,7.8271,2.0816,5.454,2.9712,4.4411,6.062,17.236,10.759,24.431,7.1403,13.997,4.1109,3.398,0,0,0,0.93789,0.062112,0,0,1,0,0,0,0,1,0,0,0
0,0,1.1573,2.2838,8.1878,55.931,32.44,0,0,0,0,0.57864,0.71573,6.0406,12.188,5.3561,28.941,24.927,5.2711,14.414,1.5681,0,0.57864,0,1.3771,18.916,25.266,36.056,13.239,2.2838,2.2838,0,0,0,0.012658,0.68354,0.26582,0.037975,0,0,1,0,0,0,0,1,0,0,0
8.2254,7.8969,1.8316,5.4089,6.5385,35.269,25.413,5.8365,0.52065,3.0591,0,19.034,16.571,4.7952,10.707,11.753,6.117,23.35,0,7.0592,0,0.61371,0.60896,2.7846,6.6695,16.348,34.33,11.077,0.61371,6.6316,2.9707,12.649,5.3158,0,0,0.48889,0.31111,0.2,0,0,1,0,0,0,0,1,0,0,0
0,0,1.1542,10.586,13.384,45.873,20.335,3.6522,2.4032,1.655,0.95887,3.6491,5.3578,3.973,11.835,11.624,25.365,19.486,10.935,1.2736,1.536,4.9649,0.95887,5.4783,4.0582,8.3217,19.561,18.12,21.363,5.3578,12.818,2.8092,1.1542,0,0,0.064516,0.51613,0.41935,0,0,1,0,0,0,0,1,0,0,0
4.0847,11.738,8.0451,2.6058,8.2935,23.165,16.219,11.446,7.8496,5.8715,0.68226,12.724,6.0292,5.1467,8.2201,18.53,18.558,14.859,3.8251,8.3297,1.0529,2.7253,2.9304,14.408,16.639,13.473,16.62,1.2474,2.7418,8.3345,10.564,9.9733,3.0692,0,0,0.086207,0.56897,0.34483,0,0,1,0,0,0,0,1,0,0,0
3.3418,13.069,12.295,3.8288,7.8647,19.224,11.765,9.2415,7.6357,9.5643,2.1703,12.403,5.4891,7.3485,10.267,15.343,16.304,11.02,5.2984,5.4306,3.7147,7.3818,4.6204,13.479,12.689,10.197,9.9507,2.6051,6.6964,9.586,12.28,15.703,2.1946,0,0,0.32143,0.67857,0,0,0,1,0,0,0,0,1,0,0,0
8.7385,5.6383,5.825,5.1655,7.3115,26.774,26.931,4.7392,1.8104,7.066,0,21.776,11.086,6.7792,9.9196,12.41,6.9317,18.748,0,9.7253,0.73292,1.8922,2.146,2.9461,7.9032,17.932,21.204,5.9856,5.7718,9.5628,7.4634,15.078,4.0062,0,0,0.31507,0.20548,0.47945,0,0,1,0,0,0,0,1,0,0,0
10.456,13.051,4.8019,1.2437,3.732,36.353,20.297,1.3588,2.7068,5.7334,0.26752,14.622,12.123,5.7965,14.773,21.972,9.9586,9.2994,0.26752,8.5936,0.6754,1.9191,2.0128,3.8076,16.451,20.538,22.038,8.4012,7.6561,5.2484,7.1028,6.2684,0.47548,0,0.050847,0.45763,0.28814,0.20339,0,0,1,0,0,0,0,1,0,0,0
7.0364,13.249,8.0142,3.2797,6.2691,30.894,12.646,4.9806,6.8199,6.0484,0.76207,15.967,10.492,5.2157,7.0113,13.08,16.739,16.305,2.2252,5.6172,2.5912,4.7559,3.7103,4.8918,13.018,10.842,14.258,5.6236,11.851,10.002,13.161,10.803,1.8408,0,0.11765,0.31373,0.45098,0.11765,0,0,1,0,0,0,0,1,0,0,0
2.4508,8.5677,14.626,3.832,6.7598,35.299,5.0834,5.019,8.8687,8.765,0.72893,13.045,5.5396,3.3617,7.1252,12.547,23.325,14.492,2.4185,3.1733,4.1304,10.842,5.7672,8.8801,11.385,3.8818,6.1069,11.591,13.726,12.104,12.353,12.315,1.8894,0,0.23214,0.39286,0.375,0,0,0,1,0,0,0,0,1,0,0,0
2.7649,9.5291,14.177,1.7977,6.8034,37.234,11.623,1.1055,7.0832,6.667,1.2153,14.965,8.3294,5.6298,6.4716,10.686,28.279,10.559,2.6141,4.7818,2.0388,5.6462,9.5052,6.0597,6.2363,8.7422,12.046,14.599,13.902,9.006,7.9984,10.799,1.1055,0,0,0.83146,0.1573,0.011236,0,0,1,0,0,0,0,0.64045,0.35955,0,0
0,5.4797,8.7076,0,1.5166,73.497,2.168,1.7243,3.5787,2.8521,0.47636,6.9452,3.7258,4.0931,2.4268,7.8008,55.964,9.6121,0.47636,1.0402,2.2007,5.7153,4.1807,5.892,3.5872,1.6041,2.5058,43.316,25.179,3.2409,5.8389,4.2301,0.42531,0,0.016129,0.96774,0.016129,0,0,0,1,0,0,0,0,0.016129,0.98387,0,0
0,3.0525,10.347,0.9622,1.7005,72.225,1.5071,1.7575,5.1759,2.7568,0.51585,5.4312,4.8759,1.886,2.8635,9.9312,53.206,9.6334,2.9269,0.84628,3.4002,4.9997,8.2732,1.3457,3.7783,1.9651,3.3365,42.567,24.176,3.7965,5.2621,4.644,0.85553,0,0.043478,0.95652,0,0,0,0,1,0,0,0,0,0,1,0,0
9.3819,11.577,1.8963,7.1873,11.524,33.602,12.365,5.1544,3.1985,0.96403,3.1493,10.411,5.506,7.573,9.2015,8.2989,17.373,11.482,13.37,5.7652,5.5752,5.4439,6.7984,5.4465,14.51,13.328,13.052,17.165,4.2736,6.3325,6.1501,6.1991,6.7438,0.76923,0.16484,0.054945,0.010989,0,0,0,0.86813,0.13187,0,0,0.68132,0.31868,0,0,0
2.1055,9.9533,7.2964,13.344,11.256,18.646,10.041,5.0431,13.206,0.47502,8.6334,10.57,8.6113,11.489,7.665,5.7298,6.2462,9.2581,10.152,6.4158,12.514,11.348,12.751,10.321,9.6114,4.4665,6.5468,1.5056,5.9597,9.6365,11.172,13.195,14.834,0.97368,0.026316,0,0,0,0,0,1,0,0,0,0.55263,0.44737,0,0,0
12.815,8.0473,3.1291,5.6311,8.7747,26.735,10.454,8.2458,10.379,1.5119,4.2759,9.3404,9.8945,7.9307,7.3968,6.2958,13.543,7.879,10.457,8.4548,13.047,5.7619,7.0811,9.6847,12.882,12.04,8.8303,7.5415,8.6842,7.4336,6.5978,8.1261,11.099,0.13684,0.49474,0.11579,0.094737,0.15789,0,0.042105,0.91579,0.042105,0,0,0.14737,0.74737,0.10526,0,0
0.17057,11.154,6.3812,18.588,13.329,15.025,6.2337,1.1539,21.629,0.17482,6.1602,17.236,2.4262,16.787,7.0521,2.1479,3.2243,4.768,2.5957,1.6197,21.473,20.67,11.993,11.156,6.5704,0.68247,2.1881,2.2209,3.6771,12.258,13.651,12.712,22.891,0.68182,0.31818,0,0,0,0,0,1,0,0,0,0.090909,0.90909,0,0,0
1.8954,12.933,7.7999,10.53,11.574,23.728,7.6226,6.6611,10.793,0.58462,5.8793,12.277,7.1211,12.452,6.1884,4.0168,7.6562,11.48,10.325,7.2703,10.949,10.265,12.596,7.1838,11.108,7.9488,2.8492,3.5939,5.9761,8.2237,13.128,10.136,17.257,0.82258,0.17742,0,0,0,0,0,1,0,0,0,0.43548,0.56452,0,0,0
0.65882,12.276,9.2813,10.756,11.711,19.807,7.8565,5.5095,12.731,0.66575,8.747,12.336,6.4594,13.07,5.8868,4.822,5.507,11.413,9.2916,6.6401,10.982,13.593,13.729,7.9411,10.777,4.4133,4.4599,2.2545,6.0111,9.1776,13.411,11.548,16.278,0.89474,0.10526,0,0,0,0,0,0.96491,0.035088,0,0,0,1,0,0,0
0,3.2123,6.2122,12.272,8.7275,37.171,14.332,9.9903,3.3117,2.683,2.0878,6.2985,1.012,6.2897,9.2377,14.2,32.938,8.1837,6.0614,1.83,7.0396,6.909,3.376,11.272,8.1937,7.0828,12.276,12.333,22.106,4.4081,8.0891,4.8691,5.9942,0,0,0.0083333,0.95,0.041667,0,0,1,0,0,0,0,1,0,0,0
0.43106,6.4522,10.606,6.2312,7.0899,13.302,22.196,21.972,4.1292,6.333,1.257,3.6049,1.1628,3.4976,9.082,18.411,27.812,10.682,12.848,0.78779,2.3118,9.7999,0.43106,21.981,21.163,13.027,7.929,2.2176,6.2195,5.401,10.433,9.4305,1.7682,0,0,0,0.55422,0.44578,0,0,1,0,0,0,0,1,0,0,0
5.1825,13.599,14.541,0,15.124,40.104,0.4626,10.062,0.9252,0,0,36.009,6.6216,1.1998,4.142,17.483,4.7199,21.403,0,0.5999,0,7.8214,8.8839,14.541,8.8619,5.1825,0.5999,7.2215,12.987,27.078,0.5999,12.519,1.5251,0,0.044444,0.95556,0,0,0,0,1,0,0,0,0,1,0,0,0
15.284,16.619,4.0763,0.13625,19.212,22.331,0.87001,18.647,2.5456,0.09285,0.1857,67.548,1.2445,1.1748,1.0001,2.2557,17.13,3.571,0.18992,0.57801,0.7687,4.5391,6.5255,4.3337,17.46,15.547,0.7131,0.5039,2.608,18.096,0.63169,32.352,1.2287,0,0.44444,0.55556,0,0,0,0,1,0,0,0,0,1,0,0,0
3.4254,5.6909,12.827,0.45123,17.157,28.712,2.0446,19.333,9.9074,0.45123,0,34.322,6.1944,2.4621,4.7977,7.7878,10.764,8.5036,0.55284,1.5583,0.55284,22.504,26.107,13.38,14.659,3.9783,1.5583,5.7446,6.4861,7.089,1.4567,15.551,3.9889,0,0.45161,0.33871,0.048387,0.16129,0,0,1,0,0,0,0,1,0,0,0
0.34532,1.6826,4.8868,8.5433,2.6805,36.332,30.783,12.546,1.6392,0.14072,0.42047,4.5983,18.355,1.2343,8.8489,11.515,9.0331,2.3766,1.1201,8.2482,23.883,10.788,49.722,10.772,8.672,1.0334,2.4778,0.40251,3.2371,9.2925,0.52487,11.7,2.1654,0,0.10227,0.64773,0.23864,0.011364,0,0,0.35227,0.64773,0,0,0,0.125,0.875,0,0
3.3878,10.132,11.447,5.0888,12.363,25.176,4.4865,11.276,10.484,1.3657,4.7931,25.564,10.047,6.3773,6.9529,12.402,4.5052,13.956,3.5919,1.6031,4.4424,10.559,15.07,14.23,8.3792,4.9909,2.9227,4.2156,11.815,11.191,6.7828,10.049,10.354,0,1,0,0,0,0,0,1,0,0,0,0,1,0,0,0
0.85558,10.219,12.212,4.109,13.026,26.47,4.1769,15.876,7.3214,2.4581,3.2753,20.224,8.0937,9.6081,8.8526,11.379,5.0396,16.839,2.1649,3.1712,2.7628,11.865,16.683,14.199,7.8588,2.1411,5.627,3.7952,13.782,10.079,8.3555,7.6549,9.8249,0.010753,0.93548,0.043011,0.010753,0,0,0,1,0,0,0,0,0.96774,0.032258,0,0
1.6741,3.5674,16.005,4.8129,10.824,28.4,12.516,12.399,6.4918,0.5393,2.7709,19.184,12.713,5.5846,5.9267,11.682,8.4615,9.0796,2.1875,3.6064,8.9314,12.643,32.215,11.864,5.7242,5.8736,7.0045,0.97793,10.127,9.0685,2.2007,8.162,6.7833,0,0.73684,0.18421,0.078947,0,0,0,0.97368,0.026316,0,0,0.73684,0.26316,0,0,0
0.42981,2.0616,20.834,1.7116,25.833,23.716,9.432,5.9197,9.4829,0.1609,0.41843,20.684,19.525,1.4665,9.6303,12.434,9.666,2.4366,1.4593,1.0597,10.177,11.463,37.053,11.457,1.4729,8.5148,10.62,0.33574,4.1405,9.864,0.84166,12.753,2.9462,0,0.18987,0.64557,0.16456,0,0,0,0.12658,0.87342,0,0,0,0.012658,0.98734,0,0
2.7973,4.651,17.741,6.6506,9.8579,25.02,11.833,13.083,4.2386,1.4402,2.6873,16.005,13.009,4.6181,7.5116,10.605,9.2792,8.0057,4.9628,6.052,10.259,9.6918,26.829,13.802,6.6448,3.5429,7.2659,1.8354,7.7181,7.0082,6.8018,11.392,7.1587,0,0.041176,0.55294,0.37647,0.029412,0,0.0058824,0.75882,0.23529,0,0,0,0.23529,0.76471,0,0
1.6503,2.6543,18.733,8.6908,9.3639,23.13,7.6528,17.019,5.4462,2.8734,2.7867,17.218,11.657,4.4993,8.6198,9.5435,11.422,5.227,7.208,4.8029,10.945,8.857,20.913,13.266,2.3363,3.0051,9.46,0.26972,7.6876,6.1951,9.801,12.73,14.336,0,0,0.10345,0.74713,0.14943,0,0,1,0,0,0,0,0.045977,0.95402,0,0
2.1026,5.2077,14.267,5.9485,12.607,31.766,7.6822,12.426,2.8147,3.029,2.1493,15.295,12.047,4.6422,9.9269,9.9668,13.835,7.0952,9.3097,4.6977,6.6941,6.4903,14.881,11.247,3.9426,0.54395,16.496,4.9191,8.7148,9.9626,11.354,7.5608,10.378,0,0,0.1875,0.8125,0,0,0,1,0,0,0,0,0,1,0,0
0.61021,1.0563,9.5996,8.597,18.041,37.129,6.4197,3.4969,12.914,1.784,0.35209,6.2251,9.9455,7.0766,8.745,5.6835,22.061,11.925,6.2965,6.4197,9.9096,5.7125,7.5063,6.9347,5.9875,3.9153,6.1981,12.717,18.741,9.3073,12.464,9.5191,6.7107,0.025862,0.0086207,0.025862,0.93966,0,0,0,1,0,0,0,0,1,0,0,0
0.23909,4.7892,6.948,15.151,15.773,31.075,7.0784,2.4109,11.249,0,5.2864,9.8247,6.6272,8.5738,8.15,6.5097,14.281,11.563,7.035,4.5622,11.711,11.162,11.298,6.5001,6.1949,1.9162,5.9137,8.6785,13.717,10.218,14.125,8.5509,12.888,0.082353,0.082353,0.14118,0.69412,0,0,0,1,0,0,0,0.011765,0.98824,0,0,0
1.2082,7.6096,7.9687,11.041,17.002,22.746,5.1346,2.7303,17.4,0.82403,6.3347,13.738,6.8931,11.547,9.3086,6.4889,5.2188,12.376,5.6943,5.4818,11.913,11.34,9.5736,9.5185,6.7147,2.3224,7.0076,5.4359,6.7584,10.541,14.611,13.649,13.868,0,0.59677,0.40323,0,0,0,0,1,0,0,0,0,1,0,0,0
0.73447,6.6932,7.6971,14.385,14.106,26.374,8.5922,2.2636,10.587,0.71626,7.8514,12.195,8.7601,10.143,7.8818,4.4313,9.9242,12.462,3.6883,3.851,11.335,15.328,10.51,6.6111,7.2254,1.152,4.3937,5.2113,11.331,11.746,14.434,11.442,15.944,0.019231,0.39423,0.5,0.048077,0.038462,0,0,1,0,0,0,0,0.92308,0.076923,0,0
0,1.052,5.884,15.512,15.607,40.718,6.9025,2.4321,7.4916,2.3168,2.0842,9.0282,6.5297,4.8358,5.5796,9.1255,22.402,15.711,5.2014,1.6007,5.9412,14.045,4.6762,2.2867,4.0732,0,13.958,13.332,18.703,9.3203,15.815,8.9695,8.8651,0.0070423,0.021127,0.042254,0.92958,0,0,0,1,0,0,0,0,1,0,0,0
0,2.4328,6.7318,13.837,11.619,35.051,7.3606,14.046,3.4639,3.3052,2.1524,9.3373,2.1167,6.7078,8.2123,9.0007,20.751,12.637,5.4165,3.9247,5.1494,16.746,3.8276,5.5104,7.2369,4.1179,12.139,13.878,18.746,5.9695,10.208,8.0311,10.336,0,0.067416,0.35955,0.57303,0,0,0,1,0,0,0,0,1,0,0,0
0.38502,0.95545,7.0016,12.749,13.412,43.486,3.6112,5.7324,6.8538,1.5692,4.245,13.254,3.7489,3.8051,7.3297,8.4056,23.624,10.9,3.2378,5.2805,6.5339,13.881,6.6926,4.1879,3.9324,0.81519,11.444,16.909,18.34,7.5007,14.203,6.2055,9.7696,0.04386,0.052632,0.026316,0.86842,0.0087719,0,0,1,0,0,0,0,1,0,0,0
0,0.62583,7.9011,8.7353,11.485,37.434,4.8025,16.233,6.8853,3.1812,2.7176,13.418,4.9672,3.3601,5.936,5.954,23.322,10.203,4.094,6.831,3.7854,18.128,7.0276,5.8461,4.1602,3.2981,15.785,16.119,16.117,6.062,7.3689,5.3588,12.856,0,0,0,1,0,0,0,1,0,0,0,0,1,0,0,0
0,2.3494,13.257,10.176,6.6676,42.945,3.4125,4.8345,7.8548,6.9955,1.5072,11.009,2.6229,3.037,4.9855,10.908,30.535,8.1825,2.3374,1.7206,5.8691,18.792,5.2111,6.6854,7.2784,1.5838,13.309,19.074,15.948,8.4604,7.2023,9.1667,6.0812,0,0.10256,0.17949,0.71795,0,0,0,1,0,0,0,0,1,0,0,0
1.8881,9.107,9.3706,7.8046,15.013,23.278,5.0587,7.6852,12.555,2.7443,5.4957,15.043,8.008,10.724,9.2237,6.5036,6.8022,14.188,3.8898,6.0371,7.199,12.381,12.611,9.4814,5.0403,2.1325,4.3789,5.1719,12.183,10.787,12.331,9.1682,16.715,0.023529,0.52941,0.43529,0.011765,0,0,0,1,0,0,0,0,0.98824,0.011765,0,0
2.6789,3.4145,10.276,2.1841,6.4579,39.204,8.1934,10.709,12.542,2.3403,1.9996,14.425,4.4747,3.0734,9.8928,15.989,15.434,18.849,1.9454,0.95672,4.7802,10.18,8.1532,13.008,4.0904,3.1668,9.8331,18.798,15.858,3.7118,5.2302,3.0425,15.108,0,0.33333,0.033333,0.4,0.23333,0,0,1,0,0,0,0,1,0,0,0
2.1947,1.2327,7.4867,10.121,15.881,37.76,5.6837,5.2811,6.9285,3.03,4.4011,12.553,4.1634,5.747,10.519,5.8759,16.805,16.798,3.0878,6.9253,4.6009,12.924,7.4256,4.8989,3.5205,0.77902,11.707,12.6,15.024,13.005,14.296,6.8503,9.8936,0,0.022901,0.015267,0.89313,0.068702,0,0,1,0,0,0,0,1,0,0,0
0.66057,0.68077,9.7127,7.8276,10.409,30.854,7.0505,15.883,10.401,2.6612,3.86,17.739,6.8393,1.9859,5.1074,6.5612,17.778,11.87,2.5479,9.6075,1.5604,18.403,9.0346,5.7768,5.7514,3.1606,18.273,14.479,7.1667,11.18,7.1717,4.7679,13.239,0,0.0061728,0.049383,0.94444,0,0,0,0.98148,0.018519,0,0,0,1,0,0,0
2.0712,1.581,11.374,8.4207,9.8822,40.082,7.8727,10.937,4.2422,2.0138,1.5236,12.584,5.066,2.0712,12.986,8.9066,20.373,11.308,8.4693,4.481,4.2841,9.4714,5.7612,7.5974,2.1882,0.69381,26.887,7.2365,8.9376,11.658,8.431,9.2426,11.367,0.068966,0.11494,0.70115,0.11494,0,0,0,0.86207,0.13793,0,0,0,0.66667,0.33333,0,0
0.75289,3.6327,10.571,3.139,12.623,37.764,6.5224,6.7379,8.1853,6.5118,3.5595,12.369,8.855,1.1833,8.7928,8.0689,21.179,12.617,7.9342,6.099,3.105,9.7959,5.6327,5.8091,2.3556,0.4709,18.503,17.09,5.8765,14.103,14.556,9.9302,5.6725,0.18391,0.54023,0.22989,0.045977,0,0,0,0.29885,0.70115,0,0,0,1,0,0,0
1.7214,7.3368,11.736,9.342,9.8521,24.534,9.7246,9.6583,9.7904,5.4771,0.82695,10.208,0.96941,6.7739,7.6619,14.905,22.429,10.777,5.1355,4.3485,5.1849,11.607,5.6234,12.131,10.428,6.5636,9.1145,8.0972,12.061,9.1156,11.598,8.7777,6.4895,0,0.055556,0.12222,0.82222,0,0,0,1,0,0,0,0,1,0,0,0
0.3613,5.6356,11.507,2.8441,6.0428,47.157,2.471,6.1384,10.468,5.7317,1.6426,10.668,2.3553,6.0604,3.062,12.948,31.926,9.9435,2.3974,2.0042,6.2612,12.374,5.9351,4.0088,7.0359,2.4735,7.6862,24.18,16.209,8.7509,7.9578,10.958,4.8044,0,0,0.11268,0.77465,0.11268,0,0,1,0,0,0,0,1,0,0,0
0.2436,5.9348,16.919,2.6757,4.323,52.112,1.3574,2.3397,9.7371,3.2955,1.0628,10.768,2.2404,6.0021,4.5258,17.781,33.213,8.5894,1.7903,1.264,5.1529,8.6724,9.8333,7.5457,4.7023,2.7222,4.3232,31.605,18.464,7.4024,6.2532,5.8748,1.2739,0,0,0.97436,0.025641,0,0,0,1,0,0,0,0,0.24359,0.75641,0,0
0,1.43,11.563,3.2684,4.067,52.289,1.2375,7.6994,15.276,2.7072,0.46256,9.2996,2.5095,6.3176,3.7197,14.108,30.711,12.094,1.5457,2.8752,2.609,14.21,5.1266,7.5143,4.586,1.7958,6.8829,37.428,12.076,6.2847,5.2085,5.1305,7.9674,0,0,0,0.25806,0.74194,0,0,1,0,0,0,0,1,0,0,0
0,2.7919,18.183,1.6849,1.5511,57.144,1.8904,1.7804,9.172,5.8029,0,7.7031,5.3495,2.5935,2.2695,17.902,34.244,15.364,0.32219,0.89167,4.115,9.2444,9.0101,9.3868,5.4213,1.4706,4.4221,43.06,12.593,5.5923,1.9679,4.2534,2.8228,0,0,0.9878,0.012195,0,0,0,1,0,0,0,0,0.19512,0.80488,0,0
0,1.2889,7.9891,3.432,1.1411,71.939,0.64125,2.1738,8.5779,2.5354,0.28197,6.5527,0.71856,3.0822,4.0092,14.899,53.89,6.0751,0.28197,0.28197,2.4581,7.7508,7.311,4.8351,1.5989,0.28197,2.1628,48.627,20.169,4.6107,3.315,4.9139,2.1738,0,0.12121,0.87879,0,0,0,0,1,0,0,0,0,0,1,0,0
0,3.6468,10.441,2.764,0.36803,65.496,0.55824,2.6927,11.025,3.0083,0,6.2022,3.1107,3.2246,3.1321,21.553,44.873,6.6551,0,0,2.9776,8.2717,5.9012,5.6507,4.6038,1.6527,2.6096,46.884,16.694,5.1078,3.0607,4.5802,3.2552,0.25424,0.11864,0.62712,0,0,0,0,1,0,0,0,0,0.25424,0.74576,0,0
0,3.1237,11.633,2.2509,2.7366,50.181,3.8942,5.5834,12.611,7.2746,0.71171,9.2754,5.8539,2.7141,4.401,12.345,28.362,13.089,3.9639,3.3893,1.7299,14.876,5.7126,6.7426,7.0186,0.71171,13.544,30.503,13.151,8.244,1.8481,7.1374,5.3865,0,0,0.0062112,0.40373,0.59006,0,0,1,0,0,0,0,1,0,0,0
0,7.6877,19.802,0,0.42009,52.072,2.0669,1.2265,14.083,2.6411,0,4.6359,9.8958,2.4318,0.42009,9.5196,36.127,15.738,3.2129,6.7041,0.99429,10.321,7.6085,9.4007,12.68,0,7.5177,40.293,7.8215,1.9548,3.272,7.0202,2.4318,0,0,0.82979,0.17021,0,0,0,1,0,0,0,0,0.55319,0.44681,0,0
0.2782,7.1279,8.4045,3.6214,4.598,51.851,6.5577,4.125,8.1802,4.4202,0.83553,8.5392,4.8047,1.4048,6.3493,11.805,25.459,16.935,5.8534,6.6472,1.1989,11.004,4.6534,2.6665,8.4702,0,26.835,21.892,9.1499,7.7936,4.1381,8.933,5.4687,0,0,0,1,0,0,0,1,0,0,0,0,1,0,0,0
0,6.5651,10.197,0.53567,2.1444,55.253,1.0713,2.1444,18.945,3.143,0,6.1215,8.3088,2.3801,2.68,9.3544,29.306,18.154,4.8772,6.9534,1.6087,10.255,3.5415,3.9231,10.107,0,11.259,34.75,11.351,2.6428,4.026,15.484,2.9158,0,0,0.051282,0.59829,0.35043,0,0,1,0,0,0,0,1,0,0,0
0,1.3856,13.332,0,0,56.623,1.3703,1.6149,17.59,8.085,0,7.8902,4.7718,5.6016,0,18.397,28.21,17.211,2.4487,4.1095,0.67753,10.683,7.3509,3.5319,5.4798,0,3.7239,45.783,12.197,5.9886,2.583,7.7597,5.6016,0.12821,0.038462,0.83333,0,0,0,0,1,0,0,0,0,0.14103,0.85897,0,0
0,13.774,9.5749,0,0.68081,48.84,2.4808,0.68081,16.15,7.8191,0,9.0291,7.0857,3.4601,0.68081,13.695,24.346,16.487,0.68081,6.47,0.68081,17.386,3.2718,6.3031,14.565,0,9.5951,33.291,13.585,2.6691,2.1525,11.108,3.4601,0.20879,0.010989,0.78022,0,0,0,0,1,0,0,0,0,0.23077,0.76923,0,0
0,1.0926,7.9813,0,0,90.926,0,0,0,0,0,1.0926,2.898,1.0926,0,11.066,68.641,11.219,2.898,0,0,1.0926,6.8886,2.1853,0,0,0,51.245,39.681,0,0,0,0,0.14286,0.028571,0.82857,0,0,0,0,1,0,0,0,0,0.17143,0.82857,0,0
0,1.7503,6.8799,0.94035,0,90.429,0,0,0,0,0,1.7503,1.6896,1.1815,0.94035,9.1818,73.139,8.6777,1.6896,0,0.56883,1.1815,6.0699,2.363,0.56883,0.56883,0.56883,72.263,17.598,0,0,0,0,0.28947,0,0.71053,0,0,0,0,1,0,0,0,0,0.28947,0.71053,0,0
0,3.2605,9.0388,1.9009,0,82.93,0,0.79686,1.2759,0.79686,0,4.1783,1.6147,1.7386,2.2187,15.554,58.296,9.9265,0.97906,0,2.001,3.4935,7.2405,3.9159,2.3188,1.2042,1.6832,46.302,33.351,0.79686,1.4325,1.2759,0.47905,0.065574,0.016393,0.91803,0,0,0,0,1,0,0,0,0,0.081967,0.91803,0,0
0,0,0,0,0,100,0,0,0,0,0,0,0,0,0,11.565,78.266,10.168,0,0,0,0,0,0,0,0,0,82.854,17.146,0,0,0,0,0,0,0.14286,0.30612,0.55102,0,0,1,0,0,0,0,1,0,0,0
0,0,0,0,5.0805,94.92,0,0,0,0,0,0,0,0,0,16.945,76.263,6.7913,0,0,0,0,0,0,0,0,0,63.968,29.039,6.9939,0,0,0,0,0,0.21569,0.21569,0.56863,0,0,1,0,0,0,0,1,0,0,0
0,0,0,0,0,100,0,0,0,0,0,0,0,0,0,12.646,76.806,10.548,0,0,0,0,0,0,0,0,0,81.58,18.42,0,0,0,0,0,0,0.95683,0.043165,0,0,0,1,0,0,0,0,1,0,0,0
0,0,0,0,4.4541,95.546,0,0,0,0,0,0,0,0,0,13.199,78.055,8.7454,0,0,0,0,0,0,0,0,0,82.489,10.529,6.9823,0,0,0,0,0,0.95902,0.040984,0,0,0,1,0,0,0,0,1,0,0,0
0,0,0,0,26.719,73.281,0,0,0,0,0,0,0,0,0,16.897,69.324,13.779,0,0,0,0,0,0,0,0,0,61.331,20.269,18.4,0,0,0,0,0,0.022727,0.38636,0.59091,0,0,1,0,0,0,0,1,0,0,0
0,0,0,0,18.839,81.161,0,0,0,0,0,0,0,0,0,13.074,60.141,26.785,0,0,0,0,0,0,0,0,0,52.153,36.955,10.892,0,0,0,0,0,0.275,0.525,0.2,0,0,1,0,0,0,0,1,0,0,0
0,0,0,0,19.872,80.128,0,0,0,0,0,0,0,0,0,20.266,62.14,17.594,0,0,0,0,0,0,0,0,0,53.681,36.476,9.8431,0,0,0,0,0,1,0,0,0,0,1,0,0,0,0,1,0,0,0
0,0,0,2.9921,42.893,54.115,0,0,0,0,0,2.9921,0,2.9921,0,20.035,59.079,14.901,0,0,0,0,0,0,0,0,0,41.359,35.109,23.532,0,0,0,0,0,0.93137,0.04902,0.019608,0,0,1,0,0,0,0,1,0,0,0
0,0,0,0,0,100,0,0,0,0,0,0,0,0,0,0,100,0,0,0,0,0,0,0,0,0,0,97.949,2.0512,0,0,0,0,0,0,1,0,0,0,0,1,0,0,0,0,1,0,0,0
0,0,0,0,1.0912,98.909,0,0,0,0,0,0,0,0,0,3.5871,96.413,0,0,0,0,0,0,0,0,0,0,91.732,6.0855,2.1823,0,0,0,0,0,0.95652,0.043478,0,0,0,1,0,0,0,0,1,0,0,0
0,2.3041,31.562,0.74118,0,21.596,32.335,1.0114,7.2498,3.1998,0,4.648,3.941,7.0925,3.1998,16.894,26.762,28.339,4.2112,0,0.48273,4.4298,9.546,15.027,19.716,12.109,11.77,13.914,6.4576,3.1998,0,2.453,5.8082,0,0.44828,0.27586,0.068966,0.2069,0,0,0.72414,0.27586,0,0,0.65517,0.34483,0,0,0
0,0,0,0,0,100,0,0,0,0,0,0,0,0,0,0,100,0,0,0,0,0,0,0,0,0,0,100,0,0,0,0,0,0,0,0.95868,0.041322,0,0,0,1,0,0,0,0,1,0,0,0
0,0,0,12.046,12.142,54.024,1.6854,11.688,4.0544,4.3606,0,21.524,1.5544,7.8122,2.1192,14.021,22.691,13.675,4.3168,3.4506,0.8196,8.0165,5.7973,4.8692,0,4.5906,5.5095,23.777,19.895,13.924,0.44724,6.6391,14.551,0.20312,0.42188,0.10938,0.20312,0.0625,0,0,1,0,0,0,0,1,0,0,0
0,0,0,0,0,100,0,0,0,0,0,0,0,0,0,0,100,0,0,0,0,0,0,0,0,0,0,100,0,0,0,0,0,0,0,0.98305,0.016949,0,0,0,1,0,0,0,0,1,0,0,0
0,0,12.387,7.9457,30.838,45.561,0,0,0,3.2696,0,2.0399,0,9.8888,8.4837,4.1183,23.977,11.967,12.33,4.9988,4.7531,17.444,7.3879,3.9044,0,0,5.8475,26.827,13.735,17.22,19.173,5.9058,0,0,0,0,0,1,0,0,1,0,0,0,0,1,0,0,0
0,0,0,4.0337,6.453,89.513,0,0,0,0,0,3.0908,0,4.0337,0.94291,3.4469,81.717,5.8255,0,0,0,0.94291,0,0,0,0,0,79.213,10.615,8.2855,0.94291,0.94291,0,0,0,1,0,0,0,0,1,0,0,0,0,1,0,0,0
0,0,1.6684,10.985,15.981,68.445,0,0,0,2.9211,0,2.9211,0,3.8901,3.8901,0,54.686,14.033,6.2579,1.6684,8.7634,3.8901,0,0,0,0,1.6684,56.908,13.48,11.401,5.5585,10.985,0,0,0,0.84874,0.02521,0.12605,0,0,1,0,0,0,0,1,0,0,0
0,0,2.087,0.94131,6.0135,74.792,0,4.4672,9.6376,2.0615,0,4.0887,1.0308,4.8123,1.0347,7.6275,61.476,7.8048,6.3715,0.94131,3.637,1.1753,0,2.087,0,0.94131,0.76237,60.045,16.991,3.5221,0.51538,6.269,8.8666,0,0,1,0,0,0,0,1,0,0,0,0,1,0,0,0
0,0,0,4.4786,7.0657,88.456,0,0,0,0,0,1.5633,0,3.2434,2.9153,0,85.212,1.6801,1.2352,0,1.2352,2.9153,0,1.2352,0,0,0,86.892,1.5633,4.4786,2.9153,2.9153,0,0,0,0.99115,0.0088496,0,0,0,1,0,0,0,0,1,0,0,0
0,0,1.2956,0,2.9272,77.912,0,3.3416,12.722,1.8013,0,0,0,5.2651,2.1228,9.4428,59.38,7.8393,7.5647,1.8013,4.5604,2.0232,0.65924,1.2956,0,0,6.124,64.792,8.4595,1.4636,0,5.2881,11.918,0,0,0.91667,0.083333,0,0,0,1,0,0,0,0,1,0,0,0
0,0,7.1343,11.941,22.983,54.202,0,0,0,3.7401,0,4.1112,0,6.081,5.5335,3.1685,35.656,9.7701,12.135,4.1186,10.312,9.1134,4.067,2.672,0,0,4.2858,36.349,14.26,17.465,11.282,9.6197,0,0,0,1,0,0,0,0,1,0,0,0,0,1,0,0,0
3.0763,1.1851,18.183,5.1137,8.8519,41.847,5.4767,2.3703,13.299,0.59683,0,10.019,5.6103,4.2404,12.171,10.287,21.999,10.094,4.2695,5.5564,8.4073,7.3463,13.498,5.8863,9.6513,6.8461,6.4978,18.122,22.598,1.9608,6.5217,5.7233,2.6957,0.08642,0.22222,0.22222,0.4321,0.037037,0,0,1,0,0,0,0.024691,0.97531,0,0,0
0.56123,0.54448,11.958,0.53066,3.1469,56.674,4.8534,0,21.233,0.49793,0,16.393,4.2375,3.2733,2.7952,19.054,21.316,18.427,3.6901,3.178,6.0159,1.6204,6.1948,1.6225,4.4946,4.2704,15.627,29.157,23.477,0.99586,3.2733,6.2386,4.6488,0.21622,0.59459,0.13514,0,0.054054,0,0,1,0,0,0,0,1,0,0,0
3.4256,6.0263,6.9034,4.7179,9.089,26.763,8.1555,20.977,11.382,0,2.5605,11.609,12.849,5.8107,11.609,1.0928,11.581,8.1435,7.2262,8.1555,10.517,11.406,13.779,16.462,11.434,9.4357,5.8107,4.7059,4.6657,3.2784,8.3712,13.914,8.1435,0,0,0.15385,0.19231,0.65385,0,0,1,0,0,0,0,1,0,0,0
0,0,9.5063,19.603,24.858,38.323,0,0,0,7.7099,0,4.4709,0,4.4356,4.4214,6.8488,25.445,14.065,7.1334,0.71324,17.131,15.335,10.22,4.9149,0,0,1.3383,29.036,9.2872,15.908,11.251,18.045,0,0,0,0.10417,0,0.89583,0,0,1,0,0,0,0,1,0,0,0
0,0,0,0,0,98.271,0,0,1.7289,0,0,0,0,0,0,3.8739,92.473,1.9243,1.7289,0,0,0,0,0,0,0,1.7289,92.473,4.0693,0,0,0,1.7289,0,0,0.97581,0.024194,0,0,0,1,0,0,0,0,1,0,0,0
0,0,0,0,0,96.803,0,0,2.3952,0.80154,0,0,0,0.80154,0,0.79209,90.401,5.6097,0.79209,0.80154,0.80154,0,0,0,0,0,0.79209,92.005,4.0067,0,0,0.80154,2.3952,0,0,1,0,0,0,0,1,0,0,0,0,1,0,0,0
0,0,5.231,0,0,78.61,0,4.6161,10.796,0.7468,0,0,0,5.398,1.2989,7.7486,65.62,6.5405,4.6512,0.7468,5.9778,2.0182,1.2989,5.231,0,0,2.0182,63.901,12.691,0,0,6.697,8.163,0,0,1,0,0,0,0,1,0,0,0,0,1,0,0,0
0,0,2.7132,0,0,82.347,0,0,12.437,2.5022,0,0,0,5.2154,0,2.0062,73.992,6.3488,4.7195,2.5022,5.2154,0,0,2.7132,0,0,2.0062,76.284,4.0577,0,0,5.2154,9.7239,0,0,0.93478,0.065217,0,0,0,1,0,0,0,0,1,0,0,0
0,0,0,3.0775,7.9147,87.818,0,0.59484,0,0.59484,0,0.59484,0.59484,0.61404,2.4282,1.8936,81.247,5.3271,2.409,0.64936,1.8142,2.4282,0.64936,1.8142,0,0,0,81.861,5.3624,4.2672,2.4282,3.023,0.59484,0,0,0.92453,0.075472,0,0,0,1,0,0,0,0,1,0,0,0
0,0,5.6315,7.0046,18.701,65.077,0,0.69102,0,2.8953,0,1.4897,0.69102,4.177,4.177,7.1686,46.809,12.874,7.1303,3.2877,5.1806,7.0147,6.0367,1.4056,0,0,2.8203,49.545,13.4,13.202,7.0504,5.8492,0.69102,0,0.052083,0.94792,0,0,0,0,1,0,0,0,0,1,0,0,0
0,0,8.8229,3.5605,33.367,48.846,0,1.9911,0.27953,3.1326,0,2.9306,1.1525,7.0143,7.9415,9.5238,23.309,16.388,15.831,1.5579,7.9903,6.361,8.0143,2.4377,0,0,6.3612,28.766,17.37,22.91,6.4085,4.9925,2.7404,0,0,0.88571,0.014286,0.1,0,0,1,0,0,0,0,1,0,0,0
0,0,0,1.4071,4.2676,78.076,0,6.4498,6.2036,3.5954,0,3.0463,1.3445,3.9527,0.758,7.7481,60.517,12.162,2.1025,2.9,3.0089,2.4598,0.64914,0.758,0,0,0,66.721,10.011,4.0961,0.758,6.0552,10.952,0,0,0.94059,0.059406,0,0,0,1,0,0,0,0,1,0,0,0
0,0,1.0608,7.5805,12.788,65.504,0,5.7857,1.9871,5.2942,0,11.761,0.83018,3.5828,1.7339,12.774,37.72,14.666,6.6525,4.33,2.149,3.8012,4.3344,1.6944,0,1.0213,1.5957,37.134,24.011,11.473,3.7007,6.2226,8.8133,0,0.044444,0.95556,0,0,0,0,1,0,0,0,0,1,0,0,0
0.53812,0.53812,8.0391,0,5.9605,62.234,4.1731,4.2994,11.681,2.5372,0,0,0,5.1256,7.2597,13.424,42.544,8.7493,7.7338,0,8.7883,6.3749,0.58742,8.0391,0.53812,0,8.4666,49.438,11.213,3.2493,3.0753,4.4088,10.984,0,0,0,0.5102,0.4898,0,0,1,0,0,0,0,1,0,0,0
0,0,4.955,2.7455,10.422,60.195,0.93651,5.5889,12.088,3.0686,0,7.4883,1.0608,9.2442,1.9047,20.291,31.547,3.7989,13.601,3.6926,5.4642,1.9069,0,5.8915,0,2.7455,5.2781,45.439,14.221,6.2097,0.53038,8.2124,11.473,0,0,0,0.54839,0.45161,0,0,1,0,0,0,0,1,0,0,0
0,0,0,7.804,12.543,59.14,0.80431,4.9373,4.0577,10.714,0,17.145,3.9447,4.7624,0.80431,9.3198,35.692,11.979,7.6492,3.1573,2.2446,3.3009,3.7109,3.1959,0,3.1589,1.7135,37.265,16.865,15.194,2.1329,7.6013,9.162,0,0.092308,0.84615,0.015385,0.046154,0,0,1,0,0,0,0,1,0,0,0
0,0,0,6.8493,18.246,44.844,0.75181,12.57,4.7428,11.996,0,17.184,8.1368,8.5393,0.75181,15.236,14.563,11.467,10.756,3.9891,2.5586,6.817,2.8602,0.75181,0,0.56729,5.952,19.16,22.067,14.528,3.6405,11.923,18.55,0.022989,0.96552,0.011494,0,0,0,0,1,0,0,0,0,1,0,0,0
0,0,7.2795,10.875,33.06,46.182,0,0,0,2.6041,0,2.6041,0,8.2598,9.1496,5.1795,17.182,16.043,18.053,5.6767,11.497,6.3546,3.9872,0.88984,0,0,7.2795,20.957,20.74,25.625,10.839,9.6826,0,0,0,0,0,1,0,0,1,0,0,0,0,1,0,0,0
0,0,6.3549,11.051,18.94,58.636,0,0.62068,0,4.3976,0,2.5338,0.62068,1.7521,2.538,13.472,35.907,15.833,5.3131,6.8167,5.1275,10.086,9.8736,3.3019,0,0,1.3228,35.684,20.356,11.813,9.5453,6.8298,1.273,0,0,0,0.11538,0.88462,0,0,1,0,0,0,0,1,0,0,0
0,0,1.181,8.9443,12.02,61.6,0,7.8987,1.5775,6.7781,0,12.199,7.1709,3.8161,1.181,10.96,31.245,13.343,6.8456,4.4422,1.7531,7.0446,5.1436,1.7222,0,1.7222,5.498,32.281,16.675,18.68,0.57214,5.9746,11.73,0,0.090909,0.22727,0.045455,0.63636,0,0,1,0,0,0,0,1,0,0,0
0,0,0,14.11,12.981,50.71,0,8.9451,1.3938,11.861,0,27.655,2.7877,5.8664,0,8.7995,20.395,15.23,7.1146,2.9331,1.3938,7.8246,7.8246,3.352,0,3.352,4.4726,15.504,23.884,13.819,4.3269,10.193,13.272,0,0,0,0.80392,0.19608,0,0,1,0,0,0,0,1,0,0,0
0.28979,5.0303,18.843,1.9565,0.32117,28.673,28.909,4.2163,11.439,0.32117,0,3.8154,1.6672,9.8305,0.29657,14.529,33.376,25.638,0.88458,0,2.8003,7.1625,6.6222,7.9175,14.356,13.548,18.193,10.615,12.772,0.32117,0,8.5882,7.0673,0,0,0,0.021505,0.97849,0,0,1,0,0,0,0,1,0,0,0
0,2.8345,17.496,0.45786,0,32.997,23.808,6.8341,12.927,2.645,0,4.0547,3.1028,7.9418,2.9889,18.992,30.318,21.412,4.3867,0,0.81389,5.9889,4.6167,9.7012,4.5642,11.5,20.235,15.021,11.956,2.645,0,8.3997,11.362,0,0.75,0.11667,0.11667,0.016667,0,0,0.5,0.5,0,0,0.8,0.2,0,0,0
3.1635,7.6036,20.688,2.6284,0.78431,31.527,18.025,1.1224,12.181,2.2755,0,10.923,2.7607,7.2179,1.4912,12.333,26.604,22.773,1.4912,0,8.4418,5.9644,11.029,9.2771,9.2062,15.938,12.253,17.523,9.1947,2.2755,0,8.3122,4.9915,0,0,0,0,1,0,0,1,0,0,0,0,1,0,0,0
1.7136,5.0824,14.682,3.2491,1.4138,41.469,13.397,1.1806,15.193,2.6185,0,6.3543,4.5881,6.3308,1.5172,14.265,33.166,19.506,1.7553,0,5.8016,6.7158,6.9507,8.3041,6.428,9.5752,9.7888,18.305,21.047,2.6185,0.60839,9.4152,6.9587,0,0,0,0.011494,0.98851,0,0,1,0,0,0,0,1,0,0,0
0,4.0275,18.934,1.2544,0,48.432,15.354,1.1623,9.8584,0.97637,0,2.4307,1.6036,8.4239,2.2741,14.396,45.95,15.42,0.97637,0,2.4097,6.116,8.5814,6.4341,9.888,8.766,7.5479,27.876,18.909,0.97637,0,6.3088,4.7119,0,0.010753,0.98925,0,0,0,0,1,0,0,0,0,1,0,0,0
2.3528,5.2917,16.743,0.79482,1.9619,57.16,5.0063,0.76575,8.4816,1.4421,0,7.9366,1.8918,3.4293,1.9475,15.372,46.889,9.7963,1.198,0,5.9251,5.6137,10.042,5.1818,3.7752,7.1849,3.4584,32.776,24.885,1.7335,1.7163,5.3161,3.9313,0,0.11765,0.88235,0,0,0,0,1,0,0,0,0,1,0,0,0
1.4025,0.53018,7.8536,1.4476,4.288,84.478,0,0,0,0,0,1.8031,0.72382,0.66796,1.0668,11.565,73.065,7.7183,0,0.53018,2.5252,0.33398,6.0613,3.24,0.53018,0,0.58517,64.989,23.192,0.33398,1.0685,0,0,0.011628,0,0.98837,0,0,0,0,1,0,0,0,0,1,0,0,0
0,4.7197,25.171,1.8902,0.50141,38.867,18.332,3.3859,5.0499,2.0824,0,6.3007,3.2846,2.5833,2.1831,18.846,34.46,18.837,4.0305,0,3.5319,5.9431,8.2002,13.525,10.383,10.637,10.057,21.075,15.604,2.0824,0,2.4533,5.9825,0.029412,0.058824,0.76471,0.11765,0.029412,0,0,1,0,0,0,0,1,0,0,0
0,0.51844,13.667,1.0212,0.71558,80.395,0.56497,1.5618,1.5553,0,0,0,0.51062,1.0369,2.4808,17.441,67.712,3.6664,1.5618,0,2.9914,2.5987,7.953,4.6554,2.0802,0.51844,0.56497,62.925,18.186,0,0,1.0369,2.0802,0,0.015873,0.98413,0,0,0,0,1,0,0,0,0,1,0,0,0
0.37219,2.2507,12.668,2.7718,1.2019,71.672,3.5188,1.4492,3.4184,0.67684,0,2.6543,2.0627,1.8791,0.36556,13.393,62.999,8.3559,1.8148,0,2.6879,3.7878,3.5768,8.9332,4.1695,3.39,1.4466,50.451,22.116,0.67684,0.37219,2.0352,2.8324,0.071429,0.19643,0.73214,0,0,0,0,1,0,0,0,0,1,0,0,0
0,0,2.2154,0,0.64491,93.24,3.3304,0,0.56883,0,0,0,0,0,0.73846,9.5582,86.203,2.7615,0,0,0.73846,0,2.2154,0,0,0,3.3304,85.316,8.569,0,0,0,0.56883,0,0.14545,0.85455,0,0,0,0,1,0,0,0,0,1,0,0,0
0,0,2.0979,0,2.1035,91.694,3.3042,0,0.80048,0,0,0,0,0,0.69931,12.199,82.72,3.6819,0,0,0.69931,0,2.0979,0,0,0,3.3042,81.968,11.829,0,0,0,0.80048,0.072464,0.10145,0.82609,0,0,0,0,1,0,0,0,0,1,0,0,0
10.806,6.6363,15.961,1.9592,1.2001,32.624,16.017,0,13.526,1.2701,0,15.783,2.9256,3.4575,0.34364,11.602,24.24,27.285,0.34364,0,8.1623,5.8574,14.148,7.1723,7.6538,14.949,11.818,16.29,11.444,1.5437,1.4547,7.0545,6.4717,0,0,0,0.051546,0.94845,0,0,1,0,0,0,0,1,0,0,0
5.1321,6.9503,20.331,3.5221,0.34334,43.445,11.072,0,8.8037,0.40124,0,11.149,2.0111,5.9582,0.71673,10.496,36.524,19.553,0.40124,0,7.0588,6.131,13.492,8.3556,6.8013,11.678,9.5271,22.523,15.999,0.74458,2.0754,5.4754,3.3283,0,0,0.85714,0.090909,0.051948,0,0,1,0,0,0,0,1,0,0,0
14.3,5.7363,12.37,1.993,1.2053,36.646,9.2066,0,17.729,0.81376,0,19.992,1.2088,7.1063,0,10.728,25.761,24.929,0,0,8.0208,2.2548,14.376,5.5818,5.1709,13.104,3.4375,18.782,16.749,1.2053,3.8652,10.869,6.8594,0,0,0,0,1,0,0,1,0,0,0,0,1,0,0,0
16.535,5.9404,19.681,1.3258,1.829,39.379,7.328,0,6.2977,0.83528,0.84861,18.693,1.1313,6.916,0,11.102,28.228,18.253,0,0,8.9991,6.6779,23.688,4.7196,5.8962,9.2682,11.656,18.593,14.69,2.6777,2.5145,4.3002,1.9975,0.17949,0.038462,0.62821,0.089744,0.064103,0,0,1,0,0,0,0,1,0,0,0
20.018,5.3,16.865,3.3934,0.96863,33.671,8.3302,0,10.904,0.54944,0,21.932,1.2061,10.513,0,9.5318,22.478,20.208,0,0,9.5389,4.592,28.688,3.8126,6.36,8.6934,13.607,17.185,8.1275,0.96863,1.6537,8.4634,2.4406,0,0,0,0,1,0,0,1,0,0,0,0,1,0,0,0
9.3518,4.5269,12.107,2.5761,5.1369,57.335,1.8717,0,5.0841,0.80713,1.2034,11.498,1.8985,4.9578,0.42966,13.554,45.012,12.858,0,0.49621,4.7715,4.5235,12.621,5.3308,2.0535,4.7384,2.6278,33.542,27.152,3.3595,3.4904,3.3389,1.7452,0,0.032258,0.96774,0,0,0,0,1,0,0,0,0,1,0,0,0
18.907,7.0454,13.545,0.65418,1.1448,37.633,6.2508,0,8.5659,0,6.2536,15.341,0,6.2871,0,10.195,26.031,19.584,0,4.3563,5.2117,12.994,9.7362,4.4633,8.4283,7.7008,4.3714,20.494,15.151,11.755,4.9777,9.2934,3.6288,0,0,0,0,1,0,0,1,0,0,0,0,1,0,0,0
17.543,4.084,6.6306,0.68972,2.7964,55.49,1.4873,0,4.1704,0.28587,6.823,18.657,0.51075,1.9359,0,12.356,37.884,14.484,0,2.0564,3.1073,9.0084,11.195,2.3033,3.1411,3.0728,1.5663,31.604,25.558,8.5663,7.3655,3.9256,1.7023,0.39286,0.089286,0.44643,0.071429,0,0,0,1,0,0,0,0,1,0,0,0
3.2951,2.3361,3.9967,0,10.724,78.291,0,0,0,0,1.3568,3.4153,0,1.2121,0,16.907,62.241,11.199,0,2.3361,0.72617,1.9629,2.6645,1.3322,2.3361,0,2.6803,57.773,28.562,1.9629,2.6891,0,0,0,0.011628,0.98837,0,0,0,0,1,0,0,0,0,1,0,0,0
0.11929,2.0833,18.762,9.1657,17.048,14.898,6.035,1.1557,16.356,0.095297,14.281,12.279,11.076,3.2794,2.5315,6.4932,7.169,13.272,6.8677,5.7865,7.6409,23.605,15.48,6.3531,6.4343,0.73077,2.2887,2.1094,7.8372,11.624,17.263,12.475,17.404,0.67308,0.32692,0,0,0,0,0,0.98077,0.019231,0,0,0.096154,0.90385,0,0,0
11.087,3.1068,3.6571,0,4.6709,71.477,0,0,0,0,6.0018,7.6806,0,1.5185,0,10.972,52.131,14.264,0,3.1068,0.45981,9.8678,2.4381,1.219,3.1068,0,3.2873,47.199,25.661,9.8678,4.114,3.1068,0,0.25,0.11765,0.29412,0.044118,0.29412,0,0,1,0,0,0,0,1,0,0,0
3.1696,3.3535,15.316,5.3714,9.7349,23.339,9.1995,18.34,10.244,1.1334,0.79772,16.771,17.535,1.6171,6.7566,11.037,11.294,7.9003,4.4048,6.561,9.3474,6.7751,25.06,10.454,6.0095,7.9238,14.061,0,5.5641,3.6551,2.7848,16.424,8.0645,0,0.86842,0.13158,0,0,0,0,1,0,0,0,0.89474,0.10526,0,0,0
1.5175,2.2509,15.405,5.3854,10.225,26.136,17.933,13.395,4.8153,0.89494,2.0417,13.67,16.596,3.4412,6.8738,10.375,11.553,3.8952,4.1303,5.9203,13.819,9.7266,38.679,13.982,6.2935,5.4855,7.1557,0,3.1586,6.9678,3.1144,9.6899,5.4736,0.014925,0.67164,0.28358,0.029851,0,0,0,0.10448,0.89552,0,0,0,0.14925,0.85075,0,0
1.0923,4.8654,19.379,7.001,8.5321,25.762,11.519,11.607,3.5178,2.4187,4.3061,15.17,10.28,6.0232,4.4661,9.6235,11.177,7.3464,5.5689,5.2863,9.7571,15.301,28.946,11.392,7.3645,5.2532,8.3578,0.87447,9.1627,8.4418,6.1155,6.4154,7.6765,0.091837,0.87755,0.030612,0,0,0,0,0.89796,0.10204,0,0,0.30612,0.55102,0.14286,0,0
3.2102,4.6653,16.481,8.5606,9.2963,25.835,7.8362,14.589,6.2885,1.6911,1.5472,18.762,12.907,4.5553,6.6743,11.419,10.141,5.7384,5.6279,4.152,11.077,8.9462,22.925,10.546,6.892,4.0897,13.115,0.49957,6.0319,7.3295,6.2505,13.284,9.0366,0,0.57377,0.39344,0.032787,0,0,0,0.7377,0.2623,0,0,0,0,1,0,0
0,0.56988,0,0,0,98.489,0,0,0.94123,0,0,0.47062,0,0,0,3.1866,69.835,25.468,0.56988,0.47062,0,0,0,0,0.56988,0,18.811,74.57,5.1075,0,0,0.47062,0.47062,0,0,0.92308,0.076923,0,0,0,1,0,0,0,0,1,0,0,0
1.353,7.0904,7.7842,12.735,13.657,24.57,8.0695,6.5264,9.6882,0.58048,7.9455,15.696,7.9617,12.192,9.5498,5.5904,4.1493,13.769,5.3708,3.5598,9.9578,12.203,13.362,9.687,7.6802,2.7184,5.6644,4.2638,11.248,8.1121,13.478,9.9188,13.867,0,0.98214,0.017857,0,0,0,0,1,0,0,0,0,1,0,0,0
0,0,1.0098,0,4.2599,84.72,5.0164,0,3.4107,1.5834,0,2.0196,0.57358,1.0098,0.43624,11.341,73.349,10.697,0,0.57358,0,0,0,1.0098,0.43624,0,10.014,68.894,14.078,1.0098,0.57358,2.157,1.8273,0.030303,0.25758,0.71212,0,0,0,0,1,0,0,0,0,1,0,0,0
0,0.40326,2.7272,11.463,45.069,31.376,1.7011,0.48388,4.5331,2.2433,0,2.6466,2.6466,6.235,5.8641,16.154,27.732,11.355,9.0819,7.8063,8.2355,2.2433,0,1.3785,0.88714,0.40326,4.1381,8.6637,46.763,12.751,15.19,3.4531,6.3731,0,0.71053,0.28947,0,0,0,0,1,0,0,0,0,1,0,0,0
0.40528,1.9708,1.4398,15.173,30.525,39.983,3.7573,0.48298,5.4236,0.8398,0,3.0948,1.5614,8.5293,14.058,11.915,22.582,11.459,10.021,10.962,5.2662,0.55149,0,1.1175,2.1655,1.5614,4.8832,14.489,32.936,15.895,17.881,5.6429,3.4277,0,0.23288,0.76712,0,0,0,0,1,0,0,0,0,1,0,0,0
5.5413,5.3778,4.7234,0,3.3538,52.731,11.434,0,8.269,7.505,1.0646,11.769,5.9117,5.4162,5.8422,10.961,35.369,13.505,4.3608,2.1635,2.284,2.4181,1.552,4.9767,5.1421,4.732,18.32,30.097,15.345,3.6957,5.2892,5.9467,4.904,0,0.04878,0.95122,0,0,0,0,1,0,0,0,0,1,0,0,0
1.4815,2.2074,6.1929,0.72586,7.7489,50.504,6.8746,6.0303,15.334,2.9007,0,0.72586,1.4517,5.5491,6.3519,23.119,26.849,8.3561,7.7979,0,6.0758,13.723,1.4517,6.1929,2.2074,0,14.02,35.043,11.449,3.8893,4.3822,4.056,17.308,0,0,0,0.66972,0.33028,0,0,1,0,0,0,0,1,0,0,0
0.38744,3.8865,5.4078,4.5198,13.827,51.077,12.515,5.5568,1.9212,0.90164,0,4.0323,0.77487,12.892,2.9993,10.977,22.612,4.7206,13.288,9.1196,11.014,7.572,0.77487,5.6876,5.2758,7.0353,16.988,29.185,12.68,7.3719,6.5501,4.3013,4.1502,0,0,0.059829,0.90598,0.034188,0,0,1,0,0,0,0,1,0,0,0
1.5602,1.5602,2.3758,2.0826,19.001,52.543,5.4779,5.0032,10.396,0,0,4.2807,0,8.5254,5.0897,17.671,28.389,5.6514,12.185,3.6715,7.1819,7.3536,0,3.2195,1.5602,3.6715,7.4225,35.287,20.946,10.338,2.2885,6.6035,8.6635,0,0.018018,0,0.52252,0.45946,0,0,0.98198,0.018018,0,0,0.009009,0.99099,0,0,0
2.1504,5.4734,2.4411,5.6132,20.118,48.33,10.808,3.5163,1.0522,0.4976,0,4.4166,0,12.814,2.4647,15.474,13.329,2.7844,12.452,9.66,11.923,14.683,0,5.0175,7.1918,5.6127,14.206,15.566,20.564,12.611,10.477,4.2802,4.4735,0.024691,0.32099,0.12346,0.53086,0,0,0,0.87654,0.12346,0,0,0.12346,0.87654,0,0,0
1.7506,11.342,3.3004,3.5259,22.724,30.787,13.041,10.474,1.7466,1.3092,0,2.0442,0.73501,18.695,2.2167,12.863,12.797,4.079,10.778,12.385,13.91,9.4961,0.73501,6.3381,15.817,9.6687,9.0015,12.546,17.506,14.066,10.9,2.2508,1.1725,0,0,0.027027,0.37838,0.59459,0,0,1,0,0,0,0,1,0,0,0
1.9455,6.9965,12.209,7.1805,16.084,26.283,7.5237,8.4821,7.7308,3.5792,1.9858,11.952,9.4467,8.0297,4.0232,10.042,13.699,5.3682,8.6636,9.5168,9.9671,9.2913,10.67,5.6574,9.1843,5.1138,14.137,3.2273,9.4032,10.22,13.374,10.244,8.7688,0.063492,0.6746,0.2619,0,0,0,0,0.96032,0.039683,0,0,0,0.7619,0.2381,0,0
1.7637,4.7784,11.065,11.131,13.646,36.938,3.891,5.881,5.5277,3.9245,1.4543,11.45,6.2681,5.4075,9.0685,9.3194,21.155,9.9148,6.523,6.6543,7.9173,6.3218,6.8465,4.7041,4.3794,1.1709,19.856,9.6411,10.897,10.587,12.584,11.93,7.4044,0,0.17614,0.59091,0.23295,0,0,0,1,0,0,0,0,0.71023,0.28977,0,0
0.83433,6.072,3.2793,11.378,21.838,39.017,8.929,3.5044,2.9745,2.1739,0,5.0581,2.7542,12.813,7.2835,8.8356,16.918,4.2923,12.064,12.922,10.107,6.9537,1.3232,4.1244,7.6629,4.6224,12.366,5.3987,23.947,16.433,14.981,6.1444,2.9979,0,0,0.018519,0.9537,0.027778,0,0,1,0,0,0,0,1,0,0,0
0.88823,2.5678,4.1402,12.812,25.181,41.592,5.1261,1.265,4.4404,1.9869,0,5.6332,5.1252,12.092,11.443,10.84,24.385,6.2051,7.9048,7.6875,6.2115,2.4731,0,1.3612,3.8328,2.2719,13.008,13.184,25.202,15.071,11.317,10.892,3.8596,0.045455,0.0090909,0.19091,0.75455,0,0,0,1,0,0,0,0,1,0,0,0
2.2931,6.8383,8.0315,9.4698,18.588,33.262,8.5961,6.7071,3.9156,2.0272,0.27198,8.0415,6.859,12.386,5.5688,6.6766,14.987,5.2155,8.0025,10.405,12.248,9.6112,4.9514,5.664,10.47,6.176,16.467,7.27,11.64,14.217,11.541,4.8678,6.7367,0.03125,0.125,0.44531,0.27344,0.125,0,0,0.98438,0.015625,0,0,0,0.78125,0.21875,0,0
0,0,1.0895,2.2611,23.043,46.555,3.8936,7.4882,8.313,7.3567,0,11.294,2.9411,14.891,6.2408,14.246,19.953,9.0247,12.832,0.73663,5.644,2.1979,1.5232,5.721,0,0.73791,5.7683,31.542,16.951,16.022,1.4705,7.485,12.779,0,0,0,0.47959,0.52041,0,0,1,0,0,0,0,1,0,0,0
0,0,0,11.778,16.583,47.398,1.4005,4.6666,3.866,14.307,0,20.375,8.945,5.9637,1.4005,10.694,19.39,7.3532,10.632,5.1144,2.4467,7.6852,3.332,4.7325,0,4.0353,5.0377,21.247,16.62,22.749,3.2207,7.5012,11.524,0,0.2069,0.5,0.2931,0,0,0,1,0,0,0,0,1,0,0,0
0.40772,3.6368,3.8476,10.507,27.47,36.449,7.0501,5.6222,3.6768,1.3333,0,2.7087,0.67695,12.949,6.8032,7.6615,19.545,4.4003,10.326,14.693,13.971,6.2655,0,3.4725,7.1093,4.4833,10.846,15.047,17.543,16.855,16.206,3.365,5.0728,0.036364,0.36364,0.58182,0.018182,0,0,0,0.98182,0.018182,0,0,0.018182,0.98182,0,0,0
3.8093,0.92112,4.4662,10.537,19.686,41.937,7.1561,0.2449,5.4351,4.6296,1.1771,9.1545,5.3357,7.3185,9.9315,8.9327,26.881,15.443,6.9778,3.5653,3.8894,2.5707,0,0.624,0.86361,3.8654,17.911,10.831,30.499,10.389,15.216,5.7592,4.0418,0,0,1,0,0,0,0,1,0,0,0,0,1,0,0,0
1.2964,1.5348,1.8963,0,0,78.198,5.4321,0,7.8498,3.3605,0.43213,4.8953,1.2258,1.4642,1.5348,9.3429,70.495,6.0765,1.5348,0.3615,1.5348,1.5348,0,0.79363,0.43213,0.43213,7.813,66.12,10.199,0.79363,4.1017,4.8247,4.4893,0,0.042254,0.95775,0,0,0,0,1,0,0,0,0,1,0,0,0
2.4814,2.1283,3.0338,0,1.2733,72.659,5.1018,0,6.6954,6.0209,0.60639,7.2069,3.0951,2.7069,2.476,7.8349,59.969,10.186,2.0939,1.2545,1.4317,1.7456,0.34833,2.2086,1.6163,0.60639,12.237,53.727,13.029,2.5224,4.6162,6.4624,2.6267,0.056338,0.23944,0.70423,0,0,0,0,1,0,0,0,0,1,0,0,0
5.7914,2.3798,3.1755,1.9804,8.3999,47.151,13.612,0,8.6181,5.9507,2.9413,9.0458,7.6769,7.4194,6.2658,12.794,29.627,15.096,5.5677,1.5625,2.8162,2.128,0,2.1353,2.8684,5.8663,21.84,22.725,20.722,7.1984,6.1346,7.6433,2.8669,0,0.125,0.875,0,0,0,0,1,0,0,0,0,1,0,0,0
3.5601,4.0784,4.4081,0.33337,5.1914,43.329,11.563,0,13.759,12.379,1.398,11.896,7.3631,9.4191,6.0572,10.004,24.445,17.264,5.8844,1.9968,2.387,3.2828,0.85232,3.2845,3.7205,4.4138,20.107,16.064,19.592,5.631,8.6634,11.019,6.6516,0.015385,0.21538,0.76923,0,0,0,0,1,0,0,0,0,1,0,0,0
0,9.7308,3.1087,5.6734,5.7307,60.388,2.321,2.6632,9.3138,1.0707,0,5.7539,5.7389,3.0675,4.5519,10.742,32.667,18.349,4.4672,3.0907,1.1976,10.374,1.0707,1.1976,10.571,0,21.318,32.145,10.955,3.8947,3.2356,13.306,2.306,0,0,0,1,0,0,0,1,0,0,0,0,1,0,0,0
0,10.369,1.6043,3.2578,4.7582,63.91,1.0283,0.57606,13.468,1.0283,0,5.7607,4.7324,4.1822,2.2049,11.191,33.474,19.35,3.1294,8.6114,0.57606,6.789,1.0283,0.57606,10.369,0,17.775,31.318,18.502,2.5533,1.1521,16.725,0,0.032967,0.10989,0.20879,0.50549,0.14286,0,0,1,0,0,0,0,1,0,0,0
1.1802,2.447,2.5302,8.3713,16.612,59.19,3.7881,0.82803,4.5312,0.52199,0,4.4242,4.9001,7.3428,7.7007,12.584,28.046,19.736,6.8573,4.8036,0.52199,3.0831,0,0,3.275,1.894,19.528,22.196,25.045,11.394,8.8376,5.6528,2.1781,0.0071429,0.021429,0.021429,0.95,0,0,0,1,0,0,0,0,1,0,0,0
4.2419,3.4835,1.9752,4.9163,10.538,58.266,9.5297,0,4.9679,1.0408,1.0408,7.8734,3.6315,10.186,7.0129,13.511,28.791,22.808,1.6563,1.6604,0,2.868,0,0,3.4835,4.6724,28.312,25.713,20.482,4.8625,4.2419,8.233,0,0.030928,0.051546,0.061856,0.85567,0,0,0,1,0,0,0,0,1,0,0,0
0,8.8233,10.229,0,0.8135,63.358,2.3965,0.8135,9.5052,4.0604,0,4.0419,4.3232,0.83192,0.8135,10.814,34.715,20.226,4.3232,7.7973,0.8135,11.301,5.9062,0.8135,12.333,0,18.52,39.356,11.107,0.83192,1.627,8.6733,0.83192,0.17722,0.10127,0.72152,0,0,0,0,1,0,0,0,0,0.41772,0.58228,0,0
2.8845,3.0281,1.7397,7.0118,13.921,46.47,9.7282,0,8.7153,4.6044,1.8976,8.3268,5.3708,16.523,11.083,11.242,17.407,16.445,7.6691,2.5317,1.7397,1.6616,0,0.71524,2.7384,5.1813,14.795,15.769,27.93,11.021,7.424,12.278,2.1497,0,0.013158,0.40789,0.57895,0,0,0,1,0,0,0,0,1,0,0,0
3.3311,2.7261,3.6512,0.44965,9.2012,43.534,14.422,0,10.696,7.6832,4.3052,11.617,8.7732,8.9415,8.8247,11.787,18.363,18.618,8.694,0.44965,2.2764,1.6557,0,1.6155,2.5792,9.9542,16.567,10.259,32.216,9.1725,4.8664,10.42,2.3499,0.053333,0.026667,0.12,0.8,0,0,0,1,0,0,0,0,1,0,0,0
7.1184,7.2887,7.5308,0.20685,4.2016,39.875,12.435,0,12.059,6.5541,2.7302,14.438,8.4245,6.1091,8.0896,14.227,16.879,15.052,6.3367,2.1438,5.102,3.1991,1.3615,7.1072,5.8438,6.3619,20.964,13.566,19.67,4.7792,6.2032,11.14,3.0034,0,0.26316,0.73684,0,0,0,0,1,0,0,0,0,1,0,0,0
7.3497,4.643,5.4984,0,3.6356,37.527,12.986,0,11.698,14.21,2.4523,12.689,8.8801,10.718,5.1699,8.5132,18.309,20.67,5.8647,1.5727,2.7628,4.8501,1.4775,4.4879,4.3303,6.4813,25.463,9.5912,18.075,5.5764,10.261,7.661,6.5952,0,0.028169,0.38028,0.59155,0,0,0,1,0,0,0,0,1,0,0,0
0,0.98565,1.2724,0,6.6872,82.971,2.9809,0,2.2781,2.8248,0,2.5448,1.5524,2.361,0.80859,12.996,61.979,15.22,1.0886,1.4495,0,0,0,1.2724,1.7942,1.0886,8.4927,56.401,25.384,1.2724,1.5524,2.2,0.54187,0,0.014706,0.98529,0,0,0,0,1,0,0,0,0,1,0,0,0
1.2106,2.5699,0.85025,0,13.824,72.954,4.1732,0,0.85025,3.5679,0,2.9111,3.323,4.1732,1.4556,16.394,54.573,12.488,2.7177,1.9646,0,0,0,0.85025,3.4202,4.5336,8.9504,48.634,29.194,0.85025,2.7177,0.85025,0,0.28333,0.083333,0.43333,0.05,0.15,0,0,1,0,0,0,0,1,0,0,0
5.6329,4.9435,3.2045,0,4.0969,58.345,9.562,0,6.0602,7.9241,0.23122,11.499,7.6535,7.7681,3.9029,11.402,36.69,10.407,4.5948,3.3186,1.2718,1.4927,1.453,4.2441,4.3536,8.3152,16.782,25.889,20.465,2.3838,6.912,5.6522,3.5499,0,0,1,0,0,0,0,1,0,0,0,0,1,0,0,0
5.7185,3.7064,3.1141,0,3.7688,65.104,7.6603,0,6.1161,4.8117,0,14.713,4.2925,7.4528,5.3336,10.287,36.438,17.244,1.1116,2.0337,0.54682,0.54682,0.56479,4.2077,6.3199,7.9593,15.996,34.408,16.349,3.1141,3.02,5.9446,2.1159,0.24615,0.046154,0.46154,0.030769,0.21538,0,0,1,0,0,0,0,1,0,0,0
13.863,8.0517,3.746,0,7.3204,34.846,11.501,0,10.709,9.9628,0,14.415,9.9179,7.4862,7.5465,9.0123,15.308,10.591,4.7185,7.2189,6.7782,7.0077,1.5353,12.118,4.105,16.082,13.264,12.174,12.509,4.5871,11.162,7.5708,4.8923,0,0.044444,0.2,0.44444,0.31111,0,0,1,0,0,0,0,1,0,0,0
4.6625,3.7674,3.63,0,5.9786,44.636,16.513,0,10.273,10.539,0,21.259,8.6788,13.011,4.9047,7.885,21.467,8.9886,4.195,3.4076,3.1019,3.1019,1.3319,6.9606,7.6827,9.019,10.66,17.709,13.214,3.8789,11.942,9.4759,8.1265,0.16949,0.050847,0.40678,0.10169,0.27119,0,0,1,0,0,0,0,1,0,0,0
5.2625,7.4093,7.402,0,2.726,38.284,19.325,0,8.8831,10.483,0.2257,26.979,8.757,13.55,7.5076,8.6193,12.668,10.819,2.8627,1.8161,3.182,3.24,3.0428,7.0076,11.434,8.7266,13.579,10.838,10.903,4.032,10.524,8.7982,11.115,0,0.092105,0.80263,0.10526,0,0,0,1,0,0,0,0,1,0,0,0
10.055,6.295,3.252,0,6.11,35.028,12.473,0,15.497,10.87,0.42024,16.855,10.409,9.151,5.4193,11.162,13.564,11.367,5.8473,6.0836,5.2172,4.9249,0.87007,9.2672,6.7355,9.1355,17.871,9.22,12.932,4.1177,11.054,12.506,6.2904,0,0.044776,0.40299,0.55224,0,0,0,1,0,0,0,0,1,0,0,0
8.0638,7.6543,4.366,0,1.8167,36.162,18.656,0,14.776,8.5045,0,32.758,9.122,18.765,4.667,6.4837,7.4177,7.6543,2.6708,4.4875,2.9873,2.9873,2.0248,6.8287,13.139,14.831,8.8095,6.8002,8.2719,0.85413,14.13,12.959,11.351,0,0,0,1,0,0,0,1,0,0,0,0,1,0,0,0
0.32985,0.3827,8.4906,6.4807,9.713,59.787,2.8072,6.5932,2.7766,2.2569,0.3827,5.6882,3.0793,1.768,11.391,6.3319,34.738,14.539,6.6276,3.3261,1.2487,11.262,3.0265,6.8982,4.5839,0.44243,19.681,27.628,16.094,9.7053,5.2779,2.4941,4.1679,0,0.22222,0.55556,0.22222,0,0,0,1,0,0,0,0,1,0,0,0
0,3.6796,12.725,0.3345,0.3345,76.878,0,1.1775,4.038,0.83249,0,7.5401,0,1.6296,0.669,22.251,51.11,9.1117,0,0,3.8965,3.7926,6.3626,4.2487,3.562,3.064,3.562,56.204,16.451,1.8465,1.512,2.01,1.1775,0.42222,0.088889,0.48889,0,0,0,0,1,0,0,0,0,0.48889,0.51111,0,0
0.5585,1.7407,6.547,1.7407,4.5984,48.319,8.8287,14.155,5.2425,8.2702,0,3.9747,4.0399,2.9331,8.2876,12.826,34.167,14.433,1.1924,0,7.3272,10.819,5.3961,6.547,2.2992,0.5585,8.5196,41.078,9.2906,0,8.2702,3.7308,14.31,0,0,0,0.37931,0.62069,0,0,1,0,0,0,0,1,0,0,0
0.43467,2.4466,8.6731,11.061,15.475,32.387,5.723,9.8266,5.8757,2.1341,5.9635,12.488,7.886,6.2052,8.6605,7.6867,17.29,11.988,4.6452,7.4028,5.1686,10.579,7.5273,9.0161,2.563,0.72464,12.345,13.476,10.425,10.029,15.659,8.2309,10.004,0,0,0.22951,0.77049,0,0,0,1,0,0,0,0,0.59016,0.40984,0,0
1.2485,4.576,3.9068,8.9572,22.224,40.414,12.22,2.0818,2.4684,1.9035,0,7.4775,0.95896,11.983,2.4386,9.4,12.039,2.2859,11.757,13.463,14.276,13.92,0.95896,2.4386,5.6204,5.6524,20.742,6.7459,17.317,13.304,13.139,7.9426,6.1389,0,0,0,0,1,0,0,1,0,0,0,0,1,0,0,0
31.759,2.4392,4.3517,0,8.7682,47.22,0,0,0,0,5.4618,30.309,0,2.9011,0,18.12,27.528,11.791,0,2.4392,0,6.9123,26.298,1.4506,2.4392,0,0,29.505,26.483,6.9123,6.9123,0,0,0,0,0,0,1,0,0,1,0,0,0,0,1,0,0,0
22.469,5.7603,13.072,0,8.8618,45.022,0,0,1.1547,0,3.6599,16.395,0,7.7341,0,15.127,34.282,9.7945,0,5.1829,0.58667,10.898,15.736,4.165,5.1829,0.57737,0,26.67,27.214,10.898,4.7424,4.2372,0.57737,0.14634,0,0.21951,0.12195,0.5122,0,0,1,0,0,0,0,1,0,0,0
0,0.9805,2.667,15.111,39.708,34.441,1.5371,0.26086,2.4766,2.8179,0,3.7984,2.5632,6.0756,14.193,9.6945,28.173,13.903,8.7449,6.8604,3.5883,2.4062,0,0.66042,0.82962,0.56876,3.1279,13.273,46.361,11.126,16.038,4.9359,3.0788,0,0.15385,0.84615,0,0,0,0,1,0,0,0,0,1,0,0,0
0,0,0.72704,7.9409,20.531,42.005,1.25,10.419,8.5309,8.5964,0,19.366,3.7744,6.5296,0.85767,20.426,16.741,6.538,13.394,4.7957,4.0969,3.4803,2.7227,1.7746,0,5.8433,3.6521,20.286,26.65,13.41,1.8872,11.236,12.539,0,0,0,0.65574,0.34426,0,0,1,0,0,0,0,1,0,0,0
8.1416,4.9215,4.7397,0,5.0725,42.849,10.334,0,13.087,10.373,0.48182,16,8.2735,9.8959,3.9705,9.8619,22.761,12.179,3.902,4.7017,4.1053,4.349,0.68361,8.5593,5.8407,9.5693,15.315,17.393,12.923,3.5964,10.209,11.143,4.7678,0,0.26786,0.73214,0,0,0,0,1,0,0,0,0,1,0,0,0
8.0317,3.7173,4.4736,0.51761,7.9214,43.241,11.139,0,13.02,6.9069,1.0311,13.18,6.7413,11.575,5.834,14.138,16.01,20.533,5.1686,0.71003,3.1997,2.9105,0,2.3789,3.5702,2.6302,28.663,12.157,22.088,5.309,10.068,9.3778,3.7587,0,0.32353,0.61765,0.058824,0,0,0,1,0,0,0,0,1,0,0,0
