h1,h2,h3,h4,h5,h6,h7,h8,h9,h10,h11,h12,h13,h14,h15,h16,h17,h18,h19,h20,h21,h22,h23,h24,h25,h26,h27,h28,h29,h30,h31,h32,h33,h34,h35,h36,h37,h38,h39,h40,h41,h42,h43,h44,h45,h46,h47,h48,label
0,0,0,0,0.2766,99.723,0,0,0,0,0,0,0,0,2.3477,38.805,53.435,5.4117,0,0,0,0,0,0,0,0,12.086,69.759,17.878,0.2766,0,0,0,0,0,0,0.05,0.95,0,0,1,0,0,0,0,1,0,0,0
0,0,0,0,0,100,0,0,0,0,0,0,0,0,1.6337,30.486,56.614,11.266,0,0,0,0,0,0,0,0,19.26,38.401,42.339,0,0,0,0,0,0,0.92105,0.078947,0,0,0,1,0,0,0,0,1,0,0,0
0,0,0,0,0,100,0,0,0,0,0,0,0,0,0.81348,22.825,63.989,12.372,0,0,0,0,0,0,0,0,30.114,58.518,11.368,0,0,0,0,0,0,1,0,0,0,0,1,0,0,0,0,1,0,0,0
0,0,0,0,1.8546,98.145,0,0,0,0,0,0,0,0,2.8536,29.723,56.184,11.24,0,0,0,0,0,0,0,0,12.179,57.746,27.924,2.1513,0,0,0,0,0,1,0,0,0,0,1,0,0,0,0,1,0,0,0
0,0,0,0,0,100,0,0,0,0,0,0,0,0,1.3222,30.139,58.466,10.072,0,0,0,0,0,0,0,0,18.67,61.581,19.748,0,0,0,0,0,0,0.97619,0.02381,0,0,0,1,0,0,0,0,1,0,0,0
0,0,0,0,0,99.639,0,0,0.36059,0,0,0,0,0,0,13.123,70.672,16.206,0,0,0,0,0,0,0,0,32.739,62.872,4.0283,0,0,0.36059,0,0,0,0.95238,0.047619,0,0,0,1,0,0,0,0,1,0,0,0
0,0,0,0,0.28914,99.127,0,0.29213,0.29213,0,0,0,0,0,1.6739,14.511,72.204,11.319,0,0,0.29213,0,0,0,0,0,23.602,64.924,10.312,0.57828,0,0,0.58425,0,0,1,0,0,0,0,1,0,0,0,0,1,0,0,0
0.49638,0,0.23162,0.23162,0.26476,95.113,0,0.5948,2.34,0.72801,0,0.49638,0.23162,0.26476,0.5948,7.2702,74.16,15.891,0,0.26476,0.82642,0,0.23162,0,0.23162,0,21.116,72.985,1.7727,0,0.99277,1.4804,1.1896,0,0,1,0,0,0,0,1,0,0,0,0,1,0,0,0
1.167,0.34309,0.60461,0.26152,0.5624,94.156,0,0,1.8195,1.0854,0,1.167,0.26152,0.5624,0,4.6337,70.541,21.325,0.34309,0.5624,0.26152,0.34309,0.26152,0.34309,0.26152,0.34309,20.568,72.683,2.6349,0,1.6478,1.2571,0,0,0,0.91892,0.081081,0,0,0,1,0,0,0,0,1,0,0,0
2.4718,0.82658,1.7148,1.0645,1.2496,86.304,0.17635,0.60561,2.0134,3.2206,0.3527,2.2954,1.7517,0.89694,0.78196,5.6472,68.226,15.475,1.0029,1.0733,1.3357,1.5138,1.7517,0.66845,1.0645,1.1793,19.455,65.46,4.2287,0.51083,4.2939,0.17635,1.2112,0,0,1,0,0,0,0,1,0,0,0,0,1,0,0,0
0,0,0,0,7.7844,92.216,0,0,0,0,0,0,0,0,8.9965,19.571,61.931,9.0927,0.40876,0,0,0,0,0,0,0,7.6511,55.985,27.74,8.6236,0,0,0,0,0,0.27586,0.10345,0.62069,0,0,1,0,0,0,0,1,0,0,0
0,0,0,0,10.288,89.712,0,0,0,0,0,0,0,0,5.795,20.157,54.548,17.709,1.7914,0,0,0,0,0,0,0,3.4986,67.702,16.169,12.63,0,0,0,0,0,0,0.25,0.75,0,0,1,0,0,0,0,1,0,0,0
0,0,0,0,9.5493,90.107,0,0,0.34377,0,0,0,0.34377,0,5.5502,18.828,59.273,14.963,1.0426,0,0,0,0,0,0,0,0.4204,67.12,22.214,9.9016,0,0,0.34377,0,0,0.076923,0.53846,0.38462,0,0,1,0,0,0,0,1,0,0,0
0,0,0,0,3.4552,96.545,0,0,0,0,0,0,0,0,3.8455,18.565,67.743,9.847,0,0,0,0,0,0,0,0,12.357,65.793,17.408,4.4426,0,0,0,0,0,1,0,0,0,0,1,0,0,0,0,1,0,0,0
0,0,0,0,14.476,84.919,0,0,0.60551,0,0,0,0.60551,0,7.4263,18.84,56.645,13.341,3.1418,0,0,0,0,0,0,0,0.89892,61.238,19.616,17.641,0,0,0.60551,0,0,1,0,0,0,0,1,0,0,0,0,1,0,0,0
0,0,0,0,4.6336,95.366,0,0,0,0,0,0,0,0,1.1372,13.3,71.171,7.8776,6.5141,0,0,0,0,0,0,0,0,73.229,21,5.7708,0,0,0,0,0,0,0.16667,0.83333,0,0,1,0,0,0,0,1,0,0,0
0,0,0,0,0,100,0,0,0,0,0,0,0,0,0,14.005,69.173,15.648,1.1741,0,0,0,0,0,0,0,0,70.16,29.84,0,0,0,0,0,0,0,0.13793,0.86207,0,0,1,0,0,0,0,1,0,0,0
0,0,0,0,4.2486,95.258,0,0.26361,0.23015,0,0,0,0.23015,0,0.73039,19.563,59.303,19.179,0.73039,0,0.26361,0,0,0,0,0,0.26361,60.9,33.364,4.979,0,0,0.49375,0,0,1,0,0,0,0,1,0,0,0,0,1,0,0,0
0,0,0,0,0.4558,99.018,0,0.52659,0,0,0,0,0,0,0,12.773,66.677,18.891,1.1323,0,0.52659,0,0,0,0,0,0.52659,67.08,31.411,0.4558,0,0,0.52659,0,0,0.98795,0.012048,0,0,0,1,0,0,0,0,1,0,0,0
0,0,0.64056,0.58818,0,95.739,0.53579,2.2283,0.2679,0,0,0.32028,0,0.2679,1.1764,4.8907,80.19,10.466,0.408,0,1.6925,0.58818,0.32028,0.32028,0,0.85607,3.1518,79.805,12.782,0,0,0.80369,1.9604,0,0,0.92308,0.076923,0,0,0,1,0,0,0,0,1,0,0,0
0,0,0,0,3.0659,92.817,0,0.83831,2.6471,0.63123,0,0.63123,0.54633,0,3.3199,6.3798,80.874,6.7788,0,0,1.4695,0,0,0,0,0,10.92,72.473,7.7369,4.7531,0.63123,0.63123,2.8542,0,0,1,0,0,0,0,1,0,0,0,0,1,0,0,0
0,1.3948,0.89466,1.5166,0,83.358,4.9433,3.2718,4.3711,0.2501,0,4.5172,3.0459,1.917,1.9711,0.83858,79.169,3.3584,1.021,0.2501,1.1448,2.7671,2.4158,2.2128,2.2865,3.3363,3.7207,75.912,1.7831,0.77407,1.1653,4.877,1.5166,0,0,0.92754,0.057971,0.014493,0,0,1,0,0,0,0,1,0,0,0
0,0,0,0,6.0328,92.258,0,0,1.3793,0.33009,0,0.33009,0.71914,0,5.3482,10.466,73.608,8.8192,0.37995,0,0.33009,0,0,0,0,0,5.6684,74.002,12.207,6.4128,0.33009,0.33009,1.0492,0,0,0.94737,0.052632,0,0,0,1,0,0,0,0,1,0,0,0
0.46308,1.1238,3.0949,1.5869,1.0696,79.769,0.38417,1.5367,6.2681,4.7039,0,3.1999,2.7107,0.38417,3.8064,5.7325,67.721,8.9549,1.508,0.53481,2.4316,3.0159,3.479,1.3031,3.2742,1.1238,13.031,63.358,3.3081,2.1934,4.7039,2.2568,1.9685,0,0,0.98765,0.012346,0,0,0,1,0,0,0,0,1,0,0,0
0,1.971,4.4852,1.1309,2.3437,62.172,2.9326,7.0397,14.366,3.5588,0,13.939,5.5329,0.99113,7.1884,6.869,48.615,2.4609,4.1945,0.52925,3.8864,5.7933,6.5025,6.6007,9.3566,2.3632,10.506,47.571,3.1623,3.4858,2.3264,0.99113,7.1341,0,0.099237,0.87786,0.022901,0,0,0,1,0,0,0,0,1,0,0,0
0,0,0,0,3.3896,96.61,0,0,0,0,0,0,0,0,0,8.8782,85.483,5.639,0,0,0,0,0,0,0,0,1.5579,85.286,10.244,2.9115,0,0,0,0,0,0.93103,0.051724,0.017241,0,0,1,0,0,0,0,1,0,0,0
0,1.5498,0.98243,2.2968,1.2497,66.698,7.967,7.4097,9.428,1.2079,1.2106,13.006,4.3953,1.2724,5.3497,10.531,48.679,7.0207,2.7792,0,2.94,4.0266,8.1465,4.9721,5.8451,4.0146,13.929,49.233,4.9022,0.83178,1.1156,2.4076,4.6021,0,0.26966,0.68539,0.044944,0,0,0,1,0,0,0,0,1,0,0,0
0.096943,1.5287,0.40257,2.5475,2.5892,73.231,6.095,8.1011,4.5062,0.71872,0.18284,7.8629,4.727,2.1077,1.921,3.3902,63.276,7.6756,1.5474,1.1397,1.4723,4.8799,4.6143,4.8419,5.6087,4.3491,4.5956,61.777,3.5352,1.7588,0.72713,3.2154,4.9773,0,0,0.98214,0.017857,0,0,0,1,0,0,0,0,1,0,0,0
0.87396,4.46,1.4127,4.0958,4.5323,52.254,10.256,13.191,6.1324,2.1551,0.63705,13.055,8.2507,6.1657,6.0002,7.0055,33.874,7.1934,4.2659,3.5625,3.3841,7.2425,12.482,9.4151,12.855,7.0302,4.3018,31.524,2.1284,1.5785,2.5665,5.9484,10.17,0,0.23333,0.73333,0.033333,0,0,0,1,0,0,0,0,1,0,0,0
0,3.2104,5.4508,3.5779,1.2354,50.717,9.1631,9.113,12.584,3.0183,1.9302,22.161,4.322,1.5387,9.3268,5.2583,32.947,8.1251,5.731,0,4.7278,5.8616,8.8368,12.121,7.4528,7.8323,12.987,37.31,1.9856,0.32723,1.2742,3.4347,6.4374,0,0.94444,0.055556,0,0,0,0,1,0,0,0,0,1,0,0,0
0,0,0,0,0.41555,98.99,0,0,0.59397,0,0,0,0,0,0,5.2634,86.052,8.0906,0.59397,0,0,0,0,0,0,0,0.49981,89.511,8.9793,0.41555,0,0,0.59397,0,0,0.9322,0.067797,0,0,0,1,0,0,0,0,1,0,0,0
0.22595,2.7296,2.3292,4.3529,2.6632,51.68,12.62,11.34,7.2054,3.6256,1.2279,14.93,4.2406,2.8918,8.2597,6.6095,35.628,9.3135,4.6001,0.91771,5.6223,6.987,9.8805,10.427,7.8572,8.1456,12.064,34.271,1.8925,0.69775,1.8246,6.9118,6.0287,0,0.78846,0.19231,0.019231,0,0,0,1,0,0,0,0,1,0,0,0
0.21293,1.9682,1.9437,5.0242,1.6468,64.298,10.028,5.17,7.2491,2.0017,0.45661,12.317,3.0231,1.4475,4.9437,6.2902,44.971,11.092,4.5541,0.58219,3.8427,6.9366,8.097,6.9487,4.7544,5.9873,10.263,46.153,5.4687,0.6383,2.8251,2.8438,6.0209,0,0.020202,0.91919,0.060606,0,0,0,1,0,0,0,0,1,0,0,0
5.2992,1.2258,2.5375,0.39493,2.4791,81.001,0,0,3.911,3.1517,0,5.4164,0.39493,1.9621,0.517,6.1364,56.164,23.284,1.6256,1.9621,0.91193,1.6256,0.79472,1.2258,0.91193,1.6256,18.81,56.77,11.883,0.91679,5.1138,0.91496,1.034,0,0.068182,0.81818,0.11364,0,0,0,1,0,0,0,0,1,0,0,0
8.9822,2.1316,4.3598,1.1331,0.94977,74.484,0.25992,0.17523,3.3217,3.4575,0.74533,8.7528,2.0415,0.62621,0.86507,6.8825,51.739,20.226,2.9663,0.43515,1.5249,3.9408,5.9357,2.5287,1.9134,3.0509,11.268,58.388,8.161,1.7536,3.8926,1.8477,1.2606,0,0.17391,0.82609,0,0,0,0,1,0,0,0,0,1,0,0,0
20.881,1.1325,9.976,1.4142,4.133,44.167,2.1062,0.2853,12.107,3.4321,0.36656,25.777,0.65186,3.3447,5.7001,7.4507,17.42,21.133,5.6356,0.70483,4.5697,7.6129,14.063,4.495,4.4872,6.5604,9.4805,17.347,19.125,7.5795,7.9195,3.2322,5.7099,0.029412,0.47059,0.5,0,0,0,0,1,0,0,0,0,1,0,0,0
27.683,3.3607,5.5054,0.74561,2.9174,43.661,0.75936,0.44475,9.2486,3.5267,2.1476,29.787,2.6368,3.949,2.5848,5.7332,21.313,17.757,4.7898,1.5548,2.2383,7.6565,21.549,5.0819,2.9436,4.0624,8.7337,26.779,12.727,3.3622,6.0076,4.5418,4.2115,0,0.76562,0.23438,0,0,0,0,1,0,0,0,0,1,0,0,0
4.0621,0.42007,6.8363,4.1415,6.3885,53.628,12.284,0,10.688,1.1315,0.42007,9.764,0.34942,8.8992,7.1947,11.097,19.886,17.143,14.525,0.34942,4.9374,5.8561,2.4421,6.5465,3.1498,14.481,19.638,10.752,19.839,7.9974,5.0692,6.6878,3.3975,0,0,0,0.41667,0.58333,0,0,1,0,0,0,0,1,0,0,0
4.4153,0.36285,5.965,3.097,11.138,52.72,8.0574,0.51802,12.07,1.2939,0.36285,12.38,1.751,5.0953,5.9136,11.391,24.506,15.375,8.9482,1.5267,6.9076,6.2049,1.9324,5.3679,2.33,12.243,13.839,13.479,20.119,10.015,7.9165,7.0744,5.684,0.058824,0.12941,0.67059,0.14118,0,0,0,1,0,0,0,0.023529,0.97647,0,0,0
0,0,0.6771,0.33855,4.699,93.024,0,0.40812,0.85297,0,0,0.33855,0.85297,0,1.7375,12.686,73.085,7.8836,2.6703,0,0.40812,0.33855,0.33855,0.33855,0,0.33855,1.0852,76.099,14.792,5.7467,0,0,1.2611,0,0,1,0,0,0,0,1,0,0,0,0,1,0,0,0
18.539,1.7661,4.1522,2.5688,9.996,33.644,3.7917,3.0824,8.988,12.012,1.4597,20.691,7.2711,2.0961,11.548,8.6518,20.259,6.3418,9.8191,4.0738,3.2314,6.0175,21.816,5.5934,5.7929,7.111,6.8326,13.372,8.2932,7.8033,14.759,3.8459,4.7811,0.2,0.8,0,0,0,0,0,0.8,0.2,0,0,0.2,0.8,0,0,0
0,0.3992,1.4955,0.54815,5.15,84.382,0.87926,0.87926,4.8971,1.3697,0,5.2732,1.2785,0,3.5649,9.3466,67.925,8.0412,1.774,0,1.3697,1.4274,1.9075,1.7458,2.1577,0.94735,3.8149,71.037,8.0635,6.6164,0.9705,0.9705,1.7689,0,0,0.95238,0.047619,0,0,0,1,0,0,0,0,1,0,0,0
24.933,1.6208,5.9827,2.6884,5.2642,41.002,1.8861,2.0528,7.4248,6.176,0.96866,24.198,7.2864,2.7726,4.8945,7.419,21.267,13.085,9.5661,2.9871,1.985,4.5392,24.216,5.2259,3.7497,7.1411,8.2603,21.702,8.7867,5.4183,8.4618,3.3342,3.7039,0.6129,0.37634,0,0.010753,0,0,0,0.46237,0.53763,0,0,0.72043,0.27957,0,0,0
0,0,5.7202,3.2573,14.695,64.31,8.4057,2.5548,0.56477,0.49166,0,8.8573,1.3429,5.2285,0.98332,12.794,37.666,18.854,0.92307,1.7012,3.8977,7.7526,8.921,9.1591,3.1159,9.4821,19.91,35.697,7.4331,3.7422,1.2697,0.77808,0.49166,0,0,0,0.83951,0.16049,0,0,1,0,0,0,0,1,0,0,0
0.83186,2.4321,2.2889,4.4934,4.4727,45.909,15.181,12.115,8.2556,3.7393,0.28044,17.037,7.5363,4.1633,7.2411,8.4097,21.245,11.252,4.6728,3.8005,7.0408,7.6008,14.531,14.842,12.465,7.4787,9.3669,18.83,3.3023,0.91286,4.1849,6.1719,7.9144,0,1,0,0,0,0,0,1,0,0,0,0,1,0,0,0
0,2.4357,2.166,5.7561,1.4157,50.296,13.912,12.873,8.3182,2.3971,0.42914,20.315,5.5402,1.9791,5.8901,8.401,35.551,8.3491,5.0058,0.39047,2.9992,5.5787,9.3629,10.47,9.3394,9.4965,18.291,30.765,2.0904,0,1.8061,3.4115,4.9671,0,0.067568,0.081081,0.85135,0,0,0,1,0,0,0,0,1,0,0,0
1.0378,3.6982,2.1817,5.6171,4.7831,45.253,12.862,13.214,6.7033,4.5246,0.12593,17.094,7.4847,6.195,6.9953,12.097,16.74,10.594,4.496,4.3453,5.2361,8.7226,20.139,11.542,14.611,5.9525,6.9163,15.791,3.8636,1.9126,5.3588,4.6203,9.2925,0,0.92537,0.029851,0.044776,0,0,0,1,0,0,0,0,1,0,0,0
0,2.5693,9.8982,6.4907,4.4577,53.68,8.3307,5.9024,7.6912,0.81677,0.16326,11.13,4.1558,3.3183,4.6026,13.612,22.017,20.629,2.8937,2.7719,6.4166,8.4541,5.721,5.1123,4.2828,8.6368,22.62,19.678,7.5781,8.6526,2.7316,4.2498,10.736,0,0,0,0.95714,0.042857,0,0,1,0,0,0,0,1,0,0,0
1.3748,5.2476,14.176,6.8036,13.419,46.688,4.4557,2.3474,0.51936,2.6204,2.3488,9.7006,0,1.4359,5.6689,5.9833,49.697,8.5191,3.3224,0.91651,1.8277,12.929,4.1791,10.578,1.8277,4.914,0,26.279,22.058,7.7172,12.327,7.3787,2.7415,0,0,0,0.98305,0.016949,0,0,1,0,0,0,0,1,0,0,0
0,4.9595,8.6273,4.2855,14.426,53.893,4.1273,2.3405,1.2972,4.296,1.747,11.413,0,5.4935,3.8075,12.791,45.36,8.1583,1.8917,1.2951,0.96332,8.8269,4.4563,2.4471,3.9302,4.853,0,25.361,27.935,6.7288,12.059,10.895,1.3341,0,0,0,0.96429,0.035714,0,0,1,0,0,0,0,1,0,0,0
0.40098,13.161,3.095,6.5796,14.542,39.638,6.9167,4.4388,6.5109,4.3819,0.33578,18.456,1.8459,2.7872,2.3407,15.971,27.202,12.718,2.4696,2.5157,3.0046,10.689,10.834,2.611,2.6796,6.545,1.401,11.524,21.951,6.3628,17.44,11.019,7.6326,0,0.36,0.52,0.12,0,0,0,1,0,0,0,0,1,0,0,0
0,11.079,5.4822,0.91847,2.8669,13.518,33.99,22.389,6.2941,3.4615,0,0,2.4077,3.7763,5.9148,21.781,31.908,26.028,5.6665,1.0286,0.45924,1.0286,1.4289,20.639,30.102,27.558,4.1882,0,1.4289,2.8669,4.0308,3.376,4.3817,0,0,0,0.019231,0.98077,0,0,1,0,0,0,0,1,0,0,0
0.63087,11.874,7.0631,3.5863,3.6211,9.366,29.797,21.468,5.4385,7.1551,0,1.1286,1.3355,4.5835,7.1303,19.198,23.463,29.742,7.933,1.8439,1.5216,2.1208,1.4327,17.054,32.656,19.816,4.6303,0,2.4736,4.8374,6.9343,5.9796,4.1852,0,0,0,0,1,0,0,1,0,0,0,0,1,0,0,0
0.67139,12.961,8.0095,5.1408,8.1345,12.526,22.082,16.224,3.051,7.5849,3.6144,6.1947,7.2272,0.7426,3.0599,20.56,24.146,24.832,5.9531,2.9469,1.7796,2.5581,0.73407,16.763,28.331,17.812,2.9707,2.2841,2.1172,9.4617,11.878,3.79,3.8582,0,0,0,0.012346,0.98765,0,0,1,0,0,0,0,1,0,0,0
0.32453,8.9453,7.9304,4.9426,7.6855,10.684,32.24,19.059,3.1742,4.7272,0.28655,3.1378,3.8534,5.3893,8.0275,21.777,18.671,22.354,6.2619,2.6306,4.9192,2.9782,1.1456,12.425,26.417,25.36,4.8907,0,3.6219,10.625,6.1882,4.2492,5.0772,0,0,0,0.22368,0.77632,0,0,1,0,0,0,0,1,0,0,0
0.75326,15.483,7.0534,4.1334,5.5571,11.589,25.401,19.402,5.2632,4.064,1.3013,2.8439,2.1928,1.4917,9.4453,22.307,24.513,21.277,7.0945,3.012,1.4243,4.3982,0.86742,14.652,33.803,19.624,2.4598,0.35222,3.4052,6.2944,7.2414,5.872,5.4284,0,0,0,0.0087719,0.99123,0,0,1,0,0,0,0,1,0,0,0
0,0,2.9112,2.1795,8.8026,58.263,22.436,0,5.4086,0,0,4.2471,0.57488,8.8553,7.063,13.786,25.523,16.785,15.6,0.57488,6.991,0,0.42981,3.3411,2.4579,16.48,27.027,13.693,19.902,8.3492,3.1706,4.0302,1.119,0,0,0.53488,0.23256,0.23256,0,0,1,0,0,0,0,1,0,0,0
0,0,0.64314,1.3051,12.586,63.28,20.503,0.64943,0.64314,0.39028,0,2.0856,2.9862,8.6593,6.0611,16.463,20.15,20.587,13.999,6.6821,2.326,0,0,0.64314,1.0397,26.048,29.677,18.981,9.3422,11.943,1.2926,1.0334,0,0,0,0.42553,0.3617,0.21277,0,0,1,0,0,0,0,1,0,0,0
0,0,0,2.2288,15.945,55.495,21.621,2.2288,0,2.4812,0,3.354,7.562,10.721,11.515,14.844,14.938,22.5,3.8457,5.9536,4.7676,0,0,0,4.7676,20.693,27.912,16.604,7.3916,19.84,2.2288,0.56258,0,0,0,0.29091,0.36364,0.34545,0,0,1,0,0,0,0,1,0,0,0
0,5.8854,1.8208,3.1938,6.2336,43.169,22.339,3.3323,6.271,1.2426,6.5124,10.502,16.432,5.2698,3.9799,24.164,15.827,6.2237,3.4891,11.539,0.62129,1.9512,2.5294,2.6237,13.158,26.78,15.476,13.32,1.3299,9.4648,3.1065,8.551,3.6611,0,0,0.12903,0.22581,0.64516,0,0,1,0,0,0,0,1,0,0,0
1.2462,0.19266,2.5705,2.7777,6.2476,65.021,13.551,0.33441,7.4014,0.46497,0.19266,7.7908,1.2375,7.9329,5.3532,14.425,22.649,19.175,16.149,0.88012,2.403,2.0044,1.4897,3.3026,2.1769,26.087,20.435,14.242,14.741,6.7789,2.9423,4.4386,3.3654,0,0.015385,0.86154,0.12308,0,0,0,1,0,0,0,0,1,0,0,0
0,0,2.9702,2.1355,12.125,56.886,20.412,1.2363,3.626,0.60901,0,3.8489,3.3276,10.923,7.9246,13.772,21.955,17.102,10.414,4.0334,6.7003,0,1.3118,3.5292,3.539,19.363,23.494,15.186,12.844,10.714,3.4305,3.7959,2.7926,0,0,0.46429,0.38095,0.15476,0,0,1,0,0,0,0,1,0,0,0
5.3644,0.82534,5.3839,3.752,17.47,44.909,10.07,1.4499,9.0094,1.5637,0.20278,8.5381,2.8202,6.2037,5.8448,10.456,28.294,10.356,8.6579,2.8526,7.2765,8.7007,4.68,6.4549,2.5982,8.5047,6.2446,7.7305,22.281,13.142,10.104,9.3916,8.8686,0,0,0,1,0,0,0,1,0,0,0,0,1,0,0,0
2.568,2.4772,7.6414,5.6675,19.397,42.035,11.86,1.4512,3.5657,2.4737,0.86326,8.4904,7.9515,7.286,4.9215,16.149,17.783,11.263,5.681,5.5451,9.7018,5.2275,4.9405,7.3237,2.813,8.0106,12.24,11.001,13.94,17.376,6.3993,6.0107,9.9464,0,0.0125,0,0.9875,0,0,0,1,0,0,0,0,1,0,0,0
0,0,0.80479,2.9792,14.311,50.2,27.451,2.604,0.95411,0.69528,0,4.1439,2.2651,10.377,9.0246,15.639,21.136,12.415,10.217,7.4379,7.3436,0,0.59357,0.87572,5.1386,24.781,23.759,11.408,11.316,14.978,3.784,1.5001,1.8666,0,0,0.78205,0.15385,0.064103,0,0,1,0,0,0,0,1,0,0,0
0.47385,9.7726,3.1747,4.5446,9.9595,39.361,18.332,5.0106,1.3395,5.8934,2.1387,11.361,27.585,0.9004,7.8144,16.021,10.302,12.89,3.1847,4.7201,0.5955,4.6255,5.3373,2.4764,11.07,27.896,14.613,4.8714,4.0851,9.7885,5.6237,7.8102,6.4292,0,0,0.51852,0.33333,0.14815,0,0,1,0,0,0,0,1,0,0,0
0.91387,4.1182,7.9527,6.5804,16.519,36.811,14.598,4.748,2.8216,3.6674,1.2689,8.6951,7.6957,9.6584,4.0651,18.594,12.899,13.707,3.7396,6.9413,8.1429,5.8622,4.7496,6.3408,5.4005,11.829,13.837,7.9584,11.229,18.368,7.781,6.2082,6.2986,0,0,0.027778,0.83333,0.13889,0,0,1,0,0,0,0,1,0,0,0
1.2469,11.747,7.7587,3.8403,9.1259,27.956,17.259,8.3362,3.5817,4.8039,4.3445,12.264,13.613,2.5805,6.9187,19.483,14.547,11.435,5.2563,5.9072,1.8832,6.1121,4.4256,9.0853,17.015,18.525,7.6112,3.8896,7.0085,9.982,8.3951,8.3106,5.752,0,0.038961,0.4026,0.48052,0.077922,0,0,1,0,0,0,0,1,0,0,0
1.4008,10.545,13.941,7.3934,9.8753,20.93,10.626,7.1948,4.7522,8.0246,5.3164,14.78,8.1286,2.6622,9.0664,12.105,13.632,13.26,7.5596,4.7916,4.6778,9.3369,6.1849,8.732,15.622,8.7113,5.13,6.2708,11.835,10.812,10.857,9.7878,6.0577,0,0,0.46535,0.53465,0,0,0,1,0,0,0,0,1,0,0,0
1.0594,7.2417,4.194,4.7136,10.207,39.081,14.15,3.7947,3.2598,5.9179,6.3811,17.211,21.06,4.9701,4.1344,15.649,8.8548,8.6315,4.0478,8.2841,1.0735,6.0844,5.8438,2.386,7.5278,21.365,7.9748,10.174,7.3722,11.384,8.8206,11.778,5.3736,0,0,0.28846,0.21154,0.5,0,0,1,0,0,0,0,1,0,0,0
0.94053,14.389,7.2142,3.982,4.8118,34.225,15.362,2.4695,3.8257,5.4154,7.3658,10.459,17.772,4.6579,7.095,21.773,12.727,11.413,1.7928,6.4266,2.2702,3.6137,5.0057,4.7032,16.794,19.826,10.699,10.114,3.793,11.063,10.195,6.7132,1.0934,0,0.074074,0.62963,0.16667,0.12963,0,0,1,0,0,0,0,1,0,0,0
0.15768,10.74,9.355,5.7062,9.2878,34.112,9.0837,5.2807,3.5775,8.233,4.4658,10.049,15.998,3.9646,7.1494,12.396,12.382,14.125,6.2437,3.7199,3.7904,10.182,5.6302,5.184,12.6,9.7128,4.9574,9.338,11.273,10.534,13.856,13.275,3.6399,0,0.14286,0.27381,0.57143,0.011905,0,0,1,0,0,0,0,1,0,0,0
0.90802,9.8889,13.908,7.1096,12.558,32.556,6.9873,5.9349,3.2714,3.5185,3.3598,14.393,9.0535,2.5728,5.8873,10.303,18.159,11.27,7.8992,3.601,8.5059,8.356,7.6187,9.8957,10.493,7.5119,3.8662,15.042,10.667,10.041,10.593,9.1762,5.0948,0,0.11828,0.31183,0.56989,0,0,0,1,0,0,0,0,1,0,0,0
2.5149,13.502,12.475,3.5051,7.3712,29.807,15.467,2.0298,0.40875,4.5401,8.3787,18.147,15.115,4.5311,6.2963,15.089,13.464,8.0282,3.0319,8.0417,4.3324,3.9232,9.9622,7.3259,9.5792,18.374,7.2302,13.662,8.6122,10.307,8.2123,4.154,2.5808,0,0,0.79688,0.17188,0.03125,0,0,1,0,0,0,0,0.78125,0.21875,0,0
0.43559,6.8776,10.447,3.742,5.463,58.587,5.5609,2.75,1.0172,3.1817,1.9388,5.9195,10.474,2.0371,6.0896,6.5784,42.076,8.1386,3.0911,1.7881,7.3049,6.5028,8.9969,6.9394,7.2042,5.9733,2.9537,41.667,10.744,3.3897,4.3797,5.4582,2.2938,0,0,1,0,0,0,0,1,0,0,0,0,0.017241,0.98276,0,0
0.29595,3.2171,16.015,1.2124,6.9255,59.681,3.3994,3.634,1.4784,2.3213,1.8193,9.4391,7.6055,3.8808,3.7063,7.222,42.752,7.5778,3.812,3.7741,6.1454,4.0855,13.909,5.3397,5.9976,3.0854,3.105,44.998,9.8196,2.5542,3.3446,4.7465,3.0999,0,0.055556,0.94444,0,0,0,0,1,0,0,0,0,0,1,0,0
35.486,1.9882,4.7198,1.6532,8.9088,19.593,10.386,5.7882,4.9513,4.3069,2.2179,32.687,4.507,5.4942,6.2596,6.5977,7.5162,10.346,8.0912,7.9639,2.1021,8.4348,32.559,10.106,1.8231,15.262,2.7305,4.5618,7.5444,6.5179,7.2194,9.4464,2.2295,0.30909,0.50909,0.12727,0.054545,0,0,0,0.76364,0.23636,0,0,0.69091,0.30909,0,0,0
23.721,2.5857,7.3966,2.844,10.045,34.847,5.3526,2.6631,3.5115,4.7468,2.2872,21.948,11.621,4.9625,6.5414,2.0488,13.021,7.2703,19.17,4.3218,2.9951,6.0995,19.92,8.4697,5.5892,9.621,3.6718,9.1009,10.578,6.1654,10.802,7.8539,8.2293,0.94505,0.054945,0,0,0,0,0,1,0,0,0,0.45055,0.54945,0,0,0
7.1021,9.5755,16.516,6.2528,14.672,21.306,8.7235,4.1326,4.3238,4.0849,3.3106,12.635,5.7602,5.6356,4.9027,4.1953,18.811,5.895,9.7348,7.2042,8.87,16.356,10.218,12.281,5.9156,8.2445,1.5289,11.384,9.4894,12.517,8.1153,11.381,8.925,0.92929,0.070707,0,0,0,0,0,0.9899,0.010101,0,0,0.53535,0.46465,0,0,0
1.6506,6.7286,9.1893,6.8642,15.195,28.287,15.093,6.3553,5.5536,3.4823,1.6009,9.6284,6.4098,8.0621,5.3711,15.829,16.908,13.83,2.4463,4.9146,7.0758,9.5241,3.2892,10.702,6.8574,10.14,8.9614,10.987,13.185,16.189,7.1178,6.7695,5.8008,0,0,0.13333,0.85333,0.013333,0,0,1,0,0,0,0,1,0,0,0
1.7162,10.095,11.474,6.8501,9.3331,9.106,19.32,14.409,6.047,10.5,1.1488,5.296,2.6066,2.5785,9.3112,15.372,22.997,24.05,7.2784,2.8566,2.2877,5.3654,1.542,14.678,24.169,14.654,3.1607,0.44487,6.5066,9.6458,11.361,8.7133,5.1251,0,0,0,0.62,0.38,0,0,1,0,0,0,0,1,0,0,0
1.0195,1.6693,1.1171,5.3169,6.3757,37.523,23.953,17.71,3.8184,1.4966,0,20.144,11.18,3.8047,11.912,8.6144,11.418,4.7672,5.5533,4.2525,9.2155,9.1388,13.91,19.591,18.365,8.1431,4.4046,9.8827,4.0646,1.7189,4.6188,7.2624,8.0385,0,0.032787,0.93443,0.016393,0.016393,0,0,1,0,0,0,0,1,0,0,0
1.7208,4.9607,3.2454,5.787,5.5331,39.862,13.63,12.884,8.5009,3.5405,0.33651,17.67,8.8598,6.1789,8.1944,9.4058,16.662,10.224,5.2311,3.7374,5.7305,8.106,20.948,12.968,13.656,6.9138,5.7286,12.779,3.6442,2.6968,5.9442,6.6827,8.0389,0,0.93333,0.066667,0,0,0,0,1,0,0,0,0,1,0,0,0
0.24391,5.7557,7.8594,8.1508,13.285,41.561,7.4934,3.6237,7.4292,2.1838,2.4138,12.025,5.2898,9.2423,4.3952,14.568,21.979,9.7191,4.1384,6.47,3.2866,8.8865,14.338,5.7164,5.042,3.6158,3.9396,17.972,12.973,4.3649,6.2095,16.093,9.735,0,0,0.20253,0.79747,0,0,0,1,0,0,0,0,0.012658,0.98734,0,0
9.6425,1.6904,8.0138,4.7323,18.767,40.064,7.3736,1.931,4.6573,2.6733,0.45555,11.543,5.0702,5.4209,8.5199,7.3586,22.317,9.9647,9.0438,6.5118,7.2333,7.0169,8.0595,8.1813,2.8582,6.4801,5.2173,10.976,14.628,16.535,9.3338,10.018,7.7131,0,0,0,1,0,0,0,1,0,0,0,0,1,0,0,0
2.5773,8.5073,15.036,5.1779,16.175,30.839,9.2362,2.6608,3.373,3.2763,3.1418,9.3806,9.6792,7.6067,2.4073,13.507,15.781,8.1479,5.4354,6.5832,10.8,10.672,7.0288,11.2,2.7959,6.888,6.4748,9.2663,12.836,16.409,8.1035,8.7512,10.247,0,0.24468,0.19149,0.56383,0,0,0,1,0,0,0,0,0.92553,0.074468,0,0
3.8811,9.8527,8.2191,2.329,13.618,39.493,4.3241,4.5709,2.5379,4.8212,6.353,7.0467,3.22,4.6684,9.7346,2.1604,36.009,6.7121,6.9924,5.0068,4.6017,13.847,7.6051,12.701,5.3276,4.6651,0.79963,24.55,15.19,9.5396,7.1013,11.011,1.5103,0,0.94118,0.058824,0,0,0,0,1,0,0,0,0,0.88235,0.11765,0,0
8.1547,16.661,17.036,3.4347,10.891,27.578,4.8769,1.7804,4.0075,4.1605,1.4196,11.643,5.2236,3.6457,3.3011,5.2457,27.205,5.3745,9.6166,3.399,6.8396,18.506,9.5366,15.546,5.151,4.9058,5.1758,19.345,9.8658,7.9254,6.5745,11.728,4.2455,0.066667,0.93333,0,0,0,0,0,1,0,0,0,0,1,0,0,0
2.2955,8.9998,10.188,6.6525,13.965,32.362,10.513,3.8286,4.7855,4.8556,1.5545,10.195,8.2553,5.9134,4.0683,13.42,14.165,11.098,4.5302,8.2642,7.5523,12.539,6.2837,8.4939,4.2814,6.8756,10.391,12.093,10.295,18.231,9.3107,7.6756,6.069,0,0,0.51579,0.48421,0,0,0,1,0,0,0,0,0.96842,0.031579,0,0
0.81533,9.7895,10.592,6.2129,12.867,30.67,8.1998,9.5805,7.7514,2.4432,1.0785,15.278,3.7694,3.2967,7.337,13.072,17.228,12.837,3.9901,4.5875,5.1904,13.415,6.2127,12.966,12.006,3.8389,11.261,11.542,13.433,12.129,6.6008,6.6763,3.3337,0,0.096774,0.48387,0.41935,0,0,0,1,0,0,0,0,1,0,0,0
2.6154,9.4822,9.106,4.3162,10.56,45.988,6.3532,3.1026,3.7782,2.578,2.12,11.902,4.1212,3.9529,4.0824,7.8564,27.866,12.318,3.2634,4.1963,6.0847,14.356,6.079,10.863,3.9146,4.488,14.465,25.119,8.1017,11.112,6.6305,5.6352,3.5918,0.010753,0.17204,0.72043,0.096774,0,0,0,1,0,0,0,0,1,0,0,0
0.46391,4.376,7.8381,4.0414,9.786,46.032,8.8569,8.6596,7.3767,2.0553,0.51422,12.365,4.5444,4.2228,4.7286,11.025,24.847,11.947,3.8905,4.5905,5.2864,12.553,5.5549,8.0353,5.8249,4.324,16.938,18.165,11.052,12.621,4.3197,7.1915,5.9734,0,0.010989,0.32967,0.65934,0,0,0,1,0,0,0,0,1,0,0,0
0.93795,4.8927,10.15,5.0082,13.901,52.601,3.6188,2.0962,1.4736,3.0421,2.2785,9.0141,0.31419,4.3749,5.2365,6.8409,48.208,7.2521,3.0712,2.1703,2.028,11.49,3.5484,7.0238,4.8206,3.1272,0.49592,31.997,20.788,7.6754,8.0542,10.207,2.262,0,0,0,1,0,0,0,1,0,0,0,0,1,0,0,0
1.5715,12.178,13.172,3.879,11.509,37.461,3.738,1.606,2.762,5.2288,6.8943,9.8791,3.1563,3.6022,7.5103,2.7965,34.953,7.5116,4.41,4.334,7.0009,14.846,9.0785,11.805,6.2151,3.6338,4.5042,29.048,8.2143,8.5125,7.2938,7.7564,3.9383,0,0.018868,0.4434,0.4717,0.066038,0,0,1,0,0,0,0,1,0,0,0
0,8.4991,5.8268,9.8243,12.017,48.243,3.7777,4.6353,1.7944,3.2925,2.0906,15.186,0.96042,4.5325,4.9827,11.398,36.967,12.607,1.1713,3.8683,1.3396,6.9869,8.4836,2.8735,1.0936,4.7865,0.17158,27.535,19.16,6.1982,17.614,8.2718,3.813,0,0,0.05618,0.94382,0,0,0,1,0,0,0,0,0.85393,0.14607,0,0
1.1164,4.3547,5.6602,6.6466,12.417,58.858,4.1717,1.7461,1.6154,0.97893,2.4348,7.8104,1.1842,4.46,6.722,8.3728,46.95,11.45,1.4101,1.957,1.6687,8.0151,5.1757,3.9981,3.2511,2.2659,3.3014,38.679,16.955,5.6086,4.8193,10.181,5.7654,0,0.019231,0.048077,0.88462,0.048077,0,0,1,0,0,0,0,1,0,0,0
2.4309,8.6521,7.014,2.911,14.537,41.777,9.3942,4.0825,3.9218,3.2744,2.0046,11.428,3.694,6.2983,5.3396,6.5842,26.804,10.581,3.8141,7.0342,6.6244,11.798,5.9218,9.8417,6.9437,3.2478,10.124,23.486,11.546,12.313,3.3116,10.619,2.645,0,0.015385,0.046154,0.87692,0.061538,0,0,1,0,0,0,0,1,0,0,0
0,1.6368,6.9494,12.379,9.5378,52.699,8.4436,3.1039,4.0687,0.96637,0.21535,10.144,4.2272,3.594,4.4307,11.768,28.656,17.383,4.4495,2.4617,6.0178,6.8674,4.6844,3.3611,3.0356,7.2991,16.714,19.932,11.94,10.686,2.8459,6.188,13.313,0,0.073684,0.052632,0.87368,0,0,0,0.92632,0.073684,0,0,0,1,0,0,0
0.47831,1.9236,12.24,7.675,11.814,54.384,6.0056,1.7031,1.2767,1.0315,1.4689,8.8845,2.1072,4.4184,6.9638,15.515,29.006,16.875,3.1483,3.74,5.3108,4.031,3.2199,2.2454,2.1221,5.3109,13.314,19.868,18.279,9.274,4.4866,11.217,10.664,0,0.0086957,0.017391,0.95652,0.017391,0,0,1,0,0,0,0,1,0,0,0
0.35808,2.3151,11.23,8.3131,6.6929,51.516,7.2344,3.2907,6.7815,1.3271,0.94092,9.1998,2.8232,4.5605,5.4016,13.785,23.737,20.726,3.496,2.8001,5.8794,7.5914,3.3605,3.0398,2.8865,6.5299,20.34,14.207,12.63,11.303,3.6384,9.1641,12.901,0.12245,0.83673,0.040816,0,0,0,0,0.081633,0.91837,0,0,0,1,0,0,0
0,1.4911,6.9427,6.5341,8.4319,50.456,10.147,9.4745,5.8548,0.66823,0,11.935,4.2199,4.0024,3.2853,12.862,21.358,15.568,4.9525,3.8726,7.6361,10.308,5.0522,7.4352,6.1364,6.2564,17.314,18.413,8.152,11.785,1.7016,7.6221,10.132,0,0.029412,0.61765,0.35294,0,0,0,1,0,0,0,0,1,0,0,0
1.0849,10.048,12.227,7.0163,13.795,23.338,9.1307,9.8188,6.9778,4.856,1.7083,13.687,5.7515,2.5497,7.588,11.956,15.582,13.094,7.8339,4.2237,6.7276,11.006,5.3615,12.303,14.226,5.3318,7.1994,8.5524,10.357,12.896,9.1076,9.0771,5.5881,0,0.088235,0.23529,0.67647,0,0,0,1,0,0,0,0,1,0,0,0
0.44535,7.8606,19.216,5.9342,11.283,32.503,5.9566,6.2554,5.2949,2.3067,2.9443,16.037,5.0024,1.8862,5.9432,11.509,20.38,10.673,6.4869,2.8557,6.7759,12.451,8.7703,12.012,10.683,5.4752,6.9458,15.992,13.384,9.2913,5.6141,7.0556,4.7766,0,0.012987,0.23377,0.75325,0,0,0,1,0,0,0,0,1,0,0,0
0.25697,5.8919,20.108,4.3411,6.6759,44.569,5.8942,2.3648,3.5658,2.5585,3.7736,14.047,7.5541,2.225,5.6405,10.299,29.117,8.8267,4.9957,2.9166,6.7843,7.5933,12.124,9.7557,9.5208,5.2239,4.2444,27.816,14.416,4.6602,4.8161,5.6785,1.745,0,0,1,0,0,0,0,1,0,0,0,0,0.16667,0.83333,0,0
0.1879,5.9981,13.589,4.5896,4.9683,46.45,6.9135,6.5448,8.6027,1.0082,1.1483,14.245,5.9589,1.1279,4.5224,13.475,24.767,11.93,5.5828,2.1614,6.7424,9.4873,7.4079,9.2032,7.9925,6.4836,15.794,21.696,10.212,6.0222,3.7847,5.6729,5.7318,0,0,0,0.9918,0.0081967,0,0,1,0,0,0,0,1,0,0,0
0,3.2777,24.127,3.3159,1.9202,55.819,3.2894,3.0343,4.2873,0.3717,0.55756,10.389,7.7657,0.84077,2.8048,11.872,38.284,10.866,3.9541,1.7177,6.8038,4.7025,9.9436,14.002,8.0226,3.52,7.8432,39.605,9.1124,0.72004,2.1898,2.6217,2.4192,0,0,1,0,0,0,0,1,0,0,0,0,0.24242,0.75758,0,0
0,4.088,13.119,3.0191,2.6444,66.281,2.9526,2.7572,3.1305,0.44746,1.5603,9.1551,5.3529,0.76108,3.3279,12.587,46.923,6.0377,2.9947,1.9431,6.5197,4.3978,5.646,9.1115,6.3065,2.436,2.8577,45.918,17.996,0.86465,1.892,4.2992,2.673,0.012821,0.089744,0.89744,0,0,0,0,1,0,0,0,0,0.012821,0.98718,0,0
0,5.1552,12.838,0.43009,0.90943,67.546,2.8257,1.5307,7.0411,0,1.7242,8.6403,6.5047,0.2894,1.0179,12.714,50.835,9.3417,1.5774,2.518,2.8592,3.7029,8.8117,2.5951,6.2037,3.1701,4.1616,50.11,15.297,0,3.4646,4.4287,1.7578,0,0.025316,0.97468,0,0,0,0,1,0,0,0,0,0,1,0,0
0.25781,1.7642,11.495,13.828,9.0006,45.718,6.4098,3.985,6.0484,0.97267,0.52026,9.0289,5.2343,4.8557,4.7106,13.291,20.738,17.691,5.9185,3.6962,6.628,8.2074,5.5999,3.4954,2.6632,9.3593,17.059,15.125,10.734,11.001,3.6646,8.5022,12.795,0,0.02381,0.19048,0.78571,0,0,0,0.97619,0.02381,0,0,0,1,0,0,0
0,4.1783,14.632,2.2273,0,55.502,3.044,6.0461,12.676,0.68622,1.0078,9.9267,7.6856,0.85989,4.0449,11.038,36.72,13.59,2.238,2.9825,4.7905,6.1238,6.5855,7.261,7.7535,4.4571,9.4248,40.978,5.8693,1.1628,4.8723,4.8314,6.8045,0,0,0.14433,0.85567,0,0,0,1,0,0,0,0,1,0,0,0
1.597,5.2969,10.884,7.6577,8.1084,42.385,11.04,1.6992,7.296,2.6765,1.3592,7.3213,3.9198,3.4122,9.487,14.449,20.964,18.99,5.216,2.3671,7.646,6.228,1.7018,4.6785,2.6867,10.585,19.491,12.173,12.395,9.201,7.4149,9.927,9.7463,0,0,0.019231,0.98077,0,0,0,1,0,0,0,0,1,0,0,0
0.28435,6.9116,21.564,0.48638,0.28435,53.066,6.2421,1.6526,8.4204,0.8836,0.20486,4.2874,5.6601,2.0114,7.8114,12.766,32.866,14.196,1.4143,0.90155,12.872,5.2131,8.7875,12.846,3.8408,9.5598,16.949,34.922,1.589,1.7008,2.1334,2.7339,4.9372,0,0,0.98214,0.017857,0,0,0,1,0,0,0,0,0.35714,0.64286,0,0
0,6.0415,16.924,1.4782,0,61.651,2.1566,4.1809,6.5853,0.42554,0.55735,7.7545,3.7524,0.27155,4.8896,10.869,46.959,10.194,1.8065,1.1004,6.1048,6.2973,8.1145,9.7078,2.8606,5.4711,7.8892,50.329,5.1639,0.42554,2.1186,2.9924,4.9275,0,0,1,0,0,0,0,1,0,0,0,0,0.045455,0.95455,0,0
0.35167,13.599,10.583,0,0.35167,44.463,3.9502,7.0067,19.14,0.55398,0,9.3968,5.4294,2.3821,10.646,5.3654,35.289,9.487,0,1.4845,5.717,14.803,4.0772,7.1543,6.2016,10.902,9.1657,35.649,0.35167,0.55398,5.4534,7.2503,13.241,0.27586,0.057471,0.66667,0,0,0,0,1,0,0,0,0,0.31034,0.68966,0,0
0,2.0766,14.54,2.0766,9.0015,72.305,0,0,0,0,0,3.4625,5.539,3.4625,2.0766,6.1657,60.6,5.539,0,3.4625,7.6156,2.0766,18.003,7.6156,2.0766,0,0,64.689,7.6156,0,0,0,0,0.11864,0.050847,0.77966,0.033898,0.016949,0,0,1,0,0,0,0,0.22034,0.77966,0,0
0,2.4652,13.53,1.8187,5.8045,75.089,0,1.2928,0,0,0,3.5128,5.3316,1.1193,2.4652,7.5702,64.389,5.3316,0.64642,1.1193,6.0496,2.4652,13.356,5.4032,4.8586,0,0.64642,58.882,14.915,0,0,0.64642,1.2928,0.2381,0.035714,0.72619,0,0,0,0,1,0,0,0,0,0.2619,0.7381,0,0
0,0,0,0,0,100,0,0,0,0,0,0,0,0,0,7.7004,77.389,14.911,0,0,0,0,0,0,0,0,2.2181,78.249,19.533,0,0,0,0,0,0,0.17949,0.30769,0.51282,0,0,1,0,0,0,0,1,0,0,0
0,0,0,0,4.159,95.841,0,0,0,0,0,0,0,0,0,20.219,64.471,15.31,0,0,0,0,0,0,0,0,0.47917,71.637,25.471,2.4123,0,0,0,0,0,0.37209,0.069767,0.55814,0,0,1,0,0,0,0,1,0,0,0
0,0,0,0,0,99.638,0,0.36242,0,0,0,0,0,0,0,11.356,70.706,17.575,0,0,0.36242,0,0,0,0,0,2.1337,75.897,21.607,0,0,0,0.36242,0,0,1,0,0,0,0,1,0,0,0,0,1,0,0,0
0,0,1.8784,0.93918,3.3623,90.255,0.36018,1.8193,1.3858,0,0,1.6595,1.0256,0,2.2385,8.3786,74.548,8.4118,0.97932,0,1.4592,1.2994,1.6595,0.93918,0.72036,0.93918,4.7782,75.297,10.18,3.3623,0,0,2.1246,0,0,0.92982,0.070175,0,0,0,1,0,0,0,0,1,0,0,0
0,0,0,0,1.5825,98.417,0,0,0,0,0,0,0,0,0,11.526,78.205,10.269,0,0,0,0,0,0,0,0,3.6999,79.275,15.984,1.041,0,0,0,0,0,1,0,0,0,0,1,0,0,0,0,1,0,0,0
0,0,0,0,16.336,83.664,0,0,0,0,0,0,0,0,0,19.256,66,11.468,3.2764,0,0,0,0,0,0,0,1.823,69.42,14.454,14.304,0,0,0,0,0,0.097561,0.12195,0.78049,0,0,1,0,0,0,0,1,0,0,0
0,0,0,0,11.139,88.861,0,0,0,0,0,0,0,0,0,22.699,52.656,18.005,6.6394,0,0,0,0,0,0,0,0,61.508,29.062,9.4295,0,0,0,0,0,0.10811,0.54054,0.35135,0,0,1,0,0,0,0,1,0,0,0
0,1.2131,3.6561,5.0955,3.0285,49.364,12.856,9.1538,10.587,4.653,0.39286,17.963,5.0987,1.9469,7.3996,13.425,24.108,12.188,4.2722,0.18004,3.4638,9.9547,11.61,10.449,9.068,6.4611,17.977,27.901,4.3097,0.28327,1.7516,2.2941,7.8957,0.23404,0.6383,0.06383,0.06383,0,0,0,1,0,0,0,0,1,0,0,0
0,0,0,0,15.767,84.233,0,0,0,0,0,0,0,0,0,25.138,54.777,16.07,4.0151,0,0,0,0,0,0.55426,0,0.59862,59.375,27.655,11.817,0,0,0,0,0,1,0,0,0,0,1,0,0,0,0,1,0,0,0
0,0,0,0,7.4916,92.508,0,0,0,0,0,0,0,0,0,18.088,69.709,11.025,1.1785,0,0,0,0,0,0,0,1.9557,73.68,19.074,5.2909,0,0,0,0,0,1,0,0,0,0,1,0,0,0,0,1,0,0,0
0,0,0.72227,0,11.918,87.36,0,0,0,0,0,0.72227,0,0,0,14.869,61.34,17.397,5.6723,0,0,0,0.72227,0,3.8542,0,0,70.084,14.046,10.571,0.72227,0,0,0,0,0.66667,0.28889,0.044444,0,0,1,0,0,0,0,1,0,0,0
0,0,0,0,30.214,69.786,0,0,0,0,0,0,0,0,0,31.663,34.222,28.824,5.2899,0,0,0,0,0,0.9541,0,0,37.774,37.182,24.09,0,0,0,0,0,0.97802,0.021978,0,0,0,1,0,0,0,0,1,0,0,0
0,0,0,1.2066,0,91.894,2.1598,2.1877,2.5524,0,0,0.76031,0,0.69973,1.6529,2.7883,85.155,5.3497,1.5993,0,0.78822,1.2066,0.25344,0.25344,0,1.9063,3.7198,79.138,9.0354,0,0.25344,2.0992,3.3406,0,0,1,0,0,0,0,1,0,0,0,0,1,0,0,0
12.029,2.0875,3.4197,1.487,4.3178,59.608,0.65643,1.0323,7.0421,6.5658,1.7547,11.282,4.6765,1.4229,3.3209,6.2369,42.528,16.769,4.3171,3.0652,1.2183,5.164,10.586,3.8453,1.7594,5.2768,12.313,40.911,8.4269,4.3081,8.5615,1.9829,2.0283,0.032609,0.33696,0.63043,0,0,0,0,1,0,0,0,0,1,0,0,0
0,0,0,0.26229,0.60038,97.242,0,0,1.8951,0,0,0,0.67822,0,0,2.2814,93.386,2.1749,1.2168,0,0,0.26229,0,0,0,0,1.5414,90.444,5.2571,0.60038,0,0.94051,1.2168,0,0,1,0,0,0,0,1,0,0,0,0,1,0,0,0
15.662,4.5286,6.2092,0.54921,0.66437,55.267,0.71411,0.25959,12.062,2.0381,2.0465,18.811,0.25959,6.0421,1.8784,7.4853,22.275,25.593,4.8296,0.68593,0.80881,11.332,6.7433,6.0731,1.3064,5.519,10.107,32.765,18.443,4.4455,4.1779,7.5201,2.8996,0,0,0.47826,0.47826,0.043478,0,0,1,0,0,0,0,1,0,0,0
0.49142,2.5579,1.2374,4.3452,2.021,55.321,11.232,10.03,10.205,2.559,0,13.296,6.6972,4.1084,5.0885,6.2847,37.423,5.7923,5.3196,2.4843,4.7209,8.7853,12.262,9.1633,10.697,7.5569,6.261,35.15,3.2492,2.1196,2.4988,5.6663,5.3754,0,0.077922,0.8961,0.025974,0,0,0,1,0,0,0,0,1,0,0,0
1.238,4.2773,1.7794,4.8779,5.0636,47.955,11.539,12.029,7.2111,3.7524,0.278,16.147,8.7648,6.2737,6.961,10.144,20.807,8.0748,4.426,4.9186,5.5707,7.9125,16.436,10.78,13.82,7.6985,8.8075,16.226,3.3073,1.8987,4.2191,5.6419,11.165,0,0.9375,0.0625,0,0,0,0,1,0,0,0,0,1,0,0,0
0,1.4234,0.83307,1.1436,0.15071,82.646,4.556,4.7782,4.1739,0.29516,0,6.21,2.6538,1.8212,1.6155,0.9135,79.308,1.2852,2.1496,0.29516,1.2789,2.4687,2.761,2.4813,4.2799,3.5227,3.3478,74.563,2.2541,1.6009,0.83307,2.5719,1.7846,0,0,1,0,0,0,0,1,0,0,0,0,1,0,0,0
0,0,0.49257,0.58602,1.9391,96.486,0.19956,0,0.29668,0,0,0.29301,0.29668,0,0.19956,4.951,89.204,4.1766,0.49257,0,0,0.38646,0.29301,0.19956,0.55179,0,0.70319,87.237,7.7007,1.9391,0.29301,0.68314,0.39912,0,0,1,0,0,0,0,1,0,0,0,0,1,0,0,0
0,0,0.40538,0,6.0736,93.521,0,0,0,0,0,0.40538,0,0,0,14.42,70.224,13.001,1.9492,0,0,0,0.40538,0,1.6306,0,0,75.941,16.557,5.0611,0.40538,0,0,0,0,1,0,0,0,0,1,0,0,0,0,1,0,0,0
0,0.71315,1.5197,0.79853,2.9305,93.325,0.71315,0,0,0,0,2.2329,0.79853,0,1.1124,14.914,53.484,24.093,3.3649,0,0,0,4.0585,0.71315,1.4263,0,0,61.401,27.152,2.9305,1.919,0.39927,0,0,0,0.98039,0.019608,0,0,0,1,0,0,0,0,1,0,0,0
0,0,1.5336,4.1075,1.8947,88.244,1.254,2.4846,0.48218,0,0,2.7873,1.6122,0.20786,2.0223,3.4578,81.949,3.4688,1.5857,0,0.20786,2.7011,1.1137,1.9784,0.49961,0.54585,2.449,79.777,5.692,2.1782,0.81762,2.6943,2.2547,0,0,1,0,0,0,0,1,0,0,0,0,1,0,0,0
0,1.8483,3.285,6.2342,1.7389,84.761,2.1327,0,0,0,0,4.0085,4.6991,0,5.9772,11.388,53.72,16.23,1.8358,0,1.8741,0.26728,6.0918,1.8358,5.4052,0.66878,2.2736,53.642,19.865,0.40131,3.1007,4.6374,2.078,0,0,0.91045,0.059701,0.029851,0,0,1,0,0,0,0,1,0,0,0
0,1.326,5.3879,16.015,3.252,68.775,3.8134,1.4308,0,0,0,5.6507,9.5817,0.67946,6.6955,13.604,39.908,10.481,3.513,0.73539,4.1599,4.9906,5.5263,3.9318,3.2722,0.41604,1.4275,42.581,17.9,1.7812,7.81,9.2864,6.0677,0,0,1,0,0,0,0,1,0,0,0,0,1,0,0,0
0,2.5215,13.409,13.193,1.9638,68.318,0.59444,0,0,0,0,8.7531,7.5558,0,9.6274,14.87,35.353,13.936,2.3408,0,7.5645,0,4.7544,0.59444,3.722,0.98188,2.9457,46.96,13.44,0,8.8155,11.554,6.2319,0,0,0,0.3,0.7,0,0,1,0,0,0,0,1,0,0,0
0,2.4225,9.6531,10.935,5.7447,67.551,2.9911,0.70294,0,0,0,10.875,6.3026,0.31856,9.6931,9.6838,42.28,9.8788,3.3281,0,5.1634,2.4765,7.2383,2.7178,4.5427,2.3287,7.5407,39.448,13.916,0.8732,5.958,10.888,4.5483,0,0,0.30435,0.30435,0.3913,0,0,1,0,0,0,0,1,0,0,0
3.0674,3.6607,3.1732,9.7376,6.1696,30.606,13.082,7.4268,16.787,6.1784,0.11166,22.669,6.6171,6.256,5.3514,5.2305,13.941,7.5956,7.8707,4.3352,9.2695,10.865,23.179,13.054,14.442,8.0017,5.2843,10.764,4.0038,1.5092,6.449,6.8486,6.4655,0,0.10526,0.87719,0.017544,0,0,0,1,0,0,0,0,1,0,0,0
0.50436,3.7466,1.5535,3.3286,2.4626,60.502,8.6403,9.8081,7.6349,1.6371,0.1816,11.931,6.5247,4.216,4.7962,4.2448,45.129,5.9344,3.9392,2.4371,4.1212,6.7264,11.784,7.3689,10,6.5584,5.6999,40.518,3.9869,2.0431,2.4065,5.0021,4.6321,0,0.014493,0.98551,0,0,0,0,1,0,0,0,0,1,0,0,0
1.4288,3.9787,2.2644,4.4568,4.1428,48.222,12.265,12.999,7.379,2.7272,0.13602,16.059,7.5598,3.6771,7.2483,6.783,27.635,11.323,3.1834,5.0002,4.1312,7.3997,14.4,9.4599,11.359,7.2287,6.4132,23.18,4.1325,2.521,2.8536,5.6427,12.809,0,1,0,0,0,0,0,1,0,0,0,0,1,0,0,0
0.7456,6.2295,1.42,4.5439,5.5396,47.21,9.4391,13.895,6.4086,3.2806,1.2883,13.947,9.4426,6.7499,6.6566,8.7495,27.064,8.7398,3.6637,3.1812,4.4758,7.3302,10.742,8.2316,11.015,9.7156,4.9495,24.782,3.4167,1.3465,2.759,7.0785,15.963,0,0.39706,0.5,0.073529,0.029412,0,0,1,0,0,0,0,1,0,0,0
0,0,1.5382,9.3931,4.8095,76.333,2.405,4.5213,0.5896,0.41,0,4.186,3.961,0.55037,3.5826,5.6304,65.304,6.1927,2.2911,0.62348,0.83864,6.8399,2.4337,4.4857,1.1806,0.692,3.9898,64.165,7.3846,1.8326,2.679,6.1796,4.9777,0,0,1,0,0,0,0,1,0,0,0,0,1,0,0,0
0,0.34921,2.296,28.411,9.7951,49.681,4.4397,3.6648,0.5236,0.84022,0,7.6522,12.903,0.59476,4.7178,9.5085,28.962,6.5537,6.0208,2.3996,2.4625,18.225,6.8149,9.563,2.5331,1.21,5.3149,26.88,11.747,3.914,10.036,12.243,9.7444,0,0.015152,0.98485,0,0,0,0,1,0,0,0,0,1,0,0,0
0,0,4.4062,5.1921,8.2009,61.227,3.7999,7.4991,5.319,4.1002,0.25531,7.1813,3.7292,2.7916,3.9787,4.3039,49.956,8.8055,4.1398,3.9364,2.33,8.8475,4.0857,4.929,2.6107,0.88701,3.3251,48.863,9.3916,3.3978,7.1444,7.8322,7.5336,0,0,0.97959,0.020408,0,0,0,1,0,0,0,0,1,0,0,0
0,0,5.4057,13.157,14.655,50.672,3.2642,3.0904,3.5408,5.8987,0.3171,11.536,7.3954,6.4294,5.5216,3.2338,34.42,8.7406,2.8603,8.2427,3.5046,8.1151,4.0343,7.5939,4.2674,2.7702,3.1963,31.062,9.4778,7.7196,9.1386,11.715,9.0256,0,0.051282,0.92308,0.025641,0,0,0,1,0,0,0,0,1,0,0,0
0.15268,6.5575,2.2346,3.061,5.772,52.363,6.9976,8.3267,10.74,2.4769,1.3182,7.4137,3.8873,4.3001,1.9453,14.879,28.11,14.569,4.2145,2.9295,4.7147,13.037,4.6186,1.8986,3.4516,2.9396,5.0957,31.778,14.117,3.6476,5.7751,9.5966,17.081,0,0,0,0.67857,0.32143,0,0,1,0,0,0,0,1,0,0,0
0,0.30332,4.604,4.5055,17.296,46.481,3.4436,3.4101,7.8352,11.1,1.0209,9.8929,4.8833,7.259,5.6828,6.8384,30.843,8.7995,4.9302,7.757,4.399,8.7146,3.1269,4.9838,1.1056,1.5236,4.7014,27.017,15.588,10.011,12.89,10.065,8.9887,0,0.81481,0,0.074074,0.11111,0,0,1,0,0,0,0,1,0,0,0
0,0.2825,10.62,5.4373,9.2255,50.207,4.3716,2.6321,9.9929,5.9586,1.2727,10.4,3.8847,7.9856,5.2417,11.469,26.895,8.4399,5.6513,6.4986,3.6378,9.8962,4.6985,7.5209,2.0274,3.0921,7.7596,20.698,19.436,6.9922,9.8972,10.691,7.1874,0.25352,0.64789,0.084507,0.014085,0,0,0,1,0,0,0,0,1,0,0,0
0.49484,8.4553,1.9551,4.6623,8.6455,42.953,3.6875,11.654,9.574,6.3237,1.5954,15.536,4.1074,7.1872,3.9558,16.343,19.86,13.346,2.7649,2.9224,4.2378,9.7391,10.552,2.9039,4.4458,4.6336,7.4323,16.44,10.906,4.5453,11.869,9.6935,16.579,0,0,0,0.51351,0.48649,0,0,1,0,0,0,0,1,0,0,0
0,0,3.7892,17.708,13.747,53.506,3.4213,2.8648,0.87931,3.725,0.35932,8.3587,10.304,5.7369,7.7929,5.3448,31.301,10.684,0.97231,8.5115,4.3912,6.6033,5.5698,5.2712,3.2603,1.4454,4.1127,31.168,14.679,7.3198,10.876,8.7021,7.5954,0,0,0,0,1,0,0,1,0,0,0,0,1,0,0,0
0,0,9.7947,9.6377,15.845,43.006,4.2319,3.564,4.7898,8.17,0.96136,9.8734,7.762,6.9434,7.872,4.9337,26.657,11.156,5.2154,8.598,5.1884,5.8003,5.3743,7.9163,3.2559,3.2674,5.4035,24.216,12.397,6.9791,13.859,9.5997,7.7318,0.027778,0.55556,0.41667,0,0,0,0,1,0,0,0,0,1,0,0,0
0,0,14.569,5.6455,9.297,37.916,20.046,1.1506,1.6573,8.6938,1.0242,8.406,8.0211,7.2377,7.7648,8.1634,19.04,19.058,2.66,5.5062,7.4411,6.7016,5.1621,15.11,5.4604,10.908,16.327,14.285,10.422,8.2788,6.1445,5.7092,2.1944,0,0,0.083333,0.91667,0,0,0,1,0,0,0,0,1,0,0,0
1.3211,7.88,14.427,7.5224,4.1574,35.574,2.2929,3.0565,11.925,3.8859,7.9578,11.133,6.1994,9.6115,8.438,5.148,28.677,3.9677,5.7644,4.5026,3.9535,12.605,10.535,2.8629,5.791,5.5737,1.1803,14.827,17.408,8.9196,5.8294,11.671,15.402,0,0,0.005848,0.99415,0,0,0,1,0,0,0,0,1,0,0,0
1.4214,11.284,10.733,4.4885,8.4025,12.309,22.215,15.698,7.7873,4.8651,0.79666,5.8942,2.8883,2.8475,6.8633,16.496,19.665,23.207,7.7963,3.5228,2.8743,7.946,2.5878,15.429,20.811,16.674,4.6472,2.4134,7.7455,11.655,8.1799,6.1542,3.7035,0,0,0,0.69863,0.30137,0,0,1,0,0,0,0,1,0,0,0
2.3065,4.3908,4.5356,7.8899,5.3751,38.747,16.494,8.7419,7.8372,2.7748,0.90671,16.272,9.9541,7.616,5.5163,6.5256,22.194,6.2965,7.0041,4.4395,4.9108,9.2715,20.854,13.679,11.167,5.781,6.5728,16.34,3.7246,2.0402,6.5226,6.3818,6.937,0,0.016393,0.07377,0.88525,0.02459,0,0,1,0,0,0,0,1,0,0,0
0.87138,11.797,9.4504,0.87138,7.8089,30.872,7.4317,7.8283,18.716,3.0632,1.2905,0.83818,4.1712,12.212,10.474,7.6801,32.52,7.0126,2.1619,12.93,6.2811,3.7189,5.5807,18.454,8.8519,8.3031,2.8461,27.155,0.87138,9.5996,5.8296,7.8886,4.6202,0,0,0.86842,0.026316,0.10526,0,0,0.98684,0.013158,0,0,0,0.39474,0.60526,0,0
4.3984,1.8842,3.7386,7.344,10.991,31.402,2.5283,9.7725,17.352,8.8544,1.7345,16.29,11.691,1.5032,13.496,7.32,17.649,9.4567,8.3736,2.9718,3.7657,7.4841,17.422,8.7565,8.6656,5.056,5.7244,15.189,5.5016,9.5373,11.369,5.2535,7.5254,0,0,0,0.64912,0.35088,0,0,1,0,0,0,0,1,0,0,0
3.468,7.7664,3.8416,6.9381,6.5923,39.578,11.443,3.4954,9.1009,4.4386,3.3374,11.987,9.0935,8.054,2.8826,7.8338,27.248,7.3134,6.6623,5.739,3.0368,10.15,17.778,8.307,7.4583,4.5511,5.3641,19.811,6.0382,4.3676,7.1637,8.7321,10.428,0,0,0.034783,0.96522,0,0,0,1,0,0,0,0,1,0,0,0
2.911,4.7276,11.903,5.3195,8.0286,37.651,8.8894,1.3875,8.3419,5.4051,5.4351,9.7335,4.3645,6.9939,9.6745,13.392,22.25,12.675,3.8001,3.6268,5.6404,7.8493,3.708,3.6664,3.7604,8.3044,11.208,12.338,15.041,9.6263,9.5005,12.845,10.002,0,0.013889,0.33333,0.65278,0,0,0,1,0,0,0,0,0.80556,0.19444,0,0
2.077,18.655,9.9127,3.3523,6.3201,28.977,3.137,11.051,14.467,1.3673,0.68365,0,3.492,10.643,13.671,4.3627,31.74,3.9142,1.3673,20.848,7.1534,2.8084,9.0408,25.313,9.6575,5.214,2.2652,26.028,0.68365,6.984,2.7346,8.4934,3.5855,0,0,0.96341,0.036585,0,0,0,1,0,0,0,0,1,0,0,0
0,0,0,0,0.3306,95.624,0,1.2645,2.4514,0.32965,0,0.32965,0,0,2.0064,5.0543,80.608,10.408,0,0,1.5942,0,0,0,0,0,15.827,76.13,3.3363,0.66119,0.32965,0.85722,2.8587,0,0,1,0,0,0,0,1,0,0,0,0,1,0,0,0
0.59025,1.4485,6.5017,1.0963,3.0111,67.93,5.2855,0,9.9896,1.6391,2.5079,6.419,1.96,2.0441,1.0489,6.3257,64.024,3.7786,5.0771,4.6333,1.7109,2.9785,5.1076,1.3223,0,5.4682,7.7335,53.823,6.0165,6.6003,3.6833,3.3975,6.8483,0.30952,0.55556,0.063492,0.071429,0,0,0,1,0,0,0,0,0.99206,0.0079365,0,0
1.2188,7.3939,2.9605,6.3308,5.572,44.467,9.4889,12.585,6.8662,2.8566,0.2609,16.615,7.4619,5.8827,8.3414,10.22,16.847,13.323,3.7712,5.2167,4.4231,7.898,18.621,8.6866,10.751,6.5133,5.942,13.101,5.6511,3.2857,8.7913,7.8068,10.85,0,0.7381,0.071429,0.02381,0.16667,0,0,1,0,0,0,0,1,0,0,0
1.6274,1.4044,1.467,5.1255,3.5052,51.802,15.913,7.978,6.6379,3.3493,1.1908,14.697,4.4335,3.9464,4.0047,9.6054,43.718,6.7918,4.2514,0.97567,3.3424,4.2339,10.216,8.4405,6.258,9.4156,14.311,36.523,1.1885,1.3512,4.2616,3.3599,4.6747,0.0086957,0.043478,0.14783,0.8,0,0,0,1,0,0,0,0,1,0,0,0
0,0,0,16.853,13.786,62.847,5.02,0,1.4944,0,0,2.9014,0.70353,6.506,19.555,17.398,38.272,0,0,12.474,0,2.1895,15.367,13.09,3.5966,0,0,43.284,7.2796,5.8108,10.868,0,0.70353,0,0,1,0,0,0,0,1,0,0,0,0,1,0,0,0
0.30532,2.255,5.9399,7.4479,6.1032,54.914,9.3649,3.9688,8.057,1.0272,0.61673,8.1484,3.1364,2.5269,5.8565,16.894,23.02,22.247,5.782,2.7311,4.6546,5.0032,2.091,2.1941,3.0589,7.5457,22.436,14.178,13.718,10.864,3.6447,5.3656,14.903,0.17045,0.13636,0.68182,0.011364,0,0,0,0.89773,0.10227,0,0,0,1,0,0,0
0,0,0,19.21,12.758,55.598,7.853,0.49601,4.0855,0,0,6.7039,2.2878,7.1848,21.565,11.243,32.265,1.9573,0.49601,6.6615,0.49601,9.1397,17.358,12.247,7.0193,0,0,36.825,4.3194,7.6,12.577,0,2.0532,0.070175,0.052632,0.54386,0.087719,0.24561,0,0,1,0,0,0,0,1,0,0,0
0,2.3636,0,5.4643,16.82,47.52,16.549,0.66725,10.617,0,0,23.786,6.9185,10.924,19.773,16.906,14.504,0.66725,0.66725,2.5896,0.66725,2.5975,12.106,17.412,14.781,2.3636,0,17.175,0.86347,19.928,5.4215,0,9.9493,0,0,0,0,1,0,0,1,0,0,0,0,1,0,0,0
1.0164,0,4.0097,0.50822,5.3155,62.248,13.629,0,12.765,0.50822,0,10.153,0,9.4568,7.5872,12.365,23.855,17.216,13.019,0,4.8242,1.5246,1.1436,3.6287,1.7602,23.778,14.83,15.089,18.914,5.0988,6.0809,6.3352,3.342,0,0,0.13636,0.13636,0.72727,0,0,1,0,0,0,0,1,0,0,0
0,0,0,18.71,10.482,56.704,11.602,0.40412,2.0977,0,0,3.0389,1.5674,8.8656,15.238,12.727,40.057,2.1935,0.40412,4.114,0.40412,11.39,16.177,11.324,4.955,0,0,48.615,0.89471,7.8443,9.1136,0,1.0768,0,0,1,0,0,0,0,1,0,0,0,0,1,0,0,0
0,1.5104,0,32.389,19.357,32.212,3.2796,1.1253,10.127,0,0,9.0014,0.8631,12.479,13.936,17.452,15.409,2.8515,1.1253,15.208,1.1253,10.551,25.758,9.6486,7.7557,1.5104,0,20.997,1.7295,14.588,15.376,0,2.6357,0,0,0,0,1,0,0,1,0,0,0,0,1,0,0,0
0,0.59574,0.59574,14.135,16.585,52.545,10.126,0.908,4.5103,0,0,5.589,4.474,8.5585,14.453,17.337,23.663,7.0559,0.908,7.4699,1.7214,8.7711,14.932,12.144,3.3897,0,0,33.859,5.9501,14.536,12.394,0,2.795,0.11667,0.016667,0.66667,0.033333,0.16667,0,0,1,0,0,0,0,1,0,0,0
1.2951,6.5908,15.294,10.737,5.2423,36.19,2.3027,0.60838,11.465,3.4231,6.8513,11.454,3.2514,6.3304,10.236,8.3288,24.064,8.7057,5.38,1.8662,5.9515,14.432,8.5716,2.1921,4.627,6.5124,6.0977,12.292,17.092,12.216,7.7169,9.8262,12.857,0,0.035714,0.96429,0,0,0,0,1,0,0,0,0,0.98214,0.017857,0,0
0,3.0477,1.801,10.087,23.253,41.598,9.0616,3.682,7.4702,0,0,4.8309,5.7632,9.9744,16.367,5.6221,22.17,7.9543,3.682,1.7649,6.1533,15.717,11.653,11.374,3.9569,0,0,28.947,1.0662,15.121,22.847,0,5.0349,0.075,0.025,0.5,0.15,0.25,0,0,1,0,0,0,0,1,0,0,0
3.8587,6.5872,7.9593,8.0916,9.0629,28.248,15.615,6.5462,7.9744,2.5541,3.5027,13.082,12.823,9.2418,4.7607,10.433,10.256,6.4212,8.4823,5.065,4.3754,15.06,22.805,16.024,7.5702,5.4816,4.4342,4.3484,5.6035,5.3784,7.6297,10.47,10.254,0,0.012195,0.2439,0.7439,0,0,0,0.97561,0.02439,0,0,0,0.97561,0.02439,0,0
1.4753,5.8752,5.2367,11.652,4.7295,34.636,14.625,7.8503,6.0933,3.9632,3.8639,7.7976,18.873,10.086,3.4477,12.373,12.604,11.263,6.5028,5.5039,2.8449,8.7045,30.384,15.812,5.7206,3.4985,6.5667,5.1985,4.0611,3.572,13.262,6.1748,5.7511,0,0.21951,0.7561,0.02439,0,0,0,0.04878,0.95122,0,0,0,0.04878,0.95122,0,0
7.394,11.844,7.9223,6.6955,9.1832,23.404,16.048,2.8331,6.9183,5.347,2.4108,15.622,7.4725,9.0591,4.2945,7.4164,8.9302,6.9816,9.6922,5.8795,4.8219,19.83,19.799,15.255,9.8467,6.9559,4.1272,3.8858,5.6985,5.7229,7.0121,10.682,11.014,0,0.061538,0.92308,0.015385,0,0,0,0.030769,0.96923,0,0,0,0,1,0,0
1.8149,7.5803,8.4806,8.5642,6.6971,29.129,9.0078,11.709,8.1085,6.1769,2.731,6.3111,9.0593,9.8905,7.511,11.423,9.2025,8.3878,10.383,4.1955,6.0792,17.557,24.651,18.904,4.4677,3.48,5.9904,2.9425,4.1714,7.8317,10.228,7.4119,9.9215,0.08,0.82,0.1,0,0,0,0,0.34,0.66,0,0,0.04,0.38,0.58,0,0
1.1617,6.4894,5.7995,7.4428,11.435,35.263,8.8306,11.648,7.1011,4.4278,0.40075,20.168,5.5026,8.8882,8.3128,12.391,12.978,12.212,4.2602,4.6328,3.3457,7.3091,20.58,7.0251,8.5601,7.5938,3.5488,8.2383,8.4583,6.7213,10.931,8.3076,10.036,0,0.96,0,0.04,0,0,0,1,0,0,0,0,1,0,0,0
1.7481,10.437,6.0181,9.5528,8.5874,26.254,12.085,6.7409,8.8509,4.9452,4.781,14.391,10.969,11.192,4.4153,9.5107,10.889,10.019,6.4165,5.6533,3.8078,12.736,23.434,10.459,8.3309,6.2323,5.1476,5.2293,6.0091,5.255,9.4353,9.9218,10.546,0,0,0.33333,0.63492,0.031746,0,0,1,0,0,0,0,0,1,0,0
0,0,0,0,11.342,88.363,0,0,0.29563,0,0,0,0.29563,0,8.7744,20.557,57.429,12.317,0.6268,0,0,0,0,0,0,0,4.0857,58.354,24.088,13.176,0,0,0.29563,0,0,1,0,0,0,0,1,0,0,0,0,1,0,0,0
1.6352,6.7034,5.6082,10.409,5.5983,24.267,12.111,10.093,9.1113,5.5695,8.8951,9.0712,22.059,6.0104,3.0319,10.2,10.2,7.689,5.3321,3.3595,6.1572,16.89,18.013,16.937,5.4951,5.0298,5.5621,2.0192,10.805,5.3024,4.7935,15.2,10.843,0,0.85294,0.14706,0,0,0,0,0.82353,0.17647,0,0,0.94118,0.058824,0,0,0
1.9283,5.3045,8.9524,7.3252,9.8966,33.197,7.4247,7.2633,8.828,6.032,3.8485,9.8134,8.326,7.8572,6.1123,15.14,13.059,8.6675,5.6133,5.094,6.1912,14.126,12.313,10.346,5.1138,5.8973,8.7681,8.3399,11.902,5.2108,8.6564,11.772,11.681,0,0.22727,0.73636,0,0.036364,0,0,1,0,0,0,0,0.2,0.8,0,0
0,8.5249,7.6048,10.421,12.898,45.636,2.047,6.4685,2.3771,3.1846,0.83757,16.995,0.20902,7.3134,3.8893,7.0737,36.075,12.851,1.9089,3.4929,1.0114,9.1812,8.1586,3.7011,1.3588,4.7375,0.41804,21.023,19.352,10.571,19.609,8.1635,2.9079,0,0,0.044444,0.84444,0.11111,0,0,1,0,0,0,0,1,0,0,0
0.76213,3.5459,5.5102,12.057,12.688,33.253,5.245,10.386,9.3245,4.0653,3.1631,9.1965,10.614,5.645,7.854,11.984,13.189,9.085,5.6486,5.2948,7.7321,13.757,14.762,9.04,4.1538,4.1473,6.5619,8.8303,11.338,7.9824,10.603,10.216,12.366,0,0.95652,0.043478,0,0,0,0,1,0,0,0,0,1,0,0,0
2.1455,4.0277,5.3945,10.594,10.07,34.937,8.5508,8.7467,8.845,5.9776,0.71166,9.1403,8.8381,4.3624,6.4728,13.599,14.715,10.22,5.5117,7.1852,7.2725,12.683,10.135,8.9311,1.8521,5.2936,10.485,12.485,12.668,6.8571,9.9676,9.2762,12.049,0,0.14815,0.81481,0.037037,0,0,0,1,0,0,0,0,1,0,0,0
5.1711,11.195,11.172,4.0463,6.0812,39.49,2.883,0.66922,9.3174,7.4509,2.5236,18.004,6.2182,4.2132,2.0574,4.3236,20.659,16.269,14.01,1.2878,6.613,6.3447,3.3316,2.1636,8.0473,5.636,11.75,15.798,12.585,10.268,7.1672,14.057,9.196,0,0.33333,0.66667,0,0,0,0,1,0,0,0,0,1,0,0,0
1.942,8.9984,5.6043,10.177,9.5018,29.591,11.019,8.5786,8.5226,3.6412,2.4245,15.751,7.8261,9.7182,7.6798,12.063,10.418,8.8292,4.7195,6.5344,4.8231,11.637,24.437,9.5268,8.3826,6.2418,3.7556,5.3993,5.3666,4.5042,10.574,10.677,11.135,0,0.15385,0.59341,0.24176,0.010989,0,0.010989,0.78022,0.20879,0,0,0,0.25275,0.74725,0,0
0,5.3793,7.3581,10.488,13.566,43.181,5.5833,4.8563,4.9813,1.0328,3.5744,12.506,4.5729,5.8902,6.6754,10.23,32.922,9.3077,1.8046,4.8158,4.4814,6.7946,11.108,5.2624,2.7408,5.5184,4.1106,25.176,11.536,6.9461,9.8309,5.9124,11.859,0,0,0.325,0.675,0,0,0,1,0,0,0,0,0.95,0.05,0,0
0.16065,4.1928,3.176,2.6672,7.9962,56.618,4.5674,6.5482,7.1326,3.8942,3.0465,6.9724,2.055,3.0078,2.903,16.116,26.181,13.424,7.0065,2.1123,4.3201,15.902,1.9954,2.2231,0.71674,1.0721,10.583,26.559,22.735,4.5977,6.7797,8.0007,14.738,0,0,0,0.53425,0.46575,0,0,1,0,0,0,0,1,0,0,0
1.7432,8.4533,8.0157,9.179,7.9019,27.003,9.0434,10.303,8.078,4.6129,5.6669,8.7887,13.943,7.0545,5.6305,9.1808,10.741,8.877,6.8282,5.0414,5.241,18.674,17.11,15.474,5.7209,5.6878,6.6591,4.831,9.2951,7.0119,6.1695,11.419,10.621,0.015873,0.12698,0.15873,0.66667,0.031746,0,0,0.98413,0.015873,0,0,0,0.8254,0.1746,0,0
2.2939,2.8788,14.02,7.7679,10.918,41.538,7.6774,2.5096,4.2876,4.4521,1.6569,12.971,5.4996,6.2583,4.6007,16.52,20.272,13.299,2.6167,4.5244,5.7708,7.667,7.5608,6.9925,4.9258,6.3515,7.0273,13.377,18.09,6.1895,6.8636,12.64,9.9817,0,0.019231,0.60577,0.31731,0.057692,0,0,1,0,0,0,0,0.98077,0.019231,0,0
3.8334,1.8531,12.925,6.0754,12.329,38.991,10.647,1.6074,3.0312,5.8561,2.8519,11.047,4.209,6.9235,8.5006,13.693,21.415,14.037,3.8917,4.2852,6.2676,5.7303,4.107,5.906,2.2835,8.8554,11.915,12.173,16.577,7.7461,8.6087,12.09,9.7384,0,0,0.012658,0.98734,0,0,0,1,0,0,0,0,1,0,0,0
2.727,5.8586,9.8134,7.011,9.5295,31.812,9.3981,5.7428,8.8264,7.6634,1.6182,9.6543,9.1164,6.2388,6.9815,14.029,11.239,10.055,5.4691,5.6116,5.3739,16.231,12.028,12.36,4.1956,6.477,9.886,9.6896,11.03,6.3417,9.4526,8.0929,10.447,0,0,0.18462,0.76923,0.046154,0,0,1,0,0,0,0,0.98462,0.015385,0,0
3.6501,0.63937,6.5687,10.381,11.489,46.262,9.1896,1.7725,4.1613,5.1002,0.78613,9.9492,7.5476,6.7534,5.5185,13.263,26.054,12.615,3.4954,5.6388,4.6306,4.5352,5.6632,3.3005,1.5915,7.3033,11.818,23.82,14.804,4.1945,10.62,11.246,5.6399,0,0.022222,0.088889,0.88889,0,0,0,1,0,0,0,0,1,0,0,0
1.9319,2.6005,12.425,7.122,11.616,37.842,8.6463,3.8659,6.1308,4.9227,2.8966,9.6558,6.8156,7.7652,6.8464,14.552,16.452,13.861,4.0523,4.7494,6.7587,8.492,6.1207,7.6691,3.8092,7.7131,11.208,10.609,15.248,7.6129,8.58,12.663,8.7669,0,0.37079,0.23596,0.089888,0.30337,0,0,1,0,0,0,0,0.98876,0.011236,0,0
0,2.2278,4.6442,4.4871,11.8,55.006,2.8049,2.885,8.2199,5.3642,2.5609,8.3932,2.8038,4.3229,4.4732,14.963,27.096,9.4091,7.2642,4.9607,4.8988,11.415,3.0592,1.6899,1.5533,1.6086,7.7655,22.256,25.242,8.7194,10.388,9.6863,8.0311,0,0,0,0.8871,0.1129,0,0,1,0,0,0,0,1,0,0,0
0,0.4099,7.1132,7.086,21.133,40.481,4.6402,2.6809,5.0694,10.307,1.0788,9.3781,5.5047,7.2665,7.0443,8.718,23.608,9.8275,6.8204,6.8393,6.4825,8.511,4.8107,6.4891,2.3441,2.61,7.9368,18.961,16.037,11.554,14.595,9.1174,5.5443,0,0,0.22222,0.77778,0,0,0,1,0,0,0,0,1,0,0,0
1.0068,2.7349,5.8517,11.506,13.151,37.151,6.9913,8.2522,8.7135,3.9671,0.6747,9.6221,9.5306,6.1249,5.9331,13.854,12.428,12.592,4.5375,4.956,7.874,12.547,11.686,9.0284,5.1582,7.1366,9.7736,12.297,11.493,4.9912,9.0093,10.491,8.9356,0,0.012346,0.074074,0.87654,0.037037,0,0,1,0,0,0,0,0.98765,0.012346,0,0
3.5871,0.76885,3.5227,11.538,12.124,46.131,8.0062,5.7117,3.8578,4.2507,0.50221,13.506,6.6033,4.4473,5.4343,12.653,28.36,12.117,3.6362,4.4935,4.5309,4.2189,6.9748,3.2622,1.9529,5.771,8.9114,26.847,12.903,5.6619,10.242,8.2618,9.2121,0,0,0.97561,0.02439,0,0,0,1,0,0,0,0,1,0,0,0
1.8507,1.2174,3.4208,2.2239,1.8507,66.018,7.695,0,10.667,3.598,1.4588,11.777,3.2101,3.7622,0,3.0023,58.623,8.3211,6.2742,1.7204,0.92533,2.3842,1.5092,1.9115,2.776,4.5153,8.8637,50.001,5.6144,4.3156,6.4348,4.8965,9.1616,0,0.55224,0.044776,0.40299,0,0,0,1,0,0,0,0,1,0,0,0
0,0.79478,3.8929,11.116,5.0581,75.766,1.8869,1.4853,0,0,0,6.3312,5.8867,0.4354,5.2008,8.277,55.465,8.5585,2.1641,0,2.0567,5.6251,4.9691,2.7247,1.5778,1.3838,6.4343,53.65,12.129,1.9459,4.0353,8.8112,2.3389,0,0,1,0,0,0,0,1,0,0,0,0,1,0,0,0
3.8263,4.1879,11.05,4.2392,1.8965,45.783,4.0785,0.51655,7.1876,12.835,4.3994,17.368,4.1585,2.5103,3.8843,6.4901,27.635,15.367,12.507,0.5429,5.1286,4.4087,2.0507,2.5258,5.4933,6.2687,9.2124,21.55,10.101,9.1852,9.7763,18.332,5.5042,0.027778,0.25,0.72222,0,0,0,0,1,0,0,0,0,1,0,0,0
2.578,4.1442,9.7876,5.1919,8.4293,45.137,15.302,0.91914,3.0121,4.1048,1.3944,6.9289,3.6497,5.4915,10.343,11.4,28.088,16.904,3.4557,3.9013,6.1128,3.7256,0.67256,4.3457,2.209,12.857,14.323,22.211,12.296,7.5967,9.1288,9.1903,5.1693,0,0.047059,0.21176,0.74118,0,0,0,1,0,0,0,0,1,0,0,0
1.0967,12.6,8.4696,1.0356,2.1506,51.362,10.599,0,8.805,2.9448,0.93619,3.9332,5.2601,4.0211,7.9821,9.8744,36.511,11.922,1.0176,4.426,6.9338,8.1184,0.84257,10.309,3.4523,12.517,18.536,33.709,2.7381,2.1832,5.5035,6.7941,3.4156,0.097561,0.04878,0.34146,0.34146,0.17073,0,0,1,0,0,0,0,1,0,0,0
3.4276,3.0923,2.1597,4.18,8.3831,59.073,12.651,1.0258,1.3925,2.4354,2.1792,9.2497,3.3149,3.158,5.5287,10.352,43.16,13.709,1.8403,3.1035,3.2178,3.367,0.973,2.7888,0.70272,9.1859,13.374,41.752,9.9051,7.3571,8.0187,4.3753,1.5679,0,0,0,0.66972,0.33028,0,0,1,0,0,0,0,1,0,0,0
1.9575,6.3504,2.489,2.0561,1.3731,64.181,14.07,0,2.3182,1.6966,3.508,7.0796,2.3276,2.6694,7.5042,7.5925,52.595,11.111,1.6196,1.8669,2.3188,3.3157,0,6.3504,1.2448,9.9178,14.98,52.17,3.3394,4.4912,4.7359,2.1479,0.62212,0.068966,0.17241,0.22414,0.15517,0.37931,0,0,1,0,0,0,0,1,0,0,0
0.86987,11.598,9.3946,0,0.86987,48.25,19.044,1.8845,6.1735,1.3816,0.53451,3.3107,2.4823,1.9189,12.038,9.1934,33.021,17.869,2.4565,1.0979,7.7013,8.9112,3.3913,12.303,3.2991,15.256,26.476,26.233,1.6771,1.0908,3.1018,3.4119,3.7594,0.21176,0.12941,0.65882,0,0,0,0,1,0,0,0,0,0.4,0.6,0,0
4.1418,0.42559,1.4931,7.2944,9.3142,57.433,8.6657,2.1551,2.4092,4.5537,2.1146,13.558,3.7542,4.4755,5.781,10.975,36.76,10.901,3.0725,3.6788,4.3445,2.6987,4.0129,1.7967,0.78507,6.216,6.1468,39.14,11.921,8.0736,10.623,7.4037,3.8807,0,0.010204,0.15306,0.83673,0,0,0,1,0,0,0,0,0.97959,0.020408,0,0
4.2874,1.706,0.96305,3.7223,5.3055,61.749,3.8774,0.8157,1.62,11.276,4.678,16.486,3.0971,1.6606,4.814,6.1209,45.804,10.266,3.9319,1.1339,4.186,2.499,1.404,0.56025,1.0837,2.4043,4.0572,42.897,16.577,10.081,10.268,7.527,3.141,0,0,0,0.66346,0.33654,0,0,1,0,0,0,0,1,0,0,0
5.7277,6.3768,5.2244,2.2706,2.8507,56.185,3.4261,0.45143,2.5301,12.478,2.4793,19.442,4.3851,1.8546,2.0445,6.7658,39.449,9.8635,6.4013,0.72628,5.1364,3.9317,1.1777,0.82575,4.5804,4.6636,6.905,33.409,14.554,10.681,6.8287,11.392,4.9828,0.071429,0.39286,0.53571,0,0,0,0,1,0,0,0,0,1,0,0,0
2.3074,10.003,5.3561,2.0943,3.7887,46.591,18.527,0.20415,6.4707,2.2951,2.3628,4.5702,2.1811,4.3189,13.001,8.445,30.87,18.07,3.7078,1.5844,4.9693,8.2818,0.4509,8.5745,0.98032,15.168,23.395,25.44,4.9022,4.2639,5.7091,8.0266,3.0897,0,0,0,0.72632,0.27368,0,0,1,0,0,0,0,1,0,0,0
0.60972,2.6586,12.73,6.7793,7.9587,47.21,0.71818,0,14.215,2.4423,4.6778,8.7773,2.1792,5.7802,5.3694,9.8678,40.356,6.1028,4.2377,5.3922,4.1959,7.7414,11.803,0,2.0645,3.3924,0,34.486,13.651,7.8496,5.7114,7.2829,13.759,0,0,1,0,0,0,0,1,0,0,0,0,0.98507,0.014925,0,0
0.51047,3.9285,14.324,8.623,11.774,40.187,6.3511,0.28824,11.804,1.7001,0.51047,17.32,8.3912,4.4863,4.1458,2.4218,18.389,16.672,18.794,2.8842,1.6728,4.8224,2.6894,3.7482,5.867,5.9871,9.167,7.2284,25.771,11.62,8.578,15.486,3.8577,0.035714,0.035714,0.89286,0.035714,0,0,0,1,0,0,0,0,1,0,0,0
2.7622,8.9373,13.428,8.5928,4.4242,41.573,4.844,0.47904,9.6734,3.0243,2.2617,15.432,6.1278,4.4948,4.3668,3.6243,19.132,18.288,16.697,2.1399,4.1682,5.5293,5.1132,2.3737,8.8512,8.061,10.741,11.915,14.663,9.0146,7.3752,14.061,7.8302,0,0.125,0.875,0,0,0,0,1,0,0,0,0,1,0,0,0
1.1225,5.6186,12.059,9.2088,11.44,38.525,6.3457,0.35686,12.985,1.5513,0.78606,12.017,9.5126,7.2152,3.7817,4.5011,18.96,17.218,17.399,3.3892,1.6985,4.3067,5.6448,2.7513,4.7679,8.9718,10.593,8.5741,21.386,10.16,7.1247,13.723,6.3027,0.24138,0.068966,0.58621,0.086207,0.017241,0,0,1,0,0,0,0,1,0,0,0
1.5649,6.5588,16.896,6.2285,7.6399,37.49,4.6033,0.7196,12.216,5.2351,0.84838,15.495,8.3193,4.0915,3.6655,5.7167,20.283,17.423,15.919,0.33329,3.6505,5.1032,4.0811,4.6715,7.3063,7.4938,12.616,10.095,12.671,9.2721,8.8663,16.846,6.0814,0.023256,0.37209,0.60465,0,0,0,0,1,0,0,0,0,1,0,0,0
0.52701,7.1937,10.087,6.2577,8.1955,27.933,13.361,6.0786,19.074,0.76571,0.52701,12.883,6.384,3.3382,3.3266,7.4126,11.303,8.6814,22.244,1.1842,2.5186,20.724,9.9806,2.154,18.574,9.1569,11.285,4.4836,9.8306,10.143,5.4494,10.382,8.561,0,0,0,0,1,0,0,1,0,0,0,0,1,0,0,0
21.014,0.37977,5.1628,3.9295,13.79,35.891,9.5962,1.6278,7.9017,0.70723,0,20.96,2.5411,3.1351,5.6496,5.2834,27.114,7.0459,8.029,2.7484,8.1238,9.3703,18.443,7.1178,3.6082,7.0385,3.0108,8.5948,18.093,10.153,8.5707,6.9663,8.4037,0,0.025,0.375,0.6,0,0,0,1,0,0,0,0,1,0,0,0
1.1773,16.894,10.258,3.0034,2.704,37.475,2.3797,4.2419,18.368,2.5973,0.90133,7.4253,12.058,7.5852,2.0719,6.5519,18.491,16.236,20.068,0.82259,6.3226,2.3681,5.8096,0.83525,17.106,7.9444,18.703,7.5738,6.1249,4.7675,8.9406,15.045,7.1503,0,0,0.097561,0.87805,0.02439,0,0,1,0,0,0,0,1,0,0,0
7.9439,9.7726,7.819,2.0791,1.4861,44.737,2.2981,0.57677,6.8481,12.926,3.5131,17.268,4.3706,2.8826,4.1839,6.251,22.484,16.654,11.527,0.30709,7.7257,6.3462,1.7573,1.4175,7.6916,5.3441,7.5487,22.648,11.955,12.119,9.9112,12.343,7.2639,0,0,0.033333,0.62667,0.34,0,0,1,0,0,0,0,1,0,0,0
3.056,12.502,12.952,2.6631,1.8664,41.479,2.584,1.421,9.751,9.0735,2.6517,15.631,9.209,2.6634,1.914,5.9543,26.862,12.971,13.3,0.58532,6.6675,4.2425,5.6634,5.2737,10.641,6.2593,14.825,13.759,7.9024,8.8264,8.2326,12.788,5.8292,0,0,0.052632,0.29474,0.65263,0,0,1,0,0,0,0,1,0,0,0
0.87964,12.18,22.281,2.8071,2.7566,38.568,2.8166,0.58312,14.063,2.4008,0.66431,15.698,12.014,3.0395,2.0274,6.4628,29.258,10.56,11.146,0.47697,6.1005,3.2169,10.64,13.503,13.201,7.6104,18.025,6.5702,4.442,8.9567,8.8761,5.3509,2.8247,0,0,0.020833,0.77083,0.20833,0,0,1,0,0,0,0,1,0,0,0
0,0,0.25524,1.4698,0.31335,95.677,0.25524,0.538,1.4918,0,0,0.538,0.98904,0,0.25524,1.2982,93.795,1.152,0.75797,0,0,1.2146,0,0.25524,0,0,1.5087,90.135,4.0324,1.068,0,1.9869,1.0132,0,0,0.91379,0.086207,0,0,0,1,0,0,0,0,1,0,0,0
0.41922,2.8624,0.86539,5.7259,1.7214,48.718,14.878,12.403,9.0307,2.0552,1.3202,18.565,6.7481,3.7072,8.4893,9.4616,19.529,10.335,6.7821,2.4656,6.6015,7.3156,14.213,12.366,11.103,7.6904,13.344,20.412,3.837,1.151,3.3791,5.5644,6.9384,0,1,0,0,0,0,0,1,0,0,0,0,1,0,0,0
2.2743,3.8418,2.5961,5.6137,6.5693,42.637,13.73,10.162,8.7731,3.7137,0.089119,18.408,7.777,5.9269,8.497,9.0722,13.403,9.2537,5.6482,4.7413,7.3489,9.9242,18.587,13.069,14.374,6.8583,7.5566,11.328,4.3877,2.3264,5.7326,7.0565,8.7239,0,0.375,0.625,0,0,0,0,1,0,0,0,0,1,0,0,0
1.6346,2.4433,2.0804,4.8237,4.1712,53.92,13.697,7.674,7.082,2.361,0.11284,15.541,7.9755,5.8953,5.6268,6.181,34.698,6.1624,4.1591,3.0099,5.1294,5.6213,13.596,9.904,12.594,6.7255,6.4973,31.007,3.9429,1.2872,4.1724,4.9918,5.2813,0,0,1,0,0,0,0,1,0,0,0,0,1,0,0,0
0,0.62907,0.59664,2.5749,0.92014,84.274,2.9453,5.0196,2.8921,0.14862,0,4.0592,2.8125,0.88553,2.5616,1.5925,79.626,3.1988,1.18,0.14862,0.63516,3.3006,1.7401,2.381,4.1482,2.7685,4.498,75.19,3.6569,0.89398,0.33183,2.8617,1.5303,0,0,0.90741,0.092593,0,0,0,1,0,0,0,0,1,0,0,0
0,0.48266,0.99692,5.554,3.0266,72.297,3.976,9.2269,3.3612,0.95803,0.12066,6.1552,3.393,1.1558,3.9521,2.0837,66.894,5.7366,2.1618,1.5183,0.94802,6.0018,3.1606,4.0121,4.7105,2.6579,3.5742,63.374,3.5505,1.4794,1.5128,4.2863,7.6814,0,0,0.91667,0.083333,0,0,0,1,0,0,0,0,1,0,0,0
14.925,1.9262,3.4742,1.1569,6.4034,47.665,6.1361,0,15.896,0.76551,1.6521,21.607,0.32988,6.9977,6.6334,8.7709,18.558,19.354,6.0116,0.67892,3.1863,7.8719,9.6473,5.6377,2.1061,8.1229,9.8557,13.402,22.682,7.3448,4.0011,10.441,6.7597,0.68,0.18,0.08,0.04,0.02,0,0,1,0,0,0,0,1,0,0,0
10.394,0.47445,7.3699,3.9141,15.367,42.812,8.7748,0.64625,7.8009,2.1541,0.2923,13.545,2.1267,6.3156,11.447,8.4138,20.136,13.298,7.3821,4.0795,6.8323,6.4237,8.6156,7.2092,4.0456,6.7073,6.8468,11.517,17.271,12.773,8.706,10.274,6.034,0,0.085714,0.057143,0.85714,0,0,0,1,0,0,0,0,1,0,0,0
37.685,1.8049,4.8288,0.60743,4.1109,33.421,2.6322,0.88369,6.2531,5.6195,2.1526,35.999,4.6647,3.4655,3.217,6.9964,11.839,14.118,8.3645,2.5308,1.3341,7.471,29.917,4.8299,2.3316,7.9279,7.6671,13.848,12.457,5.2408,7.9684,4.9205,2.8919,0,0,1,0,0,0,0,1,0,0,0,0,1,0,0,0
0,1.362,4.6312,2.1482,2.6444,48.517,8.5695,13.201,14.385,3.287,1.2552,17.035,3.6258,2.8936,13.102,8.8892,29.698,6.8533,5.2097,0.3591,4.5295,7.8043,12.895,9.0225,10.985,3.7115,13.07,30.796,5.3998,1.7743,3.351,3.9856,5.0101,0.1087,0.56522,0.21739,0.1087,0,0,0,1,0,0,0,0,1,0,0,0
0,0.23684,2.1545,2.6928,0.7336,87.125,2.8607,2.1123,1.8472,0.23684,0,3.2414,0.82632,0.64297,3.8057,6.8708,73.656,6.75,1.1611,0,0.23684,2.8086,2.9793,1.8004,0.94212,2.8621,5.1932,72.86,9.5461,0.49676,0.48631,1.4552,1.3787,0,0,1,0,0,0,0,1,0,0,0,0,1,0,0,0
0.11016,1.378,1.1676,2.0502,3.0427,61.652,7.8435,12.265,8.7564,1.335,0.39958,9.17,4.2155,1.7964,3.4177,3.438,51.323,10.327,1.675,3.2243,3.2003,8.2132,5.0061,4.7218,5.8408,4.8633,3.8129,51.491,3.7901,0.66054,1.0927,6.4213,12.299,0,0,1,0,0,0,0,1,0,0,0,0,1,0,0,0
0,0,1.9769,2.8023,1.4044,92.957,0.62478,0.23476,0,0,0,1.9571,1.2157,0,1.7878,6.4916,77.15,8.8292,1.6068,0,0,0.96188,1.7749,0.62478,1.0012,0.37015,2.0723,78.908,9.5703,1.1261,1.4048,1.8977,1.2496,0,0,1,0,0,0,0,1,0,0,0,0,1,0,0,0
0,0,2.4136,10.072,6.1574,67.382,2.7962,5.8875,2.998,2.293,0,5.889,4.8587,1.83,3.5008,4.4221,53.893,9.4141,2.3742,3.9737,1.6666,8.1781,3.3846,4.6763,2.264,1.2379,3.1881,54.025,7.3952,3.3845,4.8985,7.6462,7.9001,0,0,1,0,0,0,0,1,0,0,0,0,1,0,0,0
0,0.4558,5.4884,6.6373,6.3852,72.865,4.1203,3.3933,0.30713,0.3472,0,6.9831,4.2236,2.9049,4.7888,9.4235,54.083,8.646,0.65463,1.5642,5.0761,1.6516,1.377,1.2459,1.9887,1.0779,3.0798,54.415,13.337,3.5704,3.7921,12.163,3.9538,0,0.5,0.5,0,0,0,0,1,0,0,0,0,1,0,0,0
0,0.71596,6.916,3.8933,15.14,49.918,4.8535,4.5172,7.4151,5.9895,0.64087,9.1525,2.7368,4.7817,4.3927,11.262,30.211,11.835,6.3021,4.0538,4.35,10.922,2.552,3.6805,1.5356,1.3689,9.4741,24.791,20.065,7.9185,11.358,9.2303,8.0266,0,0.027027,0.10811,0.78378,0.081081,0,0,1,0,0,0,0,1,0,0,0
3.2428,6.7336,8.9053,0,1.6898,47.942,9.4237,8.1372,10.804,3.1213,0,3.0638,0.96,9.1354,10.687,12.62,39.366,8.6599,0,8.1651,6.3837,0.96,8.1755,16.311,5.6242,12.667,7.8343,38.576,0,1.92,3.8511,0.96,4.0813,0,0,0,0.6875,0.3125,0,0,1,0,0,0,0,1,0,0,0
0.32129,0.95478,2.6563,12.011,16.225,51.56,2.3078,6.9004,5.2063,1.5365,0.32129,12.621,4.2988,2.6977,1.4916,12.106,24.705,16.201,1.6858,2.7131,8.6462,12.835,9.1219,5.0516,4.2183,8.7846,10.174,28.353,7.5608,7.3581,3.9354,8.3769,7.0655,0,0,0.12903,0.87097,0,0,0,1,0,0,0,0,1,0,0,0
0.57744,16.284,14.653,6.2072,9.1896,13.573,14.515,13.634,3.8667,4.0537,3.4469,10.003,2.9398,1.5962,7.8971,15.415,18.804,19.987,7.8914,2.5469,4.5245,8.3945,3.9613,18.478,23.192,9.5834,3.9251,2.8515,8.7024,10.159,9.1585,5.689,4.2995,0,0,0,1,0,0,0,1,0,0,0,0,1,0,0,0
1.9349,9.3443,7.3834,6.7301,7.0049,31.598,9.8087,6.1754,8.1471,3.3676,8.5054,12.678,12.486,8.8632,5.6828,12.116,14.664,7.5376,7.271,4.5505,4.2386,9.9125,16.716,10.886,6.6965,4.5164,4.9215,8.7695,9.938,7.3126,6.4588,12.672,11.113,0,0,0.03125,0.90625,0.0625,0,0,1,0,0,0,0,0,1,0,0
1.5521,5.9827,7.666,9.0703,10.942,25.234,9.8075,8.103,11.61,5.8207,4.2115,8.8928,10.183,10.065,4.1661,12.143,13.205,6.6631,5.3263,7.8479,4.3378,17.17,19.818,10.502,5.9579,5.701,5.1037,5.4779,5.5262,5.6218,9.0218,12.099,15.171,0,0.013986,0.006993,0.97902,0,0,0,0.98601,0.013986,0,0,0,0.85315,0.14685,0,0
0.49793,1.6276,5.6993,5.7331,18.799,44.989,15.609,2.869,2.5484,0.98401,0.64362,5.3379,7.9467,9.7676,5.5515,17.972,15.564,15.839,5.5471,5.7465,8.4374,2.289,3.056,4.3241,2.4212,15.006,15.314,11.059,13.177,17.03,7.0687,3.4466,8.0966,0,0,0.53968,0.46032,0,0,0,1,0,0,0,0,1,0,0,0
8.7391,7.9719,13.308,4.5407,15.106,31.558,6.751,2.9389,2.5895,3.2993,3.1978,12.676,6.8564,5.4807,5.3743,7.0919,18.78,9.2581,9.1487,6.4362,8.013,10.885,9.992,13.524,4.7401,7.2402,3.0531,10.599,12.857,10.563,10.102,9.1475,8.1811,0.042105,0.33684,0.47368,0.14737,0,0,0,1,0,0,0,0.24211,0.75789,0,0,0
1.6719,16.147,11.52,3.7552,17.447,20.968,4.5314,2.0416,4.2487,7.3088,10.361,14.458,6.2682,6.8386,5.8424,3.4875,17.303,8.4136,3.5522,7.8327,9.9305,16.073,9.2312,11.627,9.1875,4.773,2.0708,18.028,6.7965,15.93,10.093,8.0449,4.2184,0.15789,0.73684,0.10526,0,0,0,0,1,0,0,0,0,1,0,0,0
0.63949,9.7745,18.371,6.3786,8.7419,28.417,6.205,6.3734,5.7718,3.999,5.3291,15.321,6.7863,1.9631,7.6145,11.406,19.742,10.599,6.0716,3.3991,5.4222,11.676,8.8739,11.007,12.473,4.8025,5.9907,12.465,15.588,10.224,8.1009,6.8587,3.6161,0,0.55882,0.44118,0,0,0,0,1,0,0,0,0,1,0,0,0
0.21333,6.6384,14.515,5.689,6.6917,41.946,5.4593,6.857,6.9625,1.8954,3.1323,13.185,8.1588,1.4097,5.7274,8.1814,27.426,9.4179,6.6321,3.8072,7.5856,8.4687,8.1218,8.4954,9.1408,4.1143,6.7311,25.047,13.157,5.3644,6.1762,8.6601,4.9916,0,0,0.012048,0.98795,0,0,0,1,0,0,0,0,1,0,0,0
0,2.3729,18.27,2.8409,2.7793,68.836,0.7719,0.77663,2.58,0,0.7719,7.4427,7.3758,0,0.82908,7.945,60.852,8.2178,0.38831,0.7719,4.5763,1.601,9.7754,10.87,4.8459,0.7719,0.38831,60.507,8.3242,0,1.29,1.9321,1.2947,0.575,0.1,0.325,0,0,0,0,1,0,0,0,0,0.65,0.35,0,0
0,3.6031,20.129,2.5968,0.44686,61.179,1.231,1.1411,9.0351,0,0.6371,6.69,10.324,0,2.1969,13.51,46.885,7.8933,0.59392,0.6371,8.3269,2.9427,6.6088,13.093,4.6791,2.3955,2.3757,49.791,10.244,0,4.2323,1.8448,4.7363,0.5,0.21739,0.28261,0,0,0,0,1,0,0,0,0,0.56522,0.43478,0,0
0.85242,3.3425,8.4692,5.969,8.9109,60.182,5.2873,2.5882,1.1834,2.0345,1.1803,7.7241,2.6068,5.51,3.7369,9.1063,38.428,16.178,2.6354,4.4253,2.8491,6.8002,3.443,4.7346,3.4875,2.7072,11.056,34.301,12.036,9.2733,3.5673,8.2139,7.1807,0,0.0092593,0.027778,0.9537,0.0092593,0,0,1,0,0,0,0,1,0,0,0
1.7598,1.9852,11.393,8.3496,10.955,45.824,9.7812,0.81909,4.2688,2.7103,2.1541,8.4294,4.3899,5.2176,7.2501,13.848,24.586,17.393,4.6466,3.2602,6.2943,4.6851,1.5287,2.2911,2.2378,9.3074,15.146,12.389,17.114,11.958,7.1798,9.6561,11.192,0,0.038462,0.067308,0.89423,0,0,0,0.98077,0.019231,0,0,0,1,0,0,0
3.1251,3.5661,10.962,4.8316,6.7436,47.818,10.055,0.69443,4.463,4.7872,2.9541,8.1854,3.5731,4.9896,8.4189,13.092,27.226,16.636,3.6681,2.1054,7.0582,5.0471,0.95212,3.6855,2.5614,8.1127,19.617,17.558,12.856,7.0234,8.3972,11.545,7.6907,0,0.11111,0.11111,0.77778,0,0,0,1,0,0,0,0,1,0,0,0
0.61314,7.0939,5.8437,6.5486,5.2453,43.02,4.6124,6.4554,9.7176,7.9337,2.9162,5.0947,7.4592,4.8873,3.1133,15.1,14.623,11.411,8.8137,3.2435,5.6709,20.583,10.297,11.321,4.337,2.7474,8.6208,16.491,12.868,4.9498,7.8717,10.536,9.9599,0.15476,0.45238,0.25,0.14286,0,0,0,0.9881,0.011905,0,0,0.011905,0.83333,0.15476,0,0
0,6.1563,3.3488,15.128,9.3421,43.585,14.468,2.8075,5.1643,0,0,4.1648,9.4099,8.9262,12.274,12.692,12.677,11.524,2.8075,2.3603,2.6801,20.484,16.907,15.713,4.0105,0,0,25.156,3.2909,15.049,15.35,0,4.5234,0,0,0,0,1,0,0,1,0,0,0,0,1,0,0,0
0,0.25267,5.1601,10.382,15.615,56.548,1.5734,3.7824,4.3741,2.0594,0.25267,10.378,2.2251,4.615,1.7774,10.743,35.829,11.63,4.0575,2.7823,5.532,10.43,7.5961,4.2213,3.2339,6.4455,10.517,37.249,7.2838,8.4238,5.7898,5.7544,3.4857,0,0.05,0.95,0,0,0,0,1,0,0,0,0,1,0,0,0
0.79484,7.3189,2.0212,6.1141,7.0919,41.895,10.296,13.329,6.9729,3.0022,1.1641,14.019,8.3234,8.8651,5.8978,10.615,20.332,9.1099,5.4291,3.7198,3.9718,9.7167,16.404,9.2678,12.539,8.4434,5.078,16.638,3.7928,1.3317,5.072,7.6861,13.748,0.33333,0.55556,0.037037,0.037037,0.037037,0,0,1,0,0,0,0,1,0,0,0
0.15247,2.1928,1.5806,4.2896,3.7119,59.908,7.3125,13.535,4.6139,1.892,0.81172,8.4881,4.8758,2.3619,3.5204,5.7178,48.733,9.027,4.8024,2.0909,2.2345,8.1478,6.2954,6.6557,6.4304,2.891,4.112,46.279,5.9752,1.2269,2.022,4.3484,13.764,0,0,0.92,0.08,0,0,0,1,0,0,0,0,1,0,0,0
0,2.4446,3.8684,1.8276,9.5466,57.101,1.7974,5.4775,10.739,4.4152,2.7822,8.5542,2.9837,2.2455,4.6114,14.934,30.687,11.593,6.4633,4.2972,3.9597,9.6709,1.9993,1.7894,2.3323,0.55476,9.3253,25.926,22.517,7.7214,7.0535,8.6228,12.158,0,0,0,0.70213,0.29787,0,0,1,0,0,0,0,1,0,0,0
40.788,1.2373,3.4731,0.99852,8.4968,25.962,5.6913,1.6379,5.9179,4.2973,1.5,38.936,5.3626,4.4896,4.8578,3.992,8.658,8.5329,11.691,3.5023,2.0851,7.8923,34.056,5.0749,2.3575,8.6351,3.8536,6.1722,11.197,7.5437,8.641,8.1228,4.3456,0,0,0,0,1,0,0,1,0,0,0,0,1,0,0,0
0.74454,1.639,4.9169,11.267,16.905,51.884,3.1861,2.5631,6.1499,0,0.74454,17.733,2.6627,2.5631,1.7889,12.345,29.327,12.625,1.7889,0,8.713,10.454,7.6673,1.8001,3.4575,6.1633,8.7644,34.565,5.0965,9.8363,0.89443,11.682,10.073,0,0,0,0.86842,0.13158,0,0,1,0,0,0,0,1,0,0,0
0,10.398,3.5169,2.2239,2.5085,21.284,28.77,21.486,4.0015,3.9813,1.8298,3.1488,5.2505,1.5909,7.2085,23.845,23.469,21.146,6.2157,4.0854,0.59474,3.4451,0.91494,10.428,35.789,22.993,6.6084,2.7064,0.91494,3.6952,7.3452,5.0003,3.6041,0,0,0.052632,0.21053,0.73684,0,0,1,0,0,0,0,1,0,0,0
0,0.75624,2.4584,2.1626,15.986,46.98,25.397,1.8246,2.5772,1.5981,0.2596,4.3754,7.7228,9.4506,5.3258,16.604,14.459,20.642,5.7751,8.3641,6.0289,1.2529,2.0012,2.4857,2.7474,16.302,29.055,12.323,8.4152,16.088,3.0635,2.9834,4.5348,0,0,0.46512,0.30233,0.23256,0,0,1,0,0,0,0,1,0,0,0
0.58101,10.51,10.193,7.4587,12.055,22.083,13.921,11.653,5.0374,4.9477,1.5596,8.8169,3.0574,3.7253,7.7259,13.54,19.649,17.474,6.4675,3.0796,5.3851,11.08,4.7268,12.974,15.466,9.5467,7.6569,6.9536,10.813,12.576,7.4937,7.2233,4.5692,0,0,0.19178,0.80822,0,0,0,1,0,0,0,0,1,0,0,0
1.9455,7.9833,7.9075,5.6248,15.678,34.603,10.143,5.1974,4.9086,4.1649,1.844,10.903,5.2405,5.6245,6.2884,12.097,17.304,11.49,4.3849,7.0773,7.4184,12.172,4.7283,12.196,6.0674,4.8748,9.9166,14.581,12.056,17.453,5.9968,7.9834,4.1464,0.049383,0.061728,0.54321,0.33333,0.012346,0,0,1,0,0,0,0,1,0,0,0
2.4693,6.3991,25.011,7.4448,9.4439,36.188,5.4958,1.1678,1.5325,1.7289,3.1193,10.266,1.4197,3.964,2.4814,3.6708,38.872,6.8701,4.8659,2.5817,6.89,18.118,6.1616,12.087,9.2299,5.5268,0.36057,25.522,12.09,4.8474,8.5814,8.0799,7.513,0,0.041096,0.67123,0.28767,0,0,0,1,0,0,0,0,0.9726,0.027397,0,0
0,1.6155,6.5339,6.9702,6.6733,61.889,6.5364,3.9673,5.0829,0.73125,0,9.4546,2.831,4.2684,4.6605,12.185,30.06,19.443,3.3307,3.5235,3.3925,6.8514,4.9082,5.5778,2.0049,5.2525,25.27,23.27,10.787,8.8186,1.7073,4.7833,7.6206,0,0,0.33333,0.66667,0,0,0,1,0,0,0,0,1,0,0,0
1.2807,8.4048,9.2979,6.2039,5.7531,42.378,4.8332,7.1785,7.8883,3.2007,3.5808,4.2038,6.3845,5.9294,6.189,12.114,20.16,12.622,6.6382,2.5765,4.1203,19.063,8.6686,12.403,4.2787,5.6677,10.752,16.478,12.954,7.095,6.6564,8.261,6.7857,0,0,0.12791,0.87209,0,0,0,1,0,0,0,0,1,0,0,0
0,0.91037,5.7137,2.4928,0.52051,46.389,17.792,9.3654,11.535,2.258,3.0233,12.838,5.7753,5.8444,6.4611,15.481,36.408,7.8123,2.344,3.125,1.4336,2.4773,12.588,12.429,5.0371,9.2496,18.378,31.552,1.4545,0,1.8681,3.7523,3.6916,0,0.014085,0.21127,0.73239,0.042254,0,0,1,0,0,0,0,1,0,0,0
2.5147,7.5627,5.7229,11.347,4.2678,32.494,14.656,8.7319,5.9563,4.4149,2.3319,11.748,14.571,9.0266,4.6446,10.468,10.603,9.4114,7.0387,5.7198,4.7009,12.067,27.28,16.459,8.8873,5.3723,5.0413,4.6923,3.6684,3.4175,10.606,6.5069,8.0681,0,0.30303,0.63636,0.060606,0,0,0,0.24242,0.75758,0,0,0,0.15152,0.84848,0,0
9.5179,3.1718,7.4792,4.0378,5.0464,40.636,1.7123,3.9417,14.542,7.2725,2.6429,12.14,12.267,0.94296,5.3877,7.8822,30.825,4.4581,12.265,2.1795,2.1197,9.5325,15.927,6.5926,5.9862,9.8176,9.087,28.03,2.4568,8.2155,7.916,2.3783,3.5937,0,0.36364,0.51948,0.11688,0,0,0,1,0,0,0,0,1,0,0,0
0.22831,0,0,0,0.22831,97.951,0,0.25133,1.1129,0.22831,0,0.22831,0,0.22831,0.25133,7.6583,73.827,17.327,0,0.22831,0.25133,0,0,0,0,0,20.792,76.056,1.5592,0,0.45663,0.63324,0.50265,0,0,0.87879,0.12121,0,0,0,1,0,0,0,0,1,0,0,0
24.867,2.1461,3.0761,3.279,10.083,36.102,3.7349,2.8237,6.2992,5.2566,2.3325,24.498,7.5092,3.1136,3.6957,7.148,16.072,15.513,9.9182,2.8442,3.0582,6.629,22.335,4.9801,1.5142,8.2549,7.2938,15.314,11.881,6.1862,9.8044,6.3641,6.0724,0.17582,0.53846,0.21978,0.021978,0.043956,0,0,0.38462,0.61538,0,0,0.54945,0.40659,0.043956,0,0
0,0,7.6069,9.4938,12.088,38.681,17.753,2.5729,3.4819,8.1313,0.19072,7.3516,5.9664,10.273,8.0201,4.663,19.335,12.579,2.9727,13.309,6.6376,8.893,4.6132,14.189,3.7758,10.609,8.5703,14.746,9.3662,8.1712,10.287,6.1364,9.5355,0.042553,0,0.12766,0.042553,0.78723,0,0,1,0,0,0,0,1,0,0,0
2.7488,4.6664,9.4047,9.0478,10.482,28.76,8.9019,7.1448,7.6317,5.4295,5.7825,10.92,10.915,8.56,5.2933,12.182,14.93,8.9031,5.1649,5.0436,7.1133,10.974,11.655,8.6557,5.789,4.8718,7.6739,7.8019,12.303,7.7192,9.0467,13.718,10.765,0,0.010989,0.032967,0.92308,0.032967,0,0,1,0,0,0,0,1,0,0,0
0,33.333,0,0,33.333,0,0,0,33.333,0,0,33.333,0,0,0,66.667,0,0,0,0,0,0,0,0,0,33.333,0,0,0,33.333,0,0,33.333,0,0,0,0,1,0,0,1,0,0,0,0,1,0,0,0
0.5806,1.4037,4.0393,3.6222,1.653,53.308,13.242,8.3443,9.4073,1.8785,2.5212,19.663,5.1017,2.9748,7.7091,10.467,33.572,8.6819,3.1716,0.33555,3.3686,4.9544,10.927,11.057,7.2789,6.4042,19.412,31.842,3.4525,0.40708,1.3121,3.9967,3.9101,0,0.047619,0.12698,0.8254,0,0,0,1,0,0,0,0,1,0,0,0
0,40.112,0,19.079,8.0823,18.02,6.6251,0,8.0823,0,0,14.707,3.3126,8.0823,11.395,48.194,0,0,0,9.5394,0,4.7697,17.622,11.395,11.395,40.112,0,0,0,11.395,4.7697,0,3.3126,0,0,0,0,1,0,0,1,0,0,0,0,1,0,0,0
0.23933,2.4584,12.908,10.186,8.1229,48.759,2.1754,1.4288,11.838,0.47866,1.4067,11.55,2.9454,5.6466,3.9559,13.4,27.568,12.816,3.8311,3.1362,7.3716,7.7793,8.2566,1.5599,2.0779,4.6723,8.8527,23.621,15.939,7.8344,5.2655,10.235,11.687,0,0.095238,0.90476,0,0,0,0,1,0,0,0,0,1,0,0,0
13.885,1.0634,5.3307,0.54133,3.8192,60.459,0.21682,0.23339,9.4176,3.9871,1.0468,15.63,0.99168,2.8933,2.8355,7.0132,35.222,23.807,2.3708,1.6671,2.9434,4.6272,6.5654,1.9637,3.1768,2.3543,13.687,35.943,17.769,4.6857,6.0876,2.5834,5.1839,0,0,0.93617,0.06383,0,0,0,1,0,0,0,0,1,0,0,0
0.99268,7.677,14.501,0.99268,13.545,46.329,0.64537,2.2078,9.486,1.9854,1.6381,3.5321,2.3672,7.7252,4.575,10.197,44.756,2.9677,2.6307,7.9175,11.312,2.0199,11.511,8.781,5.1986,1.6381,0,43.095,3.234,6.6706,9.2028,6.3276,4.3423,0,0,1,0,0,0,0,1,0,0,0,0,1,0,0,0
1.2127,3.154,16.55,0.90567,4.6341,49.002,4.2028,1.2127,15.581,1.0923,2.4536,7.1579,1.5494,6.2232,3.2986,10.264,48.026,4.5708,3.5344,6.5422,3.7806,5.0529,15.326,4.9033,0.699,5.9405,1.2127,45.569,2.2198,10.985,2.4362,5.8015,4.9074,0,0.014925,0.98507,0,0,0,0,0.98507,0.014925,0,0,0,0.76119,0.23881,0,0
0,6.9138,0.31373,2.2505,19.925,42.688,14.596,8.8378,4.4755,0,0,1.924,14.91,12.628,11.845,3.8871,15.51,11.715,9.1515,0,8.439,9.9911,17.617,20.342,0.38462,0.31373,0.31373,25.598,1.795,14.622,16.462,0.31373,2.2378,0,0,0,0,1,0,0,1,0,0,0,0,1,0,0,0
0,9.671,7.7411,19.005,14.132,21.402,12.392,4.0532,11.603,0,0,1.7388,5.4205,9.491,14.719,8.7572,3.5257,15.692,4.4378,0,1.7388,34.479,17.423,11.985,0.59296,0.38461,0.38461,11.898,3.4906,18.016,25.96,0.38461,9.4799,0.46154,0.23077,0,0.076923,0.23077,0,0,1,0,0,0,0,1,0,0,0
10.731,2.296,9.2265,1.0041,12.987,37.118,3.5553,1.7961,10.22,8.5468,2.5193,9.0536,7.3418,2.4043,9.8632,7.9197,24.005,6.2284,20.171,4.386,2.2453,6.3814,16.688,7.5504,4.209,9.8165,5.9991,21.515,5.1221,8.7888,14.237,3.0537,3.0203,0,0,0.25676,0.45946,0.28378,0,0,0.91892,0.081081,0,0,0,0.93243,0.067568,0,0
0,9.2475,9.2475,19.576,16.768,16.371,13.07,2.1575,13.563,0,0,2.1575,3.8225,5.396,13.563,3.2428,5.4832,16.309,2.1575,0,4.8991,42.97,12.486,11.989,0,0,0,11.468,1.0809,20.624,30.948,0,11.405,0,0,0,0,1,0,0,1,0,0,0,0,1,0,0,0
2.0634,7.007,4.5756,7.5454,6.5314,33.743,11.465,10.309,7.2623,5.0604,4.4367,11.115,13.906,7.519,6.1175,9.6881,13.466,8.6575,7.0102,3.771,4.3646,14.385,20.582,12.479,8.3648,6.0717,5.7981,8.3697,6.5364,4.7938,6.4684,9.8752,10.661,0.15789,0.84211,0,0,0,0,0,1,0,0,0,0.78947,0.21053,0,0,0
2.1333,6.0484,12.786,5.6705,6.6539,38.307,6.6886,6.7712,7.9828,5.2046,1.7529,10.191,6.0012,4.7768,10.111,13.804,12.497,8.3292,5.8749,3.2682,6.2516,18.895,10.19,13.218,4.7698,5.7342,10.873,12.271,12.333,4.8763,7.1645,9.0431,9.5269,0,0,0,0,1,0,0,1,0,0,0,0,1,0,0,0
2.7986,1.9737,10.672,7.5393,11.739,40.862,12.438,2.685,2.9447,4.153,2.1945,12.088,4.7984,5.6437,7.2387,14.803,20.906,15.063,4.0089,3.5802,6.9482,4.9213,4.2434,4.8732,3.456,7.501,12.706,15.867,14.43,9.0378,10.483,9.6427,7.7596,0.03125,0.046875,0.5625,0.35938,0,0,0,1,0,0,0,0,1,0,0,0
0.2277,3.5816,5.4625,6.0779,10.924,54.234,2.3972,3.8789,7.6315,4.4414,1.1427,6.6377,2.5502,2.9535,4.1342,14.481,26.458,12.724,6.5265,3.954,3.3423,16.238,3.5331,4.5432,3.0357,3.1474,10.109,25.072,19.246,7.4801,7.9248,8.443,7.465,0,0,0,0.97403,0.025974,0,0,1,0,0,0,0,1,0,0,0
0,0.32713,6.5669,7.6572,15.129,55.207,3.5957,1.942,5.1068,3.9174,0.55136,7.7795,2.7085,6.2526,4.5461,10.554,32.166,10.31,3.421,5.1522,4.404,12.706,4.6126,7.2521,4.3049,4.8915,10.947,28.318,13.819,7.8211,8.5779,5.4733,3.9835,0,0,0.92308,0.076923,0,0,0,1,0,0,0,0,1,0,0,0
0.82781,7.0449,6.2123,7.1084,7.0692,42.396,5.7174,7.8336,8.2484,6.1344,1.4075,6.268,7.8288,5.1106,6.5433,13.486,16.294,10.565,4.2904,3.9765,4.9866,20.651,11.301,9.7445,3.7905,8.4326,10.538,16.409,10.01,5.7625,8.8455,7.8864,7.2802,0,0.021053,0.10526,0.81053,0.063158,0,0,1,0,0,0,0,0.97895,0.021053,0,0
0.17386,2.3836,4.9578,10.911,15.583,49.376,2.7266,4.5554,5.0985,3.196,1.0382,8.7663,4.3036,3.5297,3.2336,10.282,27.715,10.492,5.5399,3.4621,6.0289,16.646,8.9767,6.1021,3.791,5.4032,10.203,24.682,11.819,10.569,5.9921,8.4059,4.0563,0,0,0.067308,0.93269,0,0,0,1,0,0,0,0,1,0,0,0
1.3585,2.747,4.2576,10.212,14.287,40.391,6.4216,6.641,9.2038,4.1617,0.31884,11.771,8.3446,4.7082,4.8492,11.468,19.493,10.621,4.052,4.5244,7.7681,12.4,10.15,5.3266,3.9537,5.6843,9.141,19.216,10.239,8.1873,8.1373,10.148,9.8168,0.006135,0.006135,0.030675,0.90184,0.055215,0,0,1,0,0,0,0,1,0,0,0
4.5788,2.5617,3.95,8.451,11.12,46.691,5.8835,3.3476,4.0546,7.127,2.2349,15.552,6.8109,2.5772,3.5182,11.397,23.704,14.153,5.0559,4.1109,7.2321,5.8888,5.8846,2.7903,1.9019,4.0433,7.233,23.385,14.517,10.554,10.744,11.189,7.7591,0,0,0.027273,0.97273,0,0,0,1,0,0,0,0,1,0,0,0
1.3617,3.8672,8.3526,8.2373,7.5591,41.286,5.0139,7.815,9.8224,5.9099,0.77451,4.7532,7.8111,4.0619,7.4175,13.739,13.835,13.266,7.4927,4.255,6.2399,17.129,10.016,12.541,4.7752,3.7659,11.671,18.319,9.9968,5.9984,5.1264,8.0499,9.7408,0,0,0,0.16667,0.83333,0,0,1,0,0,0,0,1,0,0,0
5.4273,0.66149,2.2446,1.4605,8.7881,46.673,1.1832,3.745,15.512,12.737,1.5673,11.711,4.5164,0.76324,12.936,9.6492,33.597,8.1607,5.3369,4.2421,5.8151,3.2721,7.1312,7.1939,5.9504,3.9617,7.8774,28.356,8.4115,8.7898,13.291,2.2318,6.8049,0,0.56122,0.40816,0.030612,0,0,0,1,0,0,0,0,1,0,0,0
0.87257,5.9487,7.878,2.0941,1.9196,35.521,9.3641,6.2976,17.15,12.954,0,7.619,9.5386,5.5172,12.082,18.04,5.0684,7.1625,4.8862,1.7451,6.7387,21.603,14.183,16.985,6.7387,11.823,11.458,9.0821,5.3351,2.7922,8.0504,7.3446,6.2077,0,0,0,0,1,0,0,1,0,0,0,0,1,0,0,0
6.1292,2.9982,0.40614,2.2349,1.881,73.956,5.1122,0,0.52934,5.6939,1.0587,12.19,1.3467,1.2944,7.2954,6.4121,55.71,9.7008,1.0587,0.40614,1.4648,3.1214,0,0.40614,0.40614,6.3576,3.4534,58.028,14.762,5.6494,8.8198,1.588,0.52934,0.011905,0.059524,0.035714,0.34524,0.54762,0,0,1,0,0,0,0,1,0,0,0
1.7039,2.4804,7.5757,5.6261,11.886,57.914,2.6231,4.6657,3.1261,1.0144,1.3847,12.136,4.8128,0.97557,1.2406,13.723,29.708,17.088,4.6348,1.3407,5.5255,8.8153,7.7274,2.6242,2.2577,4.9288,16.683,29.681,8.795,8.7136,2.2617,10.716,5.6121,0,0,0.7561,0.2439,0,0,0,1,0,0,0,0,1,0,0,0
3.334,5.9988,9.2494,8.7989,6.6371,43.609,3.3178,3.4146,7.0843,6.7249,1.8312,17.215,4.368,3.2244,2.8089,8.5225,20.236,16.993,10.547,0.9217,8.4852,6.6783,5.6713,2.1479,6.8814,6.061,10.39,18.158,10.302,10.596,5.4554,14.859,9.4791,0,0.010417,0.03125,0.95833,0,0,0,1,0,0,0,0,1,0,0,0
1.9783,7.9466,12.811,6.0246,8.9255,39.055,5.582,2.2537,11.325,2.4663,1.6318,18.66,8.7323,5.1102,2.256,3.7312,19.38,15.75,15.555,1.7027,4.6423,4.4799,5.5157,3.0977,8.7532,7.4868,12.434,11.089,14.521,10.219,7.6885,12.147,7.0493,0,0,0.061069,0.85496,0.083969,0,0,1,0,0,0,0,1,0,0,0
0.40952,2.8411,16.557,9.5468,8.7164,45.607,2.9528,0,12.099,0.86089,0.40952,17.026,9.13,3.9725,7.3631,2.9918,20.32,19.361,15.889,0.40952,0.72684,2.8105,5.0774,2.2559,6.2044,5.517,11.05,10.767,23.035,6.7815,9.6401,14.936,4.7353,0,0,0,0,1,0,0,1,0,0,0,0,1,0,0,0
0,2.0823,2.9852,1.776,2.2142,3.355,43.892,0.2693,43.426,0,0,4.5957,4.0272,1.3764,0.33446,1.1055,0.53861,0.70584,44.867,0,0.2693,42.18,1.7109,1.1071,43.593,43.994,2.4167,0.16723,0.33446,2.3815,2.6508,1.2075,0.43653,0,0,0,1,0,0,0,1,0,0,0,0,1,0,0,0
0,0.6849,1.3698,0.6849,24.658,0.6849,24.658,23.288,23.973,0,0,26.027,2.0547,0.6849,0,0,0,0,24.658,0,0,46.575,23.973,0.6849,23.973,1.3698,0.6849,0,0,24.658,1.3698,0,23.288,0,0,0,1,0,0,0,1,0,0,0,0,1,0,0,0
0,1.6157,2.5589,14.211,6.093,69.285,4.9516,1.2839,0,0,0,7.75,10.929,0.99573,8.5656,13.419,33.506,13.009,3.9217,0.88254,2.6454,4.3767,10.05,4.2063,5.3224,1.1573,4.6426,31.241,22.415,2.1664,7.7864,8.3083,2.7048,0,0,0,0,1,0,0,1,0,0,0,0,1,0,0,0
0,1.297,8.0252,19.265,9.6129,54.738,3.3661,3.3773,0,0.31841,0,9.8778,8.7863,1.9255,7.1569,9.8422,33.199,9.6269,3.1993,3.0808,5.8164,7.4887,4.7495,4.2324,3.191,2.3012,4.8629,35.536,9.7379,3.698,7.2547,15.783,8.6531,0,0,0.34375,0.34375,0.3125,0,0,1,0,0,0,0,1,0,0,0
0,0.53053,7.1096,15.535,10,51.237,4.5887,4.8013,1.3157,4.4337,0.44882,12.967,8.9568,4.0075,5.3415,5.0498,28.373,10.859,3.0792,8.8301,3.9759,8.5601,4.2741,7.364,5.5365,4.8465,2.0017,29.022,9.9506,3.6712,9.0832,12.01,12.241,0,0,0,0.058824,0.94118,0,0,1,0,0,0,0,1,0,0,0
0,0,12.896,10.696,6.763,26.658,35.94,2.3283,0.85554,3.178,0.68491,6.5888,4.6137,11.391,10.093,3.6431,17.754,12.018,1.2068,16.759,9.9349,5.9971,5.1359,20.035,8.6675,25.774,5.621,8.5062,4.6212,4.7899,5.0575,2.6115,9.1805,0,0,0.029412,0.79412,0.17647,0,0,1,0,0,0,0,1,0,0,0
0,0,12.294,6.294,3.062,42.765,25.932,1.0773,0,7.8544,0.72167,4.5053,9.6534,6.9499,8.2101,9.4074,13.951,24.613,0.54134,4.8506,8.2101,9.1071,4.0736,21.571,1.8044,10.479,24.613,11.387,9.5877,8.9318,1.799,1.4433,4.3093,0,0,0,0.53333,0.46667,0,0,1,0,0,0,0,1,0,0,0
3.0184,7.589,19.324,0.87685,6.7122,38.112,7.2877,4.8063,11.58,0.6936,0,0,2.8018,17.339,6.5138,4.8826,43.299,7.2877,0,4.2352,10.839,2.8018,13.626,13.089,5.6982,10.306,4.8063,33.305,0,5.6036,4.604,5.4665,3.4954,0,0.027778,0.36111,0.25,0.36111,0,0,1,0,0,0,0,1,0,0,0
1.4554,3.4499,5.3086,1.5078,4.8572,42.689,6.4752,6.2415,19.87,6.7586,1.3865,23.666,7.8683,0.90304,7.4411,9.275,25.092,4.2843,10.558,1.2037,4.9292,4.7789,11.348,11.178,10.119,5.8257,13.363,26.112,3.0454,4.4155,5.6946,1.5975,7.3015,0,0,0.055556,0.94444,0,0,0,1,0,0,0,0,1,0,0,0
2.3374,3.1149,9.9156,0.93764,2.8747,44.249,15.757,8.938,8.9986,1.4815,1.3955,5.3628,2.1096,10.362,5.078,5.5248,44.437,13.226,1.9388,7.0919,3.6499,1.2192,6.9823,11.679,6.7188,16.865,14.172,28.562,0.93764,3.9521,2.5379,6.4064,1.1871,0,0.018349,0.13761,0.84404,0,0,0,1,0,0,0,0,1,0,0,0
4.8486,10.879,15.683,2.2132,7.8028,31.456,6.5343,9.6324,6.2245,3.0573,1.6696,0.89283,1.2231,12.89,10.541,3.5662,34.219,6.7313,2.8927,13.452,13.146,0.44641,12.49,18.581,8.2738,11.383,4.5512,25.681,1.2231,3.7855,7.7705,5.0054,1.2544,0,0.044643,0.95536,0,0,0,0,1,0,0,0,0,1,0,0,0
1.8544,2.6942,9.3689,4.3261,14.889,45.722,13.133,2.2696,2.8879,2.0435,0.81106,7.0536,7.7052,10.291,4.7519,18.603,16.746,12.694,4.796,5.8612,7.3302,4.1681,4.5427,6.2977,3.4306,11.041,14.815,9.7075,15.836,15.411,5.3292,5.1154,8.4727,0.12245,0.5102,0.30612,0.05102,0.010204,0,0,0.58163,0.41837,0,0,0.57143,0.42857,0,0,0
1.5554,3.8574,12.516,4.8408,10.998,47.386,1.1733,0,11.287,3.6577,2.7287,8.413,2.2836,5.2771,2.7166,6.3303,44.646,2.5037,6.3547,8.0003,8.5264,4.9488,10.716,3.8574,0.70998,3.8193,0,38.788,8.5984,9.6108,10.384,8.9862,4.5311,0,0,1,0,0,0,0,1,0,0,0,0,1,0,0,0
0.61419,1.9475,11.271,7.26,7.9025,49.525,0.57368,0,18.49,1.2284,1.1879,6.8578,1.0904,2.1808,2.9634,11.273,39.209,9.4755,5.3557,10.529,3.3852,7.6809,9.1142,1.9475,0,2.8685,0,39.17,10.831,6.503,2.4568,11.062,16.047,0,0.072727,0.92727,0,0,0,0,1,0,0,0,0,1,0,0,0
0,0.34101,3.4153,2.8003,0.34101,64.735,10.341,4.5863,8.9211,3.2148,1.3045,9.6661,3.1809,2.0079,2.7902,9.8266,56.818,8.4379,2.4111,3.2556,0.34101,1.2648,5.2774,6.3534,2.8416,6.4382,14.097,50.486,1.7773,1.7484,3.2148,4.2098,3.5558,0,0.10714,0.02381,0.86905,0,0,0,1,0,0,0,0,1,0,0,0
3.281,1.6835,5.245,3.287,13.284,49.425,2.3749,0.63015,10.823,7.3151,2.6508,3.9349,3.2618,7.7838,4.3937,6.8943,44.984,5.3519,7.9177,6.2801,7.2507,1.947,4.5769,2.379,0,6.324,2.5204,40.726,6.1786,7.1916,13.268,10.815,6.0203,0,0.011628,0.56977,0.4186,0,0,0,1,0,0,0,0,0.71512,0.28488,0,0
1.5136,8.6395,2.3497,7.9195,5.76,38.374,12.79,11.165,8.1476,3.0214,0.31916,20.503,8.2348,8.3766,5.7291,8.8895,13.259,8.9256,5.2623,6.5157,5.4966,8.8076,20.459,10.888,12.739,6.7851,5.5489,8.3322,4.5556,2.0383,9.3809,8.254,11.019,0.125,0.875,0,0,0,0,0,1,0,0,0,0,0.95833,0.041667,0,0
1.0517,3.4588,7.7128,2.1895,2.1895,51.968,4.0893,1.3593,14.222,4.1264,7.6326,8.0796,6.1537,7.0289,3.2081,7.2882,44.191,4.3932,5.5526,1.933,0.966,11.205,6.3731,4.4632,3.1356,3.5748,3.5803,36.627,8.2997,9.5915,6.9033,8.4852,8.966,0.06,0.78,0.11,0.05,0,0,0,1,0,0,0,0,0.99,0.01,0,0
1.0148,2.884,10.19,7.7327,3.6996,36,0,0.59079,25.901,5.066,6.9208,8.8059,6.3025,8.5538,8.7656,11.87,26.532,7.1549,4.6787,3.6153,6.3236,7.3977,2.8515,0.84808,0.84808,1.4518,0,20.953,17.298,9.3969,6.7622,18.942,20.649,0,0.036697,0.87156,0.091743,0,0,0,0.97248,0.027523,0,0,0,0.6789,0.3211,0,0
1.3608,2.0135,3.78,13.017,16.563,33.795,8.2612,10.988,6.0578,3.7072,0.45648,9.4709,13.474,5.2366,3.3425,14.391,12.817,13.064,3.3673,7.8657,8.0373,8.9341,11.976,8.4029,3.2699,4.1269,6.9881,12.839,14.858,6.0229,8.7244,10.559,12.232,0,0.19355,0.80645,0,0,0,0,1,0,0,0,0,1,0,0,0
1.8581,2.5167,11.997,6.7826,6.0654,43.543,10.665,0.88721,9.1584,3.4328,3.0938,6.2212,4.249,6.0507,9.4347,12.203,25.243,16.927,3.0681,3.0072,7.2038,6.3924,2.9912,2.8802,1.9231,10.092,18.167,13.177,14.156,8.2399,5.5551,12.45,10.368,0,0.15315,0.84685,0,0,0,0,1,0,0,0,0,0.90991,0.09009,0,0
3.0301,5.1108,4.2328,9.2256,18.853,39.354,8.9921,3.4059,3.7916,2.7889,1.2159,9.8799,8.9069,7.3408,2.3195,16.82,14.717,14.05,4.9925,7.2653,8.3849,5.3228,5.2342,5.65,2.6412,7.7562,9.8788,13.734,13.981,17.192,10.793,4.8518,8.2879,0.2973,0.1982,0.4955,0.009009,0,0,0,0.95495,0.045045,0,0,0.15315,0.54955,0.2973,0,0
0.76877,5.9107,15.27,7.8678,12.352,29.495,6.1962,7.91,7.4552,4.1336,2.6402,10.632,4.9946,1.1264,7.2201,10.884,22.199,9.8829,6.8026,3.6859,6.5486,16.023,6.3164,9.8774,7.8527,5.7362,8.1333,9.9915,13.516,15.313,8.2288,8.5426,6.492,0,0.54054,0.32432,0.13514,0,0,0,1,0,0,0,0,1,0,0,0
0.3884,7.6662,5.4484,3.6535,4.2171,50.688,3.5719,6.9005,10.103,5.4629,1.9002,4.953,3.1568,5.3317,2.0055,15.006,24.815,14.045,5.93,3.0722,4.4075,17.277,5.5926,6.3529,2.3263,2.0399,9.7626,26.012,12.997,5.2865,5.84,9.153,14.637,0,0,0,0.93617,0.06383,0,0,1,0,0,0,0,1,0,0,0
0.18864,9.0017,2.3166,4.5528,5.6121,51.556,5.5576,11.336,2.8056,3.7752,3.2976,11.844,1.9044,1.6374,1.6597,13.78,21.051,17.322,5.7458,3.6538,4.4759,16.926,4.858,1.9912,3.2012,4.4418,9.9862,21.71,15.133,2.2647,7.3113,6.844,22.259,0,0,0,0.4,0.6,0,0,1,0,0,0,0,1,0,0,0
2.4416,1.3003,3.3219,10.091,16.291,38.784,13.883,6.2163,4.4577,2.8933,0.31938,12.159,6.6011,5.7139,5.9544,13.242,16.368,16.133,4.0148,6.4543,6.7786,6.581,7.2818,5.9067,1.9938,8.1071,9.7731,15.907,12.442,10.463,12.61,7.2248,8.2895,0,0.042254,0.042254,0.91549,0,0,0,1,0,0,0,0,0.97183,0.028169,0,0
0.47797,7.8121,9.5152,5.3549,2.8758,48.889,7.5228,5.4733,11.069,0.33912,0.6715,8.8048,5.5834,2.8352,6.4982,13.602,25.944,15.105,4.2039,1.7131,6.7201,8.9896,5.5432,6.4757,4.8009,8.8728,19.82,22.253,5.5504,4.8406,4.6953,5.6855,11.463,0,0,0,1,0,0,0,1,0,0,0,0,1,0,0,0
1.0376,9.7697,10.721,4.2771,4.6189,43.004,12.73,1.1365,7.0146,3.128,2.5628,6.5361,4.7143,4.6671,10.109,11.433,25.013,15.802,4.4566,3.0273,6.8902,7.3508,2.1279,7.7152,3.4782,12.834,19.548,15.163,8.5918,7.4981,6.039,7.0815,9.9232,0,0,0.057143,0.94286,0,0,0,1,0,0,0,0,1,0,0,0
1.3456,10.066,11,1.7201,2.9848,42,11.157,3.1413,14.009,1.662,0.91416,7.9429,2.82,2.1087,12.22,9.669,27.533,12.853,2.8994,2.5474,8.189,11.217,1.5632,10.513,3.0268,12.617,19.448,21.132,4.6214,3.931,6.0409,8.0424,9.0641,0,0,0.11579,0.88421,0,0,0,1,0,0,0,0,1,0,0,0
0,0,8.386,8.7396,10.713,46.019,16.19,2.7913,1.6847,5.1522,0.32455,7.9192,4.6484,8.878,5.9269,8.5783,25.298,14.208,1.7153,7.9187,6.2772,8.6329,6.2435,13.405,2.7163,11.495,13.14,20.789,7.8488,7.1086,6.7678,4.0478,6.4371,0,0,0.012195,0.9878,0,0,0,1,0,0,0,0,1,0,0,0
0,0,3.2763,10.205,15.393,57.733,5.9763,3.3921,3.1388,0.88586,0,10.996,3.333,3.4831,0.93697,12.772,32.869,12.814,1.2647,2.8868,7.6583,10.986,12.044,3.9864,4.0432,4.2066,10.487,36.442,7.6596,10.235,3.7986,4.1862,2.9117,0,0,0,1,0,0,0,1,0,0,0,0,1,0,0,0
0,0.21925,6.9834,12.788,16.08,45.815,6.3902,3.0114,4.1051,4.0452,0.5623,10.8,4.1019,7.6185,2.1587,11.771,24.733,9.8568,5.6359,6.2772,5.2934,11.752,10.377,6.4463,3.1997,5.509,9.3805,22.041,12.734,9.3379,8.8273,8.2304,3.9169,0,0,0.020202,0.9798,0,0,0,1,0,0,0,0,1,0,0,0
0,0,10.208,5.8579,5.8883,49.647,23.919,1.26,0,2.8535,0.36622,8.1823,3.697,7.0316,6.31,11.548,26.455,15.391,1.6509,7.6883,5.9186,6.1271,7.1075,15.298,6.6221,13.149,10.649,33.115,4.113,3.7221,1.6262,0.73244,3.8659,0,0,0,0.33333,0.66667,0,0,1,0,0,0,0,1,0,0,0
8.6678,2.9991,1.5737,0.74452,1.1574,59.321,2.6943,0.33167,3.3952,13.255,5.8597,20.485,3.0028,1.6444,2.0825,8.7378,42.65,7.761,5.0117,0,6.0278,2.5975,0.33167,0,2.8158,3.5235,5.007,44.578,9.574,10.636,9.7144,10.559,3.2608,0,0.09375,0.046875,0.28125,0.57812,0,0,1,0,0,0,0,1,0,0,0
