h1,h2,h3,h4,h5,h6,h7,h8,h9,h10,h11,h12,h13,h14,h15,h16,h17,h18,h19,h20,h21,h22,h23,h24,h25,h26,h27,h28,h29,h30,h31,h32,h33,h34,h35,h36,h37,h38,h39,h40,h41,h42,h43,h44,h45,h46,h47,h48,label
0,0,0,0,0,100,0,0,0,0,0,0,0,0,2.7471,27.759,65.593,3.9011,0,0,0,0,0,0,0,0,22.968,74.334,2.6982,0,0,0,0,0,0,0.05,0.15,0.8,0,0,1,0,0,0,0,1,0,0,0
0,0,0,0,0,100,0,0,0,0,0,0,0,0,0.97112,23.648,71.803,3.5772,0,0,0,0,0,0,0,0,30.352,68.968,0.67951,0,0,0,0,0,0,0.63333,0.16667,0.2,0,0,1,0,0,0,0,1,0,0,0
0,0,0,0,0,100,0,0,0,0,0,0,0,0,0,22.829,69.344,7.8263,0,0,0,0,0,0,0,0,27.106,72.894,0,0,0,0,0,0,0,1,0,0,0,0,1,0,0,0,0,1,0,0,0
0,0,0,0,0,100,0,0,0,0,0,0,0,0,2.404,26.987,65.23,5.3798,0,0,0,0,0,0,0,0,29.994,66.656,3.3503,0,0,0,0,0,0,1,0,0,0,0,1,0,0,0,0,1,0,0,0
0,0,0,0,0,100,0,0,0,0,0,0,0,0,0.68703,32.216,56.363,10.734,0,0,0,0,0,0,0,0,38.819,60.584,0.59701,0,0,0,0,0,0,1,0,0,0,0,1,0,0,0,0,1,0,0,0
0,0,0,0,0,100,0,0,0,0,0,0,0,0,0,14.095,70.1,15.806,0,0,0,0,0,0,0,0,31.368,68.632,0,0,0,0,0,0,0,0.9697,0.030303,0,0,0,1,0,0,0,0,1,0,0,0
0,0,0,0,0,100,0,0,0,0,0,0,0,0,0.60013,20.222,65.939,13.239,0,0,0,0,0,0,0,0,31.063,67.737,1.2003,0,0,0,0,0,0,1,0,0,0,0,1,0,0,0,0,1,0,0,0
0,0,0,0,0,100,0,0,0,0,0,0,0,0,0,11.496,73.194,15.31,0,0,0,0,0,0,0,0,19.396,80.604,0,0,0,0,0,0,0,1,0,0,0,0,1,0,0,0,0,1,0,0,0
0,0,0,0,0,100,0,0,0,0,0,0,0,0,0,6.8194,74.018,19.162,0,0,0,0,0,0,0,0,15.005,83.652,1.3431,0,0,0,0,0,0,0.94737,0.052632,0,0,0,1,0,0,0,0,1,0,0,0
0,0.98607,0,0,0,99.014,0,0,0,0,0,0,0,0,0.98607,3.3735,78.794,16.847,0,0,0,0,0,0,0,0.98607,9.6897,86.136,2.2025,0.98607,0,0,0,0,0,1,0,0,0,0,1,0,0,0,0,1,0,0,0
0,0,0,0,1.8731,98.127,0,0,0,0,0,0,0,0,3.6601,34.956,48.453,11.869,1.0616,0,0,0,0,0,0,0,16.067,68.404,12.594,2.9347,0,0,0,0,0,0.25,0.25,0.5,0,0,1,0,0,0,0,1,0,0,0
0,0,0,0,6.3425,93.658,0,0,0,0,0,0,0,0,13.083,21.775,48.904,11.124,5.1149,0,0,0,0,0,0,0,16.054,64.12,9.216,10.611,0,0,0,0,0,0.17857,0.28571,0.53571,0,0,1,0,0,0,0,1,0,0,0
0,0,0,0,2.553,97.447,0,0,0,0,0,0,0,0,1.5707,29.355,43.203,22.541,3.3304,0,0,0,0,0,0,0,8.2473,70.721,17.2,3.8325,0,0,0,0,0,0.10714,0.39286,0.5,0,0,1,0,0,0,0,1,0,0,0
0,0,0,0,1.9576,98.042,0,0,0,0,0,0,0,0,3.5946,21.724,67.054,6.8698,0.75717,0,0,0,0,0,0,0,18.224,74.134,4.927,2.7148,0,0,0,0,0,0.9604,0.039604,0,0,0,1,0,0,0,0,1,0,0,0
0,0,0,0,3.3409,96.659,0,0,0,0,0,0,0,0,8.8354,26.461,46.316,13.83,4.5574,0,0,0,0,0,0,0,6.3123,72.029,13.738,7.9201,0,0,0,0,0,1,0,0,0,0,1,0,0,0,0,1,0,0,0
0,0,0,0,4.8827,95.117,0,0,0,0,0,0,0,0,7.6344,20.609,54.858,13.081,3.8172,0,0,0,0,0,0,0,8.5677,62.627,16.73,12.075,0,0,0,0,0,0.052632,0.13158,0.81579,0,0,1,0,0,0,0,1,0,0,0
0,0,0,0,0,100,0,0,0,0,0,0,0,0,0,19.368,63.373,14.884,2.3752,0,0,0,0,0,0,0,17.83,56.117,25.131,0.9217,0,0,0,0,0,0,0.19444,0.80556,0,0,1,0,0,0,0,1,0,0,0
0,0,0,0,3.1588,96.841,0,0,0,0,0,0,0,0,3.6318,8.8437,67.2,14.329,5.9951,0,0,0,0,0,0,0,11.385,70.995,12.645,4.9747,0,0,0,0,0,1,0,0,0,0,1,0,0,0,0,1,0,0,0
0,0,0,0,0,100,0,0,0,0,0,0,0,0,0,5.4954,88.25,4.9468,1.3076,0,0,0,0,0,0,0,14.035,68.211,16.853,0.90066,0,0,0,0,0,1,0,0,0,0,1,0,0,0,0,1,0,0,0
0,0,0,0,0,99.353,0,0,0.64655,0,0,0,0,0,0,9.646,82.912,7.4424,0,0,0,0,0,0,0,0,11.9,73.752,12.821,0.88072,0,0,0.64655,0,0,0.93506,0.064935,0,0,0,1,0,0,0,0,1,0,0,0
0,0,0,0,0.77942,99.221,0,0,0,0,0,0,0,0,1.7052,7.0479,83.665,7.5823,0,0,0,0,0,0,0,0,18.193,76.838,4.1897,0.77942,0,0,0,0,0,1,0,0,0,0,1,0,0,0,0,1,0,0,0
0,0,0,0,1.784,98.216,0,0,0,0,0,0,0,0,2.8918,4.6355,86.991,5.4815,0,0,0,0,0,0,0,0,9.605,83,4.6355,2.7595,0,0,0,0,0,0.97826,0.021739,0,0,0,1,0,0,0,0,1,0,0,0
0,2.0933,0,0,0,97.907,0,0,0,0,0,0,0,0,5.0164,2.0933,84.177,8.7133,0,0,0,0,0,0,0,2.0933,11.665,83.175,0.97322,2.0933,0,0,0,0,0,0.9685,0.031496,0,0,0,1,0,0,0,0,1,0,0,0
0,3.4653,0,0,1.942,87.617,5.0336,0,0,0,1.942,1.942,1.5458,1.942,3.4653,5.4073,76.802,6.9531,1.942,0,0,0,0,0,0,5.0111,12.589,75.051,1.942,5.4073,0,0,0,0,0,0.95035,0.049645,0,0,0,1,0,0,0,0,1,0,0,0
0,0,0,0,0.93238,99.068,0,0,0,0,0,0,0,0,0,3.9848,90.91,5.1051,0,0,0,0,0,0,0,0,13.028,80.17,3.9848,2.8172,0,0,0,0,0,0.94958,0.05042,0,0,0,1,0,0,0,0,1,0,0,0
0,0,0,0,0,98.174,0,0,1.8264,0,0,0,0,0,0,5.5594,86.121,8.3199,0,0,0,0,0,0,0,0,17.665,74.209,5.5594,0.74022,0,0,1.8264,0,0,1,0,0,0,0,1,0,0,0,0,1,0,0,0
0,0,0,0,0,95.831,3.2481,0,0.92094,0,0,0,1.6241,0,3.2521,0,87.734,7.3895,0,0,0,0,0,0,0,1.6241,18.455,79,0,0,0,0,0.92094,0,0,0.98182,0.018182,0,0,0,1,0,0,0,0,1,0,0,0
0,0,1.4543,0,0,89.955,2.3657,0,6.2249,0,0,0.76782,1.9507,0,2.9086,0,83.044,9.8749,0,0,0,1.4543,0,0,1.4543,1.9507,12.707,76.209,0.76782,0,0,2.2221,4.6893,0,0,0.94845,0.051546,0,0,0,1,0,0,0,0,1,0,0,0
0,0,2.8745,1.7015,0,86.253,0.85074,0,8.3198,0,0,3.148,3.9988,0.85074,2.3461,0.65866,75.217,9.2049,0.85074,0,1.7015,2.0238,1.7015,0.85074,2.8745,3.148,14.027,67.246,2.9559,0,0.85074,4.3211,2.0238,0,0,0.94382,0.05618,0,0,0,1,0,0,0,0,1,0,0,0
0,1.9609,0,0,0,95.814,0,0,2.2248,0,0,2.2248,0,0,0,4.4495,71.781,19.584,1.9609,0,0,0,0,0,1.9609,0,7.8747,69.205,18.735,0,0,2.2248,0,0,0,0.86,0.14,0,0,0,1,0,0,0,0,1,0,0,0
0,3.4006,0,0.64236,0.64236,93.72,0,0,0.95201,0,0.64236,0.95201,0,0.64236,1.3362,5.1674,73.372,16.465,1.422,0,0.64236,0,0,0.64236,2.0643,1.3362,2.7067,81.741,7.9367,1.9786,0,1.5944,0,0,0.095238,0.90476,0,0,0,0,1,0,0,0,0,1,0,0,0
0,5.4249,6.6603,6.7475,0.65366,75.605,1.5885,0,1.5885,0,1.7312,7.6824,1.0775,0.65366,0,9.0347,61.575,7.3807,6.3598,2.2526,2.9063,1.0775,3.3301,3.9838,8.755,0,14.118,46.133,20.784,0.65366,0,2.2422,0,0,0.019231,0.82692,0.13462,0.019231,0,0,1,0,0,0,0,1,0,0,0
0,3.7932,5.3021,4.7239,2.0235,74.807,1.0361,0,4.4716,0,3.8424,8.2081,1.3008,1.5055,1.7697,19.964,38.347,21.844,0.51804,1.3502,3.3737,1.8189,3.1691,4.6745,5.7106,1.2517,6.3092,40.135,29.498,2.2391,0,7.0132,0,0,0.059406,0.94059,0,0,0,0,1,0,0,0,0,1,0,0,0
0,0,8.5298,9.471,1.8549,60.046,18.5,0,1.5986,0,0,11.07,1.8549,5.9971,0,14.909,43.794,5.0521,5.9971,8.9159,2.41,0,4.2649,8.9159,2.41,16.645,14.913,29.267,21.985,0,0,1.5986,0,0,0.015152,0.030303,0.25758,0.69697,0,0,1,0,0,0,0,1,0,0,0
0,2.0531,12.84,5.0796,5.707,59.841,5.9777,0,4.8273,0,3.6743,8.4263,5.4963,0.55667,0.92388,22.261,39.131,10.209,4.9078,3.4902,1.4805,3.1176,6.4202,7.1645,6.0946,2.0354,13.562,29.517,27.417,0.55667,0,6.3079,0.92388,0.25843,0.69663,0.022472,0.022472,0,0,0,1,0,0,0,0,1,0,0,0
0,6.9856,0,2.4509,4.5038,77.312,3.5136,0,0,0,5.2342,3.5136,0,3.7735,5.0952,9.9979,52.899,17.735,3.8043,0,2.4509,0.73034,0.73034,2.4509,4.9327,2.7832,16.856,53.102,10.137,5.8264,0,3.1813,0,0,0,0.97692,0.023077,0,0,0,1,0,0,0,0,1,0,0,0
5.6664,7.5309,1.2501,5.8184,2.149,56.461,9.0353,3.1663,2.6632,1.8347,4.4245,3.8855,9.4509,7.8777,7.4258,7.7273,42.443,10.576,2.357,2.5817,4.6492,1.0254,2.8601,5.9808,11.116,13.06,11.798,37.366,5.1073,3.2046,0,5.0091,4.4979,0.14706,0.18627,0.65686,0.0098039,0,0,0,0.94118,0.058824,0,0,0.14706,0.85294,0,0,0
2.7955,11.186,5.4092,4.8624,2.8852,56.621,6.5128,0.84765,0.83002,0.84765,7.2023,7.73,5.1803,4.596,7.3401,13.565,36.376,10.856,4.9249,1.6545,4.4344,3.3432,4.8713,5.9716,13.445,9.0509,10.692,28.875,17.123,3.8332,0,5.2898,0.84765,0,0.036697,0.91743,0.036697,0.0091743,0,0,1,0,0,0,0,1,0,0,0
9.0174,8.6445,5.0389,5.0694,6.2365,33.802,8.9389,3.6019,8.6412,3.652,7.3569,4.7525,10.534,6.9963,6.6832,10.254,23.946,10.247,6.2898,7.0867,8.9308,4.2791,2.0646,13.97,17.816,9.6197,16.024,12.248,5.4727,7.1263,0,4.8029,10.856,0.072072,0.64865,0.081081,0.045045,0.15315,0,0,0.92793,0.072072,0,0,0.12613,0.87387,0,0,0
3.0222,4.0573,1.4181,2.1729,2.1871,70.413,3.2736,3.0222,7.1597,1.0865,2.1871,3.2736,4.1086,7.3168,6.8482,4.3742,57.229,9.3729,4.1228,1.9357,0,1.4181,1.0865,1.9357,6.3105,5.4465,17.348,47.604,3.2736,4.3742,0,6.245,6.376,0,0,0.97744,0.022556,0,0,0,1,0,0,0,0,1,0,0,0
0,2.0481,7.2641,8.7562,2.5658,50.514,6.2107,3.4757,17.345,0.90988,0.90988,9.4174,8.4428,5.2252,5.1316,1.6559,40.656,12.705,3.9231,0,9.666,3.1771,10.576,3.1771,7.4924,7.8315,11.065,32.439,2.0186,4.2217,6.6528,10.038,4.4876,0,0.37333,0.6,0.026667,0,0,0,1,0,0,0,0,1,0,0,0
6.268,5.6411,1.0772,9.708,6.7391,41.933,9.36,4.1135,6.1923,6.7301,2.2379,5.2743,11.886,19.29,2.2379,6.1879,36.444,8.5371,2.6416,2.5581,2.1544,2.7892,4.1135,4.9436,10.748,17.16,8.7287,20.693,6.5826,6.419,1.4809,10.92,8.211,0,0.14286,0.84034,0.016807,0,0,0,1,0,0,0,0,1,0,0,0
4.3146,1.1481,6.3901,2.0615,10.084,50.161,3.6853,6.1413,13.04,0.91338,2.0615,5.0364,8.4535,4.7306,6.8305,3.8173,43.828,7.3194,9.2799,5.4627,1.8268,3.4153,2.7401,5.228,10.026,1.8427,10.502,27.85,0.91338,13.528,8.8536,6.472,12.044,0,0.016529,0.93388,0.049587,0,0,0,1,0,0,0,0,1,0,0,0
0,5.8991,14.274,11.044,9.8118,50.582,3.8259,0,1.2245,0,3.3397,10.01,1.8618,1.3756,3.8282,14.697,36.274,13.642,4.4235,5.2727,7.6327,0.98204,8.1189,7.6304,11.174,2.8461,10.583,20.508,29.471,1.3756,0,6.4283,1.8641,0.014925,0.32836,0.29851,0.089552,0.26866,0,0,1,0,0,0,0,1,0,0,0
5.1864,3.2229,11.628,18.495,12.39,28.506,5.5536,2.8109,6.6532,4.3659,1.1878,4.3659,9.5523,8.6822,1.1878,7.3829,32.214,2.0352,5.4066,9.3959,7.9787,11.798,6.4011,13.385,11.977,9.87,2.4344,18.954,3.5995,8.9968,6.1952,7.1675,11.019,0,0,0.085714,0.64286,0.27143,0,0,1,0,0,0,0,1,0,0,0
1.3562,2.6482,5.6325,6.713,26.884,36.006,0.99477,1.3562,9.4183,8.9909,0,0.99477,2.3509,13.143,0,12.062,36.853,9.3802,6.772,5.0849,4.7235,8.6358,3.643,7.3438,3.3457,0.99477,4.0901,21.507,6.6463,22.497,8.064,10.165,11.703,0,0,0,0.65891,0.34109,0,0,1,0,0,0,0,1,0,0,0
0,3.6511,2.2725,10.185,26.382,49.451,1.8129,0.90645,4.0863,0,1.2526,4.3181,2.5052,8.5098,1.8129,4.6341,40.62,11.689,3.9603,11.092,7.1312,3.7277,1.0199,2.7078,3.8837,2.7193,7.1312,32.305,1.9264,19.281,8.0457,18.272,2.7078,0,0.14634,0.29268,0.53659,0.02439,0,0,1,0,0,0,0,1,0,0,0
1.4099,5.1918,5.8265,1.8392,8.5246,9.3647,23.88,25.612,7.3767,10.27,0.70494,2.1148,2.1259,0.56713,7.1756,28.027,24.301,25.176,5.9668,0,3.2738,1.2721,0,22.385,25.798,16.687,5.5861,0.56713,2.8308,7.5145,7.5632,7.2278,3.8409,0,0,0,0.046512,0.95349,0,0,1,0,0,0,0,1,0,0,0
0,8.865,2.8921,6.477,4.7408,10.675,21.425,24.405,12.16,7.6956,0.6639,1.4709,3.0507,1.4212,6.3474,19.403,27.439,26.953,8.1264,0,1.7801,4.0082,0,19.764,30.608,11.189,4.6364,2.2769,2.1949,5.3972,12.683,8.9045,2.3456,0,0,0,0,1,0,0,1,0,0,0,0,1,0,0,0
3.7675,5.7625,4.0841,3.1719,6.8539,10.237,21.362,20.643,13.253,7.9942,2.8711,12.208,2.3772,1.4974,7.5272,22.07,20.484,26.617,4.0481,0,0.73122,2.4407,0.51003,13.188,28.069,10.969,8.3013,0,6.2356,9.7789,8.7724,13.445,0.73122,0,0,0.014706,0.073529,0.91176,0,0,1,0,0,0,0,1,0,0,0
0,3.1079,6.6325,6.9394,7.8776,13.776,29.613,20.193,7.497,4.3644,0,0,2.7165,5.5363,11.954,24.169,20.415,20.402,7.9246,0,4.2507,2.6323,0,15.178,24.134,20.345,7.4092,3.6739,5.306,5.3861,11.214,5.5881,1.7645,0,0,0,0,1,0,0,1,0,0,0,0,1,0,0,0
1.9205,3.4773,8.6969,4.4229,9.9015,8.1861,19.277,18.639,13.72,9.9163,1.8435,5.4489,0.7659,0.86847,9.7942,30.654,24.148,14.293,7.3171,0,2.2722,4.4376,0,17.848,24.428,15.744,2.2722,0.86847,1.7262,10.172,10.238,13.563,3.1407,0,0,0,0,1,0,0,1,0,0,0,0,1,0,0,0
0,0,0,10.748,1.8089,63.181,19.956,0,4.3065,0,0,15.054,0,3.6178,3.7812,17.189,36.62,7.3991,4.3065,12.032,0,0,0,6.4415,0,13.841,28.732,36.62,10.059,0,0,4.3065,0,0,0,0.42593,0.22222,0.35185,0,0,1,0,0,0,0,1,0,0,0
0,0,0,1.6592,4.0536,56.274,38.013,0,0,0,0,1.6592,3.7852,16.003,3.7852,3.3183,25.359,28.281,7.8954,9.9141,0,0,0,1.6592,0,29.758,25.796,29.235,9.7664,3.7852,0,0,0,0,0,0.44444,0.33333,0.22222,0,0,1,0,0,0,0,1,0,0,0
0,0,0,0,1.5197,72.556,25.924,0,0,0,0,3.8084,8.5539,11.593,16.619,3.8084,13.073,28.213,8.5539,5.7767,0,0,0,0,0,24.404,42.375,21.627,3.0394,8.5539,0,0,0,0,0,0.19512,0.39024,0.41463,0,0,1,0,0,0,0,1,0,0,0
2.0467,0,2.0467,1.6986,3.3972,53.14,26.539,1.6986,0,0,9.4332,18.274,13.178,9.4332,2.0467,11.48,15.225,13.574,11.132,3.9583,1.6986,0,0,2.0467,9.4332,11.797,33.926,3.9583,32.045,1.6986,1.6986,1.6986,1.6986,0,0,0,0.125,0.875,0,0,1,0,0,0,0,1,0,0,0
0,0,5.2949,5.7519,5.1721,51.334,28.516,0,3.9314,0,0,9.6833,1.7372,11.506,2.5331,5.5781,41.201,8.1944,12.25,6.4062,0.91024,0,2.6474,2.6474,0.91024,20.885,28.316,27.587,12.338,0.73644,0,3.9314,0,0,0,0.7377,0.18033,0.081967,0,0,1,0,0,0,0,1,0,0,0
0,0,1.6103,2.1221,7.2769,64.605,24.386,0,0,0,0,2.1221,3.9981,7.7013,10.625,5.826,31.119,19.893,8.1805,9.4318,1.1027,0,0.80516,2.9272,0,20.721,27.31,29.471,11.786,6.9801,0,0,0,0,0,0.59649,0.23684,0.16667,0,0,1,0,0,0,0,1,0,0,0
0,0,14.947,12.27,13.307,48.911,6.8836,0,1.9487,0,1.7321,10.899,1.7321,1.8505,4.5309,21.735,33.412,6.3813,6.4796,5.5055,5.7413,1.7321,7.4734,6.3123,7.4734,7.3299,12.562,24.039,25.009,1.2106,0,5.269,3.3202,0.041916,0.11377,0.15569,0.68862,0,0,0,1,0,0,0,0,1,0,0,0
2.311,0.86897,4.5956,5.1516,22.272,46.433,18.368,0,0,0,0,4.1906,5.129,13.401,5.9604,12.614,24.758,15.973,8.2714,4.3545,5.3481,0,2.2978,2.3474,0.96104,13.336,10.835,21.398,27.404,13.139,6.3599,0.96104,0.96104,0,0,0.083333,0.875,0.041667,0,0,1,0,0,0,0,1,0,0,0
0,0,0,0,9.9261,53.588,33.624,2.1462,0.7154,0,0,0,0.7154,8.912,6.5018,1.7073,22.813,39.276,3.4505,14.88,1.7432,0,0,1.4308,1.4308,20.767,29.783,27.048,14.346,5.1937,0,0,0,0,0.027027,0.59459,0.27027,0.10811,0,0,1,0,0,0,0,1,0,0,0
4.6517,0,4.5988,4.3298,10.723,43.712,20.432,4.2134,2.9536,3.6113,0.77411,28.945,6.6591,0.74768,12.337,15.2,13.258,13.653,4.2134,0,4.2134,0.77411,0.74768,4.4189,1.4054,15.046,44.886,0,7.4332,7.2834,5.7616,8.8052,4.2134,0,0.061224,0.55102,0.28571,0.10204,0,0,1,0,0,0,0,1,0,0,0
1.2311,1.2503,0,8.0488,11.265,52.618,17.235,4.8724,1.6241,1.8558,0,2.4814,7.0417,6.0862,7.3363,12.824,26.443,19.526,12.047,1.2526,3.1061,1.8558,0,3.2483,3.2483,15.377,10.92,23.607,19.792,9.5667,14.242,0,0,0,0,0.085366,0.45122,0.46341,0,0,1,0,0,0,0,1,0,0,0
1.7238,4.2698,8.7367,3.2689,11.202,19.079,20.671,9.1925,10.195,9.4585,2.2025,17.921,4.3901,3.1361,7.338,14.503,21.633,12.74,10.712,1.0075,3.5211,3.0986,2.559,10.533,15.227,9.1504,16.755,0.86737,7.2657,10.526,12.333,11.262,3.5211,0,0,0.25424,0.55932,0.18644,0,0,1,0,0,0,0,1,0,0,0
4.2841,6.1616,11.224,4.5524,7.6406,16.404,10.727,8.7821,16.355,8.8971,4.9729,16.129,1.1416,3.2166,6.4363,16.899,17.512,13.878,10.261,3.3463,1.1019,10.08,5.1297,6.9668,14.023,4.8188,9.346,4.4634,5.6287,9.1595,18.82,19.259,2.3859,0,0,0.30682,0.64773,0.045455,0,0,1,0,0,0,0,1,0,0,0
1.572,0,4.4938,5.8448,13.477,33.823,23.693,5.9772,3.819,3.3598,3.9397,33.584,8.6717,4.9415,4.5881,8.8547,11.705,12.221,8.6717,0.45917,5.0588,1.2452,1.7877,0.45917,5.4006,7.6326,33.068,0.91834,15.765,9.2046,8.4675,12.238,5.0588,0,0,0.30769,0.32692,0.36538,0,0,1,0,0,0,0,1,0,0,0
7.5701,0.35351,10.571,1.4697,5.6188,35.972,19.977,1.2612,6.56,5.6188,5.028,20.46,8.9407,5.6147,10.658,16.697,20.009,7.6513,6.5425,0.73417,0.48825,2.2039,2.3982,7.0601,6.8488,18.278,23.503,0.773,17.533,7.3014,6.0225,9.7941,0.48825,0,0.087719,0.52632,0.26316,0.12281,0,0,1,0,0,0,0,1,0,0,0
6.093,0.70331,10.066,4.4422,9.8437,30.466,15.107,5.9965,8.9115,5.0466,3.3244,24.136,7.4973,1.9841,7.4948,10.303,19.158,8.5414,10.988,2.4876,2.8782,4.5312,3.0567,6.409,4.5011,11.67,14.127,5.5179,13.077,10.641,15.762,12.359,2.8782,0,0.060345,0.31897,0.43103,0.18966,0,0,1,0,0,0,0,1,0,0,0
1.0454,3.43,15.424,3.5781,7.2024,35.738,4.0808,7.2719,13.755,7.1074,1.3671,17.756,2.4854,1.6605,6.0802,10.921,24.635,10.774,10.013,3.8767,0.46971,11.329,3.5857,8.0881,9.8731,1.883,4.0808,18.249,6.753,10.738,21.967,12.451,2.3307,0,0.2,0.34783,0.45217,0,0,0,1,0,0,0,0,1,0,0,0
4.0044,0.62998,17.256,1.7046,5.1614,37.316,10.888,2.2957,13.982,3.9378,2.8245,18.74,1.3288,5.7633,6.3319,7.8436,26.946,9.4751,11.718,3.6373,0.6118,7.6044,11.061,4.4429,3.8795,4.9777,12.532,21.432,7.9058,8.6341,11.11,12.137,1.8874,0,0,0.98039,0.019608,0,0,0,1,0,0,0,0,0.37255,0.62745,0,0
0.61616,0,15.657,0,0.69838,70.887,2.7113,3.1658,4.9507,0.69838,0.61616,6.4933,1.3093,5.8453,2.6238,9.8313,56.789,3.2533,3.705,2.4727,0.67375,7.0034,7.1352,6.5137,2.5549,0.69838,3.3275,62.784,3.6221,1.3145,7.5639,3.9383,0.5473,0,0,1,0,0,0,0,1,0,0,0,0,0,1,0,0
0.7127,0,14.615,0,0,72.12,0.7127,4.4208,6.7062,0,0.7127,9.3014,1.3031,0.7127,2.38,13.844,45.497,9.6639,7.9826,3.4662,1.29,4.5589,9.9901,3.3216,2.3892,0,1.4254,54.563,12.788,0.7127,9.9028,3.457,1.4504,0,0.066667,0.93333,0,0,0,0,1,0,0,0,0,0,1,0,0
10.9,8.0475,9.3842,7.5181,5.6211,39.478,7.3778,1.24,0,2.6274,7.8059,2.5478,15.2,12.073,6.734,15.594,15.177,9.0206,2.7304,6.2173,12.757,1.948,3.2402,13.824,21.037,16.671,11.98,10.465,9.5583,3.9881,1.6665,5.17,2.4003,0.26389,0.54167,0.16667,0.027778,0,0,0,0.84722,0.15278,0,0,0.68056,0.31944,0,0,0
2.9565,13.583,3.0832,14.243,9.3457,23.736,12.116,2.9565,2.4115,6.0468,9.522,12.116,8.2942,10.948,8.8952,9.4295,12.949,14.118,6.6563,2.8502,6.7436,7.0006,7.2817,9.4499,18.881,13.498,10.228,2.7813,10.223,4.9676,2.1172,14.056,6.5158,0.92105,0.078947,0,0,0,0,0,0.95614,0.04386,0,0,0.72807,0.27193,0,0,0
7.9162,10.913,17.076,13.754,9.4019,23.554,4.8118,0,0,9.3793,3.1935,12.961,11.84,3.6697,4.3978,12.012,10.938,10.496,3.8765,6.3975,11.504,11.907,7.1371,10.977,13.195,9.8858,2.961,10.565,8.1976,16.31,4.2023,13.07,3.4996,0.58042,0.13986,0.22378,0.055944,0,0,0,0.99301,0.006993,0,0,0.43357,0.56643,0,0,0
0.65931,5.1622,4.7788,9.2541,11.964,34.745,12.58,11.785,5.4814,2.8401,0.75149,3.6118,2.2537,7.5067,4.898,19.621,27.038,16.198,8.1872,0,4.1248,6.5613,0,11.058,12.908,11.931,3.3126,11.591,19.299,7.5121,11.233,7.8968,3.2583,0,0,0,0.67424,0.32576,0,0,1,0,0,0,0,1,0,0,0
0,7.6138,7.6294,10.605,4.138,19.513,16.593,13.234,9.0612,9.4595,2.1536,4.7639,2.7644,0.47947,5.1668,22.851,21.258,19.748,9.499,0.31295,2.7363,10.42,0.31295,9.9176,21.528,11.839,4.1532,6.051,7.4765,5.2892,22.336,9.7619,1.3344,0,0,0,0.57471,0.42529,0,0,1,0,0,0,0,1,0,0,0
0,0.40904,19.103,14.507,3.0525,23.486,8.2508,6.1914,20.792,2.2059,2.0023,15.573,13.163,9.509,5.5378,1.2495,11.292,11.404,6.1647,0.40904,16.517,9.181,19.635,9.9098,16.134,8.429,2.4124,5.7898,3.2098,3.7315,12.369,9.8758,8.5036,0,0.35714,0.60714,0.035714,0,0,0,1,0,0,0,0,1,0,0,0
0.25825,1.6652,8.609,13.252,8.7579,24.862,10.238,9.0067,21.312,1.434,0.60495,17.794,9.636,7.3461,11.363,6.5788,12.434,6.931,6.1606,1.7897,14.702,5.2651,16.851,7.3719,8.4745,13.345,6.5,6.412,1.9175,13.466,9.9134,12.361,3.387,0,0.77273,0.22727,0,0,0,0,1,0,0,0,0,1,0,0,0
0.35263,4.1772,14.222,6.4497,14.79,28.775,16.88,2.8236,10.235,0.8971,0.39814,13.252,12.316,7.537,13.521,11.546,12.421,7.6178,5.7576,5.4498,5.2618,5.3211,6.5308,12.682,1.8093,13.143,4.0046,7.767,5.5728,11.845,10.737,20.433,5.4755,0,0,0,0.98734,0.012658,0,0,1,0,0,0,0,0,1,0,0
1.3226,2.4491,17.133,9.0054,12.699,44.856,6.5065,0,0,2.2488,3.7798,6.0468,11.315,2.2488,2.7103,14.953,32.875,9.6294,4.7023,7.5238,3.5067,4.4895,9.0014,11.25,8.7722,3.0652,8.6547,19.558,24.188,4.4858,5.6167,4.6446,0.76304,0,0.018018,0.12613,0.85586,0,0,0,1,0,0,0,0,1,0,0,0
1.7599,5.4659,6.908,8.9129,20.075,45.889,4.8412,0,0,6.1478,0,5.4659,8.4084,7.6455,5.5302,14.297,22.386,13.257,8.1582,3.6834,6.9441,4.2244,2.9298,4.7319,3.0933,9.5721,7.3323,17.734,23.166,10.299,12.31,6.6131,2.2184,0.021277,0,0.053191,0.92553,0,0,0,1,0,0,0,0,1,0,0,0
5.0463,7.6581,8.2979,7.164,17.217,31.239,3.5765,0.86934,3.9444,12.281,2.7072,6.0855,10.614,8.6303,3.3654,10.679,24.593,10.772,4.0881,5.5433,5.4788,10.15,5.1412,10.487,11.949,9.809,3.7856,14.335,9.0646,13.724,6.1412,7.2114,8.3522,0.009901,0.63366,0.30693,0.049505,0,0,0,0.9604,0.039604,0,0,0.10891,0.89109,0,0,0
1.4879,1.4584,9.0708,10.014,15.543,54.478,1.1593,0,0,6.7898,0,5.8837,14.863,6.7701,0,14.977,25.288,13.362,4.6292,4.3006,3.7366,6.1894,2.5409,7.182,10.438,5.048,6.2047,25.197,13.856,7.3352,13.186,5.4598,3.552,0.42029,0.56522,0.014493,0,0,0,0,1,0,0,0,0.13043,0.86957,0,0,0
2.9299,2.374,4.2873,12.586,15.191,45.267,9.8848,1.087,1.2484,5.1442,0,4.5501,8.6794,5.3247,4.7925,18.487,19.296,15.074,10.121,0.91524,4.9769,7.7836,0.91524,4.4591,1.7919,6.7384,8.2771,18.399,21.122,10.535,18.901,5.0133,3.8477,0,0.0091743,0.0091743,0.98165,0,0,0,1,0,0,0,0,1,0,0,0
0,5.1616,7.8254,13.555,7.4731,38.324,7.5826,4.6749,9.9336,4.1245,1.3449,6.6365,4.2199,3.222,3.4509,20.298,19.032,19.709,5.337,0.8934,5.5818,11.619,0.8934,7.1904,9.7212,5.341,8.6526,14.474,15.337,1.3449,23.413,10.223,3.4089,0,0.058252,0.35922,0.58252,0,0,0,1,0,0,0,0,1,0,0,0
3.3969,6.5198,7.4201,9.0504,12.436,49.764,0.99135,1.9495,0.99135,7.4806,0,11,8.3326,2.8481,0,11.151,24.31,15.712,3.7652,3.056,6.8442,12.981,3.8182,5.0055,6.4729,5.0907,7.9135,21.214,17.819,10.396,10.81,7.1126,4.3478,0.04,0.073333,0.12,0.76667,0,0,0,1,0,0,0,0,1,0,0,0
0,2.2899,6.3952,6.4431,18.224,45.95,3.7053,7.9879,4.4255,4.0675,0.51192,4.8824,9.5219,2.3034,1.5108,15.401,25.229,10.798,7.2746,0.45927,2.7986,19.821,1.1324,11.792,9.3763,2.4059,8.649,18.542,18.372,0.51192,12.096,5.8913,11.231,0,0.064935,0.038961,0.8961,0,0,0,1,0,0,0,0,1,0,0,0
0.81102,1.622,8.8277,13.353,19.542,38.544,1.6146,0,5.9492,9.7365,0,5.5985,4.7875,9.1236,0,7.0281,33.146,7.4425,4.9591,9.5905,6.2409,12.083,2.4257,8.9106,7.9529,2.4257,2.2007,27.059,3.1505,19.868,6.0405,11.413,8.5539,0,0,0.097087,0.90291,0,0,0,1,0,0,0,0,1,0,0,0
2.8971,8.2041,14.685,10.376,13.552,40.938,1.2656,0,0,8.0811,0,7.0598,8.6351,4.8974,0,7.0759,32.536,11.697,1.0213,7.975,6.8977,12.205,8.0419,7.6646,3.5525,5.184,5.1748,24.67,10.195,13.762,7.0629,10.742,3.9499,0,0.071895,0.40523,0.48366,0.039216,0,0,1,0,0,0,0,0.99346,0.0065359,0,0
0,3.569,2.728,4.464,35.176,41.712,2.3811,0.77007,8.4292,0,0.77059,3.9223,2.3822,13.605,4.0632,17.014,26.352,4.2681,15.057,7.1962,1.6111,4.5297,1.9574,3.4133,1.5412,3.1512,1.6111,18.58,4.6896,30.226,22.128,10.13,2.5723,0,0,0.036036,0.82883,0.13514,0,0,1,0,0,0,0,0.95495,0.045045,0,0
0,4.7002,5.2355,2.2821,18.062,58.541,6.0466,0.5842,2.1892,2.3597,0,9.0478,7.1849,2.1189,12.905,6.4236,35.627,10.336,0,6.2497,6.314,3.7937,2.8758,3.3834,4.0249,6.6308,7.1256,32.703,7.6021,10.51,13.08,10.505,1.5591,0,0.023077,0.023077,0.91538,0.038462,0,0,1,0,0,0,0,1,0,0,0
0.94288,1.8858,5.3619,3.1537,21.221,56.021,3.5854,3.4726,0.69454,3.6607,0,6.0916,9.5928,2.5229,1.8446,16.847,23.829,19.947,1.7363,2.5863,1.6374,13.364,0.94288,9.0075,7.7171,0.94288,14.94,32.784,13.908,5.4253,5.7566,3.402,5.1738,0,0.012579,0.025157,0.91195,0.050314,0,0,1,0,0,0,0,1,0,0,0
0,0,1.4375,1.5536,30.761,45.661,0.77679,14.12,4.4618,1.2283,0,8.4511,12.892,1.2283,0.98926,9.0915,17.38,14.297,8.9027,0,2.2143,24.554,1.4375,14.12,13.669,0,21.202,17.028,9.9806,0,3.7712,4.4618,14.33,0,0.085271,0.03876,0.87597,0,0,0,0.93023,0.069767,0,0,0,1,0,0,0
0,1.562,4.5794,1.4576,16.659,67.502,3.368,0,2.9049,1.9672,0,8.4014,6.4341,1.4576,4.6861,13.803,34.442,17.152,0,4.4772,3.2365,5.9093,1.6745,4.3056,1.9672,2.4997,20.114,33.499,16.805,5.9245,4.5816,6.9541,1.6745,0,0.011834,0.017751,0.92899,0.04142,0,0,1,0,0,0,0,1,0,0,0
0,0,4.2768,0,17.549,60.451,3.393,3.9179,8.4949,1.9166,0,5.9034,6.8692,1.1885,2.5455,13.932,38.234,14.144,5.2594,0,0.86515,11.059,0.86515,8.4767,4.9753,1.1658,17.625,37.661,11.951,1.8939,3.734,8.0572,3.5946,0.033333,0.43333,0.066667,0.46667,0,0,0,0.51667,0.48333,0,0,0,1,0,0,0
0,0,3.3875,3.137,19.35,56.31,8.9559,1.6979,6.0628,1.0985,0,2.667,2.3984,1.6983,0,23.862,21.014,30.546,2.197,0,3.1574,12.461,0.9895,10.285,2.7674,0,27.526,19.953,25.992,0,5.4347,4.864,2.1887,0,0.090909,0.54545,0.36364,0,0,0,1,0,0,0,0,1,0,0,0
1.9131,5.7779,11.187,9.8743,6.9088,23.647,9.3004,10.52,12.049,7.3945,1.4276,8.9178,0.6483,2.8457,7.2935,15.701,23.401,14.427,12.621,1.7135,1.007,11.425,2.6556,14.375,14.029,5.8003,4.6269,5.845,8.0625,9.7494,18.645,12.454,3.7565,0,0.013889,0.048611,0.90972,0.027778,0,0,1,0,0,0,0,1,0,0,0
2.1871,3.4846,12.973,4.0547,2.9373,45.778,2.0846,4.1816,15.046,4.9645,2.308,9.0601,2.5733,2.236,2.7548,12.295,34.507,8.8924,9.8967,3.2405,2.1928,12.351,3.9316,7.7725,9.288,0.35737,4.7458,30.444,8.3065,4.6432,17.131,8.7573,4.6234,0,0.015625,0.1875,0.75781,0.039062,0,0,1,0,0,0,0,1,0,0,0
2.1755,1.1602,19.884,0.3647,0.72941,54.878,1.1877,4.8189,11.896,1.7172,1.1877,9.7722,1.9201,2.6529,3.7129,13.009,39.111,5.6348,6.1446,3.3482,2.5382,12.155,8.2433,11.014,2.6495,0,3.3632,39.625,10.251,2.6465,13.349,6.1367,2.7218,0,0,1,0,0,0,0,1,0,0,0,0,0.15493,0.84507,0,0
4.0512,3.4843,9.5005,2.0832,4.4316,50.724,0.70476,5.371,14.088,4.3293,1.2321,11.447,2.8026,0.83659,1.0455,14.508,28.909,13.148,4.7979,1.6256,1.3116,19.568,3.8236,9.6898,5.3196,0,10.002,31.231,13.179,0,12.855,6.9183,6.9817,0,0,0.028736,0.36782,0.60345,0,0,1,0,0,0,0,1,0,0,0
1.3544,5.812,20.908,0,0,54.761,0,4.5706,10.733,0.50661,1.3544,8.3861,5.7046,0.50661,0.62612,10.356,42.707,12.073,3.5401,1.4414,3.0244,11.635,4.72,17.444,7.8743,0,3.722,43.467,8.8391,0,6.012,4.4837,3.4379,0,0,1,0,0,0,0,1,0,0,0,0,0.29091,0.70909,0,0
1.136,2.2197,12.062,0,0,71.237,0,3.508,8.702,1.136,0,7.021,0.9499,1.5874,0.58598,12.898,54.985,5.7975,2.4934,2.4471,0.47495,10.759,3.4379,10.368,2.811,0,1.136,58.256,10.534,0,8.227,1.172,4.058,0.075949,0.11392,0.81013,0,0,0,0,1,0,0,0,0,0.075949,0.92405,0,0
4.5028,1.7247,13.966,0,0,58.63,0,2.5407,14.133,3.6404,0.86236,7.0584,3.9271,0,0.46156,15.947,39.943,12.756,3.0025,1.2318,3.2036,12.469,5.9123,5.8364,5.5597,0,5.3651,49.712,7.6863,0,11.053,3.1554,5.7196,0.19118,0.11765,0.69118,0,0,0,0,1,0,0,0,0,0.19118,0.80882,0,0
3.3329,6.3688,9.3636,0,11.408,47.658,2.0275,3.9393,9.9241,0.66282,5.3144,11.258,6.9526,1.0287,0,10.369,28.86,16.887,4.8489,0,0.77517,19.021,3.7712,9.412,11.68,0,18.015,30.698,12.673,0,2.1008,7.0481,4.6021,0,0,0,0.54615,0.45385,0,0,1,0,0,0,0,1,0,0,0
1.3743,2.2409,12.308,0,0,51.735,0,2.9563,21.305,3.4452,4.636,10.322,5.473,3.5659,0,7.1903,40.257,11.141,9.3387,0,0.88547,11.826,2.9626,6.0796,8.463,0,6.9948,42.616,8.134,0,5.705,16.785,2.2598,0,0,0.17073,0.02439,0.80488,0,0,1,0,0,0,0,0.9878,0.012195,0,0
0.95415,7.5367,3.3447,0,4.2337,55.831,0,1.138,17.868,1.138,7.9558,11.052,2.9232,2.9924,1.6743,8.6666,35.019,11.962,4.1304,0,4.0614,17.519,0.95415,2.6282,8.437,0.53609,12.885,43.297,12.256,0.53609,1.138,17.332,0,0,0,0,0.39306,0.60694,0,0,1,0,0,0,0,1,0,0,0
1.8994,12.297,12.164,0,1.9119,50.314,0,0.84022,17.053,0.84022,2.6809,10.443,5.0335,6.6445,0,3.4044,41.268,8.88,10.606,0,1.9119,11.809,3.2383,2.7396,19.323,0,10.956,40.546,5.3037,0,0.84022,17.053,0,0,0,1,0,0,0,0,1,0,0,0,0,0.6087,0.3913,0,0
4.9839,10.779,11.832,0,0,47.681,0,1.6216,13.746,2.7476,6.608,16.993,1.4316,3.3531,0,7.3531,38.328,10.463,4.2588,0,0.71582,17.103,3.142,11.623,9.4684,0,9.9374,38.95,10.386,0,5.3054,8.6306,2.5577,0.10843,0.036145,0.85542,0,0,0,0,1,0,0,0,0,0.13253,0.86747,0,0
1.2986,4.9875,6.5561,0,2.3902,46.109,0,0.69301,23.667,0.69301,13.605,15.597,5.643,0.69301,0,1.9413,40.172,7.2994,4.6389,0,2.3902,21.626,3.3032,1.9917,6.9417,0,8.8701,45.14,9.3932,0,0.69301,23.667,0,0.21667,0.033333,0.75,0,0,0,0,1,0,0,0,0,0.25,0.75,0,0
0,0,15.79,0,0,84.21,0,0,0,0,0,4.708,0,3.1869,0,10.848,63.946,9.4159,4.708,0,0,3.1869,12.603,3.1869,0,0,0,68.654,15.556,0,0,0,0,0.3,0.05,0.65,0,0,0,0,1,0,0,0,0,0.35,0.65,0,0
0,0.83593,17.862,0,0,78.69,0,0.8706,1.7412,0,0,3.1914,0,3.1779,0,16.381,61.866,3.8404,2.3555,0.8706,3.4324,4.8844,9.5801,9.1181,0.8706,0,0,74.014,3.8058,0,1.7412,0,0.8706,0.31707,0,0.68293,0,0,0,0,1,0,0,0,0,0.31707,0.68293,0,0
0,0,0,0,0,100,0,0,0,0,0,0,0,0,0,13.558,81.244,5.198,0,0,0,0,0,0,0,0,10.088,76.614,13.299,0,0,0,0,0,0,0.3,0.02,0.68,0,0,1,0,0,0,0,1,0,0,0
0,0,0,0,3.3806,96.619,0,0,0,0,0,0,0,0,2.4823,14.138,78.269,5.1106,0,0,0,0,0,0,0,0,0,69.888,26.731,2.4823,0.89836,0,0,0,0,0.51786,0.035714,0.44643,0,0,1,0,0,0,0,1,0,0,0
0,0,0,0,0,100,0,0,0,0,0,0,0,0,0,11.868,79.028,9.104,0,0,0,0,0,0,0,0,9.0033,72.384,18.613,0,0,0,0,0,0,0.95327,0.046729,0,0,0,1,0,0,0,0,1,0,0,0
0,0,0,0,1.4847,98.515,0,0,0,0,0,0,0,0,0.91435,10.119,80.898,8.0687,0,0,0,0,0,0,0,0,0,84.917,13.599,0.91435,0.5704,0,0,0,0,1,0,0,0,0,1,0,0,0,0,1,0,0,0
0,0,0,0,18.594,81.406,0,0,0,0,0,0,0,0,3.2547,15.264,68.563,4.3067,8.6117,0,0,0,0,0,0,0,0,67.312,14.094,6.5095,12.085,0,0,0,0,0.22222,0.16667,0.61111,0,0,1,0,0,0,0,1,0,0,0
0,0,0,0,14.299,85.701,0,0,0,0,0,0,0,0,2.5216,21.64,47.374,18.5,9.9643,0,0,0,0,0,0,0,0,46.047,39.654,5.5286,8.77,0,0,0,0,0.14706,0.67647,0.17647,0,0,1,0,0,0,0,1,0,0,0
0,0,0,0,17.081,82.919,0,0,0,0,0,0.63827,0.63827,0,5.2741,15.422,57.05,11.932,9.0456,0,0,0,0,0,0,0,0,54.162,29.395,8.4418,8.001,0,0,0,0,1,0,0,0,0,1,0,0,0,0,1,0,0,0
0,0,0,0,5.9023,94.098,0,0,0,0,0,0,0,0,2.2523,14.907,74.667,7.0528,1.1206,0,0,0,0,0,0,0,0,74.991,19.107,2.2523,3.65,0,0,0,0,0.9717,0.028302,0,0,0,1,0,0,0,0,1,0,0,0
0,0,0,0.75887,23.715,75.526,0,0,0,0,0,3.7266,4.4855,1.5177,3.4464,9.9124,55.85,9.7467,11.314,0,0,0,0,0,0,0,0,56.346,22.907,8.4105,12.336,0,0,0,0,0.61818,0.21818,0.16364,0,0,1,0,0,0,0,1,0,0,0
0,0,0,0,32.871,67.129,0,0,0,0,0,1.0206,1.0206,0,7.4878,21.229,40.707,13.035,15.499,0,0,0,0,0,0,0,0,39.12,29.029,16.92,14.931,0,0,0,0,1,0,0,0,0,1,0,0,0,0,1,0,0,0
0,0,0,0,0,95.668,0,0,4.3318,0,0,1.2883,1.2883,0,0,5.1935,84.928,7.302,0,0,0,0,0,0,0,1.2883,10.382,79.838,5.4486,0,0,1.2883,1.7553,0,0,0.99074,0.0092593,0,0,0,1,0,0,0,0,1,0,0,0
0,0,0,0,0,98.203,0,0,1.7967,0,0,0.89837,0.89837,0,0,4.6233,89.522,4.0582,0,0,0,0,0,0,0,0.89837,0.89837,92.217,5.0879,0,0,0.89837,0,0,0,0.98198,0.009009,0.009009,0,0,1,0,0,0,0,1,0,0,0
0,0,4.4829,5.6909,1.1506,69.897,3.7196,2.0248,13.034,0,0,4.8702,4.5403,2.569,4.4875,4.8767,56.52,10.811,2.8455,0,5.6909,2.7881,6.5651,1.6949,5.3571,5.7444,10.819,54.541,0.87417,2.3012,2.8455,3.9386,5.3186,0,0.15385,0.81538,0.030769,0,0,0,1,0,0,0,0,1,0,0,0
0,0,0,0,1.8743,88.683,1.784,1.784,5.8748,0,0,3.8294,2.0454,1.784,0,3.5679,83.585,5.1878,0,0,0,0,1.784,0,1.784,5.6134,8.6437,74.426,3.8294,0,0,3.9198,0,0,0,0.975,0.025,0,0,0,1,0,0,0,0,1,0,0,0
0,0,0,0.73077,3.4709,95.798,0,0,0,0,0,0.85665,1.5874,1.4615,0,3.0017,86.537,6.5562,0,0,0,0,0,0,0,0,1.3394,86.986,8.3292,1.4615,0.54408,1.3394,0,0,0,0.96262,0.028037,0.0093458,0,0,1,0,0,0,0,1,0,0,0
0,0,0,1.9348,8.4728,89.107,0,0.48569,0,0,0,3.144,4.5931,2.8983,0,4.278,73.516,8.6998,2.385,0.48569,0,0,0,0,0,0,0.83748,74.898,16.029,4.4482,2.4636,0.83748,0.48569,0,0,1,0,0,0,0,1,0,0,0,0,1,0,0,0
0,0,0,4.159,15.718,80.123,0,0,0,0,0,1.0837,3.4306,5.7864,0,10.865,49.053,20.693,6.2018,1.0837,0.71948,1.0837,0,0,0,0,0.71948,56.037,25.17,12.705,4.6493,0.71948,0,0,0,0.97368,0.013158,0.013158,0,0,1,0,0,0,0,1,0,0,0
0,0,0,2.8226,10.873,82.135,0.65469,2.2146,1.3001,0,0,2.2146,4.3407,3.9391,0,3.9398,75.248,3.0984,2.9643,1.5599,2.0498,0.64537,0.65469,0,0.65469,1.3094,4.1534,74.837,3.8948,6.2487,4.6379,1.4044,2.2053,0,0,0.99057,0.009434,0,0,0,1,0,0,0,0,1,0,0,0
0,0,0,7.0243,31.503,59.806,0,1.6672,0,0,0,6.328,10.378,4.9368,0,1.634,47.206,14.017,5.4799,4.3457,2.9957,2.6786,0,0,0,0,3.8302,45.254,17.641,15.774,12.004,3.8302,1.6672,0,0,0.94595,0.027027,0.027027,0,0,1,0,0,0,0,1,0,0,0
0,0,0,5.139,38.839,50.306,1.0776,2.1553,2.4837,0,0,2.8846,15.702,7.421,0,1.406,40.012,10.378,6.2681,1.807,8.7518,5.3683,0,0,0,1.0776,6.5609,40.803,8.7187,18.381,13.686,7.2111,3.5613,0,0.025,0.975,0,0,0,0,1,0,0,0,0,1,0,0,0
0,0,0,2.3389,57.044,39.29,0,0.99278,0.33437,0,0,1.5348,21.984,10.701,0,0.33437,33.123,10.925,10.364,0.99278,9.706,0.33437,0,0,0,0,9.0373,21.159,17.979,21.066,20.06,9.3716,1.3271,0,0,0,0,1,0,0,1,0,0,0,0,1,0,0,0
0,0,0,20.105,39.119,36.585,0.56608,2.658,0.96611,0,0,11.157,8.641,11.133,0,0.40003,21.636,20.424,3.3805,10.201,2.8208,10.207,0,0,0,0.56608,1.7277,34.078,10.244,32.43,15.768,2.1278,3.058,0,0,0.032258,0.29032,0.67742,0,0,1,0,0,0,0,1,0,0,0
0,0.16857,4.9563,14.72,8.1184,26.644,8.3551,10.806,23.81,1.3485,1.0734,19.766,7.5493,2.5808,17.737,7.7161,14.08,4.9628,6.6012,0.16857,16.198,2.6409,18.374,2.8381,3.0349,15.411,10.06,10.009,2.5451,14.849,10.395,9.9828,2.5016,0,0.19481,0.77922,0.012987,0.012987,0,0,1,0,0,0,0,1,0,0,0
0,0,4.6982,6.2905,3.5193,57.85,7.3982,5.9606,10.808,2.9248,0.5498,10.091,5.4411,3.9952,5.4903,3.4106,48.214,8.6394,2.4163,0,6.8403,5.4621,9.7652,3.4364,5.2973,8.9999,7.7232,43.986,2.5043,3.2417,4.0657,5.636,5.3445,0,0.59821,0.40179,0,0,0,0,1,0,0,0,0,1,0,0,0
0.96036,1.2323,8.1756,5.958,9.5839,36.905,7.4821,7.5261,13.564,6.844,1.7681,13.841,5.249,10.565,6.5596,6.0319,20.556,12.857,2.7432,3.7172,8.3757,9.5052,14.409,5.1134,5.6434,8.2827,6.1737,11.648,3.6085,12.627,12.532,11.433,8.5301,0.08589,0.69939,0.079755,0.030675,0.10429,0,0,1,0,0,0,0,1,0,0,0
0.79921,0,4.8137,2.0245,9.2009,47.204,9.6383,13.131,6.7679,6.42,0,12.868,2.8237,7.2023,4.3599,6.751,35.494,15.367,0,2.7971,3.5753,8.7617,7.676,6.039,7.6137,8.5322,7.732,26.349,10.327,3.5486,4.3955,11.464,6.3232,0,0.85417,0.072917,0.010417,0.0625,0,0,1,0,0,0,0,1,0,0,0
0,0,0,1.2511,9.7503,73.508,4.1803,5.533,4.7792,0.99796,0,2.5786,1.2511,3.4251,1.8548,6.3338,66.737,5.7055,2.6052,1.2511,3.8078,4.4496,2.3255,0,3.1823,3.653,7.594,60.062,4.8808,3.7048,3.6017,3.4403,7.5555,0,0,0.98361,0.016393,0,0,0,1,0,0,0,0,1,0,0,0
0,0,0,2.7616,31.133,43.73,5.0395,11.297,6.0393,0,0,6.716,19.989,2.7926,0.44437,2.7064,33.608,5.9331,5.2432,2.1209,9.1712,11.275,0,0,0.44437,4.5951,5.4793,32.761,6.2067,13.281,20.499,4.8048,11.928,0.011111,0.011111,0.85556,0.077778,0.044444,0,0,1,0,0,0,0,1,0,0,0
0,0,1.448,0.50197,7.3489,65.647,4.7522,9.7943,7.4765,3.0308,0,6.6247,0.50197,9.3118,1.5817,8.6185,45.176,10.253,1.7722,0,5.4246,10.736,4.2502,1.95,3.7472,5.4697,6.304,40.931,13.039,6.256,1.6641,7.8951,8.494,0,0.063636,0.91818,0.018182,0,0,0,1,0,0,0,0,1,0,0,0
0,0,2.1698,0,15.174,58.543,6.0415,8.0226,10.049,0,0,8.2073,6.878,4.2101,2.0443,9.6479,34.941,8.215,3.4012,0,8.5098,13.946,0,2.1698,2.7005,4.754,3.7907,37.896,13.988,7.4249,5.9747,10.678,10.623,0,0.053763,0.93548,0.010753,0,0,0,1,0,0,0,0,1,0,0,0
0.83832,0,10.383,0.9836,21.966,27.76,4.9545,16.21,11.403,5.5022,0,15.683,1.8219,8.6899,3.333,11.748,10.328,29.835,2.3494,0.83832,1.8219,13.552,6.4858,10.528,4.3166,4.9545,2.9872,6.0109,28.85,3.1877,2.5149,15.247,14.917,0,0.056604,0.018868,0.45283,0.4717,0,0,1,0,0,0,0,1,0,0,0
0,0,6.7859,0,13.645,57.1,3.0834,8.1534,10.67,0.56233,0,10.31,0,11.882,6.9924,7.014,30.326,12.733,4.5038,0,3.3522,12.886,0.56233,6.7859,7.0556,1.7888,5.2569,23.419,24.03,9.2953,1.1463,9.0531,11.607,0,0.56522,0.32609,0.021739,0.086957,0,0,1,0,0,0,0,1,0,0,0
0,0,4.6013,0,7.6383,57.534,3.0343,7.7973,19.395,0,0,10.522,0,13.292,9.2066,11.512,14.97,9.772,5.7235,0,7.5686,17.433,0,4.6013,1.5328,2.6238,8.0844,17.405,22.629,10.235,0.7925,19.473,12.623,0.090909,0.89394,0.015152,0,0,0,0,1,0,0,0,0,1,0,0,0
0,0,0,5.2831,36.466,35.133,4.4766,11.321,7.3199,0,0,7.7568,15.138,5.0169,0,2.8433,29.756,5.3984,6.0145,3.2802,11.526,13.269,0,0,0,4.4766,1.9232,30.167,8.7219,18.452,18.448,4.2066,13.604,0,0,0.047619,0.095238,0.85714,0,0,1,0,0,0,0,1,0,0,0
0,0,0,0.90219,36.469,53.463,1.1811,2.2769,5.7082,0,0,2.0833,16.786,2.1711,0,6.8894,35.865,5.56,9.6145,0.90219,13.239,6.8894,0,0,0,1.1811,5.56,40.813,9.8569,11.786,14.299,9.8935,6.6104,0,0,0,0.04,0.96,0,0,1,0,0,0,0,1,0,0,0
0,0,5.3067,0,12.343,63.668,1.4765,7.4195,9.7858,0,0,7.9157,2.953,10.09,5.8776,5.0939,26.85,7.5716,2.0766,0,7.5146,24.057,0,5.3067,3.8575,1.4765,5.8776,23.683,17.909,18.152,5.1546,6.9233,11.66,0,0.10526,0.36842,0.21053,0.31579,0,0,1,0,0,0,0,1,0,0,0
0,0,8.2407,0,8.2407,60.232,4.5793,2.28,16.427,0,0,13.96,0,12.95,3.5693,11.439,24.313,10.521,3.5693,0,4.7094,14.97,0,8.2407,4.6713,4.5793,3.5693,21.921,27.92,5.8114,0,15.138,8.1486,0,0,0.030303,0.87879,0.090909,0,0,1,0,0,0,0,1,0,0,0
0,3.3267,22.264,2.8423,0.53853,24.214,28.804,3.2674,14.743,0,0,3.5475,2.0727,0,10.398,23.64,32.265,8.5674,2.3439,7.4614,0.53853,9.1653,20.961,1.5342,2.6112,29.122,3.0089,14.816,9.9365,0,8.9235,5.2807,3.8059,0,0.089744,0.025641,0,0.88462,0,0,0.9359,0.064103,0,0,0.11538,0.88462,0,0,0
0,4.4264,6.4993,14.298,0,39.86,10.922,4.0815,19.913,0,0,7.5573,1.0135,0,4.0815,13.265,33.333,21.494,7.856,1.3122,0,10.088,18.77,1.0135,1.0135,13.666,1.6821,27.176,12.684,0,9.2881,4.7501,9.9567,0,0.55952,0.17857,0.10714,0.15476,0,0,0.59524,0.40476,0,0,0.61905,0.38095,0,0,0
0,3.8321,20.359,5.1562,2.4853,28.554,16.741,4.1156,18.756,0,0,6.0197,6.7506,4.8733,6.0902,18.343,27.132,14.152,3.3351,0.99311,3.6646,8.6456,15.745,2.9548,11.002,14.118,5.638,19.362,10.991,0,7.3561,9.0217,3.8109,0,0,0,0,1,0,0,1,0,0,0,0,1,0,0,0
0,1.9367,12.31,6.2616,2.5934,38.238,13.453,4.6826,20.525,0,0,6.0721,3.5826,1.8191,7.6641,14.647,34.86,14.088,5.0037,1.218,3.1282,7.9169,13.228,0.37554,7.1634,11.359,3.2002,21.889,18.942,0,7.4719,9.192,7.1789,0,0,0,0.027778,0.97222,0,0,1,0,0,0,0,1,0,0,0
0,2.1948,10.576,5.9595,0,66.78,4.9185,2.1948,7.3769,0,0,0.80865,0,0,3.5648,15.803,58.564,10.349,1.6573,1.37,0,7.8832,16.535,0,0,7.1133,0,47.023,19.757,0,4.3734,2.1948,3.0035,0,0.052632,0.94737,0,0,0,0,1,0,0,0,0,1,0,0,0
0,1.6771,14.017,3.7195,3.0146,64.989,4.7508,1.4255,6.4062,0,0,3.4946,1.9213,0,2.6106,15.072,55.535,9.3144,2.6079,1.0346,1.1851,7.2243,13.894,1.825,3.1064,4.1185,1.2207,47.467,20.537,0,2.1261,3.095,2.6106,0.011905,0.10714,0.88095,0,0,0,0,1,0,0,0,0,1,0,0,0
0,0,3.7279,1.5282,1.1854,92.669,0.48451,0,0.40493,0,0,0.48451,0,0,0.6819,10.911,79.107,6.8034,1.2665,0,0,0.7462,5.2561,0.48451,0,0,4.7273,73.25,15.877,0,0,0.40493,0,0.041096,0.041096,0.91781,0,0,0,0,1,0,0,0,0,1,0,0,0
0,1.3826,20.004,8.4744,0.67411,39.241,19.105,0.56305,10.556,0,0,4.4106,2.0567,0,5.0629,22.009,40.855,8.0636,5.5391,6.1822,0.67411,5.1469,24.365,1.3826,2.7308,18.542,1.9457,30.241,9.6735,0,6.2906,1.8002,3.028,0.030928,0.020619,0.84536,0.061856,0.041237,0,0,1,0,0,0,0,1,0,0,0
0,1.5496,10.348,6.644,1.3472,69.919,3.9508,1.1375,5.104,0,0,1.6356,0.81468,0,2.1714,11.022,62.744,6.8736,6.475,4.3593,0.40261,3.5018,15.363,0.73804,1.2173,4.7624,0.41207,53.392,17.874,0,2.6663,1.5401,2.0351,0.16667,0.055556,0.77778,0,0,0,0,1,0,0,0,0,1,0,0,0
0,0,4.7198,3.5752,0.79543,90.91,0,0,0,0,0,0,0,0,0,14.403,76.01,4.0727,2.4306,1.9386,0,1.1446,8.295,0,0,0,2.9196,77.677,11.109,0,0,0,0,0,0.0625,0.9375,0,0,0,0,1,0,0,0,0,1,0,0,0
0,0,3.3315,2.3805,1.9151,91.913,0,0,0.45995,0,0,0,0,0,0,9.5109,81.67,5.5244,1.4294,0.91437,0,0.95106,5.712,0,0,0,3.5237,74.52,15.784,0,0,0.45995,0,0.09375,0.10938,0.79688,0,0,0,0,1,0,0,0,0,1,0,0,0
0,5.844,23.91,5.7643,5.6575,17.567,20.917,7.4017,10.978,1.9605,0,6.5745,6.495,11.494,6.7068,11.375,26.149,12.112,7.3435,0,0.94248,10.808,14.375,3.8174,22.85,13.865,6.5326,8.5968,11.261,0,4.029,11.917,2.7571,0,0,0,0.016807,0.98319,0,0,1,0,0,0,0,1,0,0,0
0,3.8431,19.941,5.3563,3.5067,38.817,14.803,3.5826,10.15,0,0,6.4049,4.7098,3.6044,3.8923,16.123,35.699,14.086,4.9275,0,1.1396,9.414,17.091,4.3402,7.3979,11.801,5.1713,27.759,13.041,0,2.5205,8.5398,2.3376,0,0,0.95506,0.033708,0.011236,0,0,1,0,0,0,0,1,0,0,0
0,1.5859,12.22,7.8668,11.28,27.297,7.8122,6.4195,23.13,2.3874,0,7.8998,6.25,10.221,11.348,10.221,26.404,13.539,2.783,0,4.1021,7.2312,9.6201,6.2108,12.829,2.146,4.4535,12.744,18.612,0,7.7125,24.603,1.0686,0,0,0,0,1,0,0,1,0,0,0,0,1,0,0,0
0,5.4303,24.273,4.1375,4.5616,22.535,18.117,9.2863,9.0032,2.6552,0,5.0063,9.5051,12.765,5.0638,9.9247,24.658,15.592,8.1554,0,2.3217,7.0075,19.014,2.3915,24.384,9.4525,6.2732,11.974,10.715,0,6.1257,8.4509,1.2194,0.088608,0.025316,0.59494,0.063291,0.22785,0,0,1,0,0,0,0,1,0,0,0
0,1.3244,8.9569,2.5508,13.593,21.048,14.883,22.035,5.8084,9.8009,0,12.352,13.543,14.8,2.3499,3.5416,12.852,24.453,2.6339,0,1.1086,12.367,25.978,11.042,27.249,2.6488,2.433,4.8363,7.6524,0,10.909,7.2506,0,0,0,0,0,1,0,0,1,0,0,0,0,1,0,0,0
0,1.0957,12.897,5.1895,8.0807,56.301,4.7361,2.8524,8.0776,0.76989,0,5.83,5.7824,4.0763,3.146,10.338,49.491,10.293,4.03,0,1.7857,5.2273,12.502,2.5923,8.7884,2.6535,1.7748,35.838,23.512,0,2.5556,8.6768,1.1065,0,0.022222,0.97778,0,0,0,0,1,0,0,0,0,1,0,0,0
0,10.627,10.879,22.514,5.7668,18.942,4.9441,2.001,14.911,9.4155,0,4.2029,4.12,14.192,21.184,3.3103,20.795,15.365,13.266,0,0.78939,2.7754,9.0105,2.0839,16.615,2.4231,2.001,8.4168,12.609,0,19.62,27.221,0,0,0,0,0,1,0,0,1,0,0,0,0,1,0,0,0
0,2.5142,12.05,5.2366,11.164,43.844,7.2578,6.4503,7.0229,4.4606,0,7.125,4.163,8.0789,5.7482,8.7079,39.942,15.232,4.4155,0,0.51159,6.0763,13.007,6.6134,13.606,1.7051,0.85256,25.927,21.569,0,6.6338,9.5747,0.51159,0.21333,0.12,0.42667,0.026667,0.21333,0,0,1,0,0,0,0,1,0,0,0
0,0,4.9463,1.8726,7.3126,84.844,1.0246,0,0,0,0,2.2489,1.2243,0,1.2308,11.789,69.129,10.216,4.1617,0,0,0,6.8189,1.0246,0,0,5.1616,61.318,24.452,0,0,1.2243,0,0,0.055556,0.94444,0,0,0,0,1,0,0,0,0,1,0,0,0
0,0,4.6185,2.2732,3.7911,88.535,0.78177,0,0,0,0,3.055,2.2732,0,1.7015,8.7298,67.699,9.5152,7.026,0,0,0,6.8917,0.78177,0,0,7.374,62.163,20.516,0,0,2.2732,0,0.27848,0.075949,0.37975,0.025316,0.24051,0,0,1,0,0,0,0,1,0,0,0
0.348,0.73124,18.486,6.7382,10.601,23.944,10.503,11.751,13.576,2.447,0.87362,17.877,5.5944,13.244,6.6956,11.243,5.7545,12.338,3.0946,1.7555,11.115,11.288,18.279,17.122,2.9877,9.4737,1.2952,5.0631,2.2245,10.338,10.207,19.362,3.6468,0,0.27941,0.72059,0,0,0,0,0.088235,0.91176,0,0,0,0,1,0,0
0.22393,1.6812,27.516,3.73,4.2618,21.611,10.225,9.9667,18.903,1.6593,0.22228,24.2,2.9982,11.69,4.4225,13.604,8.4771,6.3158,4.0159,2.0003,11.426,10.85,17.082,21.133,2.2297,3.8542,1.4617,4.3873,4.5143,11.184,11.176,16.959,6.0191,0,0.19512,0.70732,0.097561,0,0,0,0.19512,0.80488,0,0,0,0,1,0,0
0.33974,1.8356,23.235,8.7515,11.816,25.717,8.3804,7.6545,9.3283,2.5127,0.43004,15.062,3.1416,8.5733,9.9759,10.233,7.5539,11.01,2.3315,2.1753,15.656,14.288,18.008,18.648,4.3061,7.5963,2.5277,9.7082,3.6163,8.4368,8.312,14.329,4.5113,0,0.19298,0.75439,0.052632,0,0,0,0.19298,0.80702,0,0,0,0.10526,0.89474,0,0
0.68014,1.378,21.586,8.4169,12.774,25.522,9.3288,7.9745,9.2118,3.1269,0,12.115,4.0668,10.24,8.5247,12.432,4.4554,14.458,2.7837,2.8058,9.6924,18.426,19.291,19.838,2.8862,9.1581,1.3982,8.4726,1.7795,9.112,5.8885,18.886,3.2904,0,0.70513,0.28205,0.012821,0,0,0,0.12821,0.87179,0,0,0,0.076923,0.92308,0,0
0.39906,1.1882,5.566,4.3779,20.173,36.55,13.586,8.5669,6.2979,2.594,0.70095,16.232,3.1167,11.776,12.186,9.7896,14.136,12.724,3.221,5.7443,8.8659,2.2084,7.3193,4.4606,3.2809,16.296,6.1404,5.4507,5.5632,15.516,16.092,17.59,2.291,0.032787,0.7541,0.21311,0,0,0,0,0.93443,0.065574,0,0,0,0.83607,0.16393,0,0
0.63621,3.2034,18.734,6.6641,9.677,30.346,8.8354,5.1745,14.621,1.8095,0.29878,15.449,4.6802,5.1844,6.4674,15.569,16.149,9.3186,3.2963,5.7896,7.867,10.229,12.334,12.836,2.0943,9.0435,3.0418,6.6841,4.0947,11.563,14.087,18.291,5.9306,0,0.010526,0.31579,0.67368,0,0,0,0.98947,0.010526,0,0,0,0,1,0,0
0.36756,1.1452,18.547,5.4515,12.939,26.926,11.411,8.7688,7.883,5.5701,0.99101,18.693,4.0095,7.2204,6.9691,8.1243,11.717,14.979,1.9903,3.119,6.772,16.405,14.773,14.62,6.1028,9.8503,3.6344,5.5383,6.9255,12.735,7.5192,12.616,5.6853,0,1,0,0,0,0,0,1,0,0,0,1,0,0,0,0
1.8695,1.4404,30.232,4.0103,6.9102,23.296,5.9622,6.5361,15.645,4.0988,0,17.63,4.4344,10.936,7.4311,14.71,5.8199,7.6992,5.8925,4.04,11.038,10.369,17.125,18.057,1.217,3.8494,1.8029,6.4861,4.8707,8.9562,9.8696,21.42,6.3471,0.14423,0.78846,0.067308,0,0,0,0,0.88462,0.11538,0,0,0.68269,0.20192,0.11538,0,0
1.0755,1.0469,21.587,6.2001,10.956,32.589,9.9884,1.9951,12,2.5629,0,13.091,8.8414,4.3026,13.3,13.714,14.769,8.6712,5.6835,5.7955,5.1516,6.6806,12.424,10.687,4.1355,8.6852,2.8636,13.827,6.2347,10.457,10.083,15.537,5.0656,0,0.020619,0.89691,0.082474,0,0,0,1,0,0,0,0,0,1,0,0
0,1.332,1.6342,0,1.4807,87.709,0.32051,0,4.5389,2.3068,0.67761,1.3186,1.6475,0.32051,2.695,10.214,70.936,9.9017,0.32051,0.32051,1.9863,0.3388,0,1.6525,1.6159,0,9.1117,68.585,11.512,1.3369,1.968,3.8979,0.32051,0.050633,0.21519,0.73418,0,0,0,0,1,0,0,0,0,1,0,0,0
1.0456,1.5035,19.344,14.033,18.615,28.005,1.3522,3.2928,11.069,1.7388,0,5.8293,5.8995,9.2214,13.837,10.311,14.631,8.7332,13.433,2.9465,7.1727,7.9856,11.313,7.8538,2.9623,1.7744,1.4679,9.2859,18.345,16.236,13.549,8.2959,8.9159,0,0.82759,0.17241,0,0,0,0,1,0,0,0,0.034483,0.96552,0,0,0
0.46288,3.7544,14.264,8.4528,26.282,30.364,2.7404,3.014,9.0947,0.96989,0.60139,7.7985,3.2033,11.576,19.84,4.2295,12.302,8.2407,15.253,7.7504,4.481,5.3257,6.6263,5.7885,4.8628,2.7404,1.0643,13.719,15.325,22.739,9.4668,8.988,8.6798,0,0.15556,0.84444,0,0,0,0,1,0,0,0,0,1,0,0,0
1.1458,4.1611,5.1415,0,2.5678,56.586,4.6344,0,9.4373,10.777,5.5498,7.8964,4.6858,4.8238,7.8919,9.5425,43.319,10.133,1.7009,1.6779,6.692,1.637,1.1458,5.9984,6.5105,2.6752,12.754,35.751,10.418,8.6239,7.7038,5.7047,2.7149,0,0.05,0.95,0,0,0,0,1,0,0,0,0,1,0,0,0
0.41919,4.8646,9.391,7.6446,21.029,34.378,7.9717,3.0965,5.0076,2.1285,4.069,14.876,11.621,7.1508,5.8388,6.8073,26.076,8.0091,5.9134,7.6797,4.2271,1.8006,5.9583,5.2851,9.0523,5.6433,2.4054,5.6126,2.522,29.45,17.539,13.664,2.8675,0,0.11538,0.76923,0.11538,0,0,0,1,0,0,0,0,0.57692,0.42308,0,0
0,1.444,5.0894,7.3252,15.551,50.541,8.0794,1.5614,8.9186,1.4898,0,9.8242,7.2246,5.7793,4.3374,11.192,37.685,8.4167,2.0895,9.5196,1.7658,2.166,2.2321,2.735,1.4898,8.3498,2.4878,33.634,5.7738,9.7716,11.896,17.953,3.6761,0,0,0.33898,0.66102,0,0,0,1,0,0,0,0,0.33898,0.66102,0,0
0.47082,0,2.0825,0,26.267,34.233,0.89395,15.806,12.16,8.0874,0,9.7499,0.47082,12.726,7.6876,9.7297,16.13,11.893,7.6876,6.2518,2.7323,14.941,2.3064,1.6117,6.5468,0.89395,2.0348,6.0438,23.397,13.919,7.1934,20.325,15.727,0,0,0,0.85227,0.14773,0,0,1,0,0,0,0,1,0,0,0
0.30822,2.1367,18.673,10.739,11.534,28.64,4.5433,4.2151,16.833,2.3771,0,12.341,4.9994,5.7634,10.316,9.6106,12.642,9.9345,11.001,6.5458,4.8251,12.021,9.6093,9.7094,6.4355,5.5838,1.0684,9.1121,9.2677,12.88,11.169,16.3,8.8644,0.12637,0.67582,0.1978,0,0,0,0,0.96703,0.032967,0,0,0.027473,0.75275,0.21978,0,0
0.49025,3.6333,8.6353,5.6602,10.176,50.472,3.0193,2.5992,14.824,0.49025,0,9.2428,5.0404,2.2188,13.862,12.265,28.05,8.4891,3.664,7.4112,4.0046,5.7517,7.0381,5.8376,3.2064,6.8424,8.2559,26.648,7.8684,7.2592,11.222,11.959,3.8628,0,0.0625,0.50893,0.34821,0.080357,0,0,1,0,0,0,0,0.96429,0.035714,0,0
0,0.98612,4.8746,5.4025,10.557,61.107,0,2.781,12.694,1.598,0,7.8971,4.4352,4.3721,9.7996,13.942,28.872,14.333,5.1698,2.4507,4.0428,4.685,4.3253,0.98612,4.4613,1.5516,7.5898,38.501,15.641,7.6925,6.0904,11.196,1.965,0,0.031414,0.026178,0.94241,0,0,0,1,0,0,0,0,1,0,0,0
0.84927,1.4013,15.622,6.5624,12.038,38.537,0.35091,7.9643,15.058,1.6172,0,14.432,4.3342,9.9017,17.918,10.701,12.14,7.808,9.8691,2.4047,0.93665,9.5549,14.198,5.9283,12.336,5.8011,2.3488,12.476,12.556,16.914,6.0372,6.7264,4.6793,0.017699,0.097345,0.58407,0.21239,0.088496,0,0,1,0,0,0,0,0.59292,0.40708,0,0
0,3.1604,7.3547,6.9395,24.28,40.856,3.1604,2.1515,11.093,0,1.0038,7.4968,5.4297,11.049,16.188,6.9494,21.478,10.231,8.3303,3.5052,6.5987,2.7422,5.0385,2.6651,3.6818,4.9627,2.729,22.264,20.94,17.466,6.9395,6.7866,6.5277,0.025862,0.017241,0.12069,0.83621,0,0,0,1,0,0,0,0,1,0,0,0
0.75508,0.98078,13.015,13.502,11.672,36.228,0,2.7321,19.239,1.8774,0,5.6704,4.0576,2.9597,14.786,5.6539,20.274,11.481,11,10.807,9.5611,3.75,8.5189,4.5822,2.646,1.0579,2.3805,27.224,9.39,8.1367,13.011,15.768,7.2851,0,0,0.13333,0,0.86667,0,0,1,0,0,0,0,1,0,0,0
0,0,10.559,0,19.389,38.372,0.6568,10.447,19.035,1.543,0,12.582,0,10.079,3.8984,9.7898,12.226,28.949,3.2416,1.543,5.2645,12.426,0,10.559,2.23,0,3.8984,13.156,32.45,5.1392,1.543,19.839,11.185,0,0,0.038961,0.8961,0.064935,0,0,1,0,0,0,0,1,0,0,0
0,0,6.408,0,13.356,64.528,1.1884,10.288,4.2311,0,0,12.054,0,10.517,5.6182,9.8775,26.035,11.47,2.7878,0,2.1819,19.458,0,6.408,8.335,1.1884,2.8304,20.529,25.993,16.178,0.51175,9.8475,8.1792,0.20513,0.32051,0.30769,0.16667,0,0,0,1,0,0,0,0,1,0,0,0
1.2589,1.4905,18.512,12.389,15.396,28.943,0.7031,2.7973,17.251,1.2589,0,7.4106,4.1114,7.1771,20.393,8.7234,13.092,4.8623,11.965,9.5971,7.0611,5.6061,14.662,4.9763,4.6611,2.5918,1.6526,12.294,14.702,13.783,11.995,11.463,7.2184,0,0.22388,0.70149,0.074627,0,0,0,1,0,0,0,0,0.98507,0.014925,0,0
0,4.1946,6.0311,11.484,21.423,38.513,2.4838,2.9108,7.6528,2.8835,2.424,6.9026,4.9562,10.775,12.399,12.021,19.177,13.086,10.891,2.1484,5.7984,1.8457,5.6052,2.2004,1.491,2.4838,4.1319,19.003,23.916,15.412,14.263,5.764,5.73,0,0,1,0,0,0,0,1,0,0,0,0,1,0,0,0
0,3.7437,0.89817,0,0.61852,83.509,0,0,7.3082,2.9848,0.93726,3.3142,1.3277,2.377,0.93726,7.6283,72.137,7.6364,0,0,4.1733,0.46863,0,1.3668,0.42954,0,7.869,61.516,15.211,1.4059,3.7047,6.1197,2.377,0,0.037037,0.96296,0,0,0,0,1,0,0,0,0,1,0,0,0
0,5.1567,2.7152,0,1.1628,72.82,1.2799,0,7.6211,7.4217,1.8226,5.1597,3.6587,3.0037,3.5185,11.993,52.688,11.16,0.80665,0.33341,6.767,0.9113,0,3.2931,2.1373,0.94648,12.62,50.161,11.78,3.5405,7.1356,5.8557,2.5304,0.033333,0.21667,0.75,0,0,0,0,1,0,0,0,0,1,0,0,0
0,6.1812,3.2966,1.2154,9.9575,54.924,3.9372,0,8.7912,7.798,3.8991,7.9828,6.61,6.0169,8.413,16.391,30.701,12.218,3.5137,0,6.7929,1.3607,0.60772,4.0496,0.43021,3.9372,13.644,35.061,15.525,9.527,8.3948,7.5651,1.2591,0,0.14085,0.85915,0,0,0,0,1,0,0,0,0,1,0,0,0
0.30841,4.5385,2.9562,0,6.2286,49.923,6.2788,0,12.738,15.153,1.876,7.5653,6.8072,7.5696,5.7756,17.211,30.637,11.491,3.4152,0.27099,8.949,0.30841,0.30841,3.3424,2.1759,6.0078,6.6397,32.843,15.675,6.3142,13.936,9.6538,3.1034,0.013333,0.25333,0.73333,0,0,0,0,1,0,0,0,0,1,0,0,0
0,6.4496,2.91,1.3369,13.229,62.252,0,0.66846,8.963,0,4.191,1.3742,5.1686,3.4772,1.3369,13.22,35.701,18.501,2.8728,0,2.2585,16.09,0.66846,1.3742,7.9854,1.3742,9.7339,46.637,17.782,5.5198,1.3369,7.5888,0,0,0,0,0.57143,0.42857,0,0,1,0,0,0,0,1,0,0,0
0,5.3818,1.0283,0,13.859,59.872,0,0,18.033,0,1.8253,1.8253,6.4101,1.4604,3.3875,11.433,38.744,10.547,1.0283,0,8.7693,16.396,0,0,6.4101,0,10.217,42.448,21.432,1.4604,0,18.033,0,0.071429,0.071429,0.26786,0.10714,0.48214,0,0,1,0,0,0,0,1,0,0,0
0,5.1999,0.51425,1.7513,21.187,60.387,2.4172,0.87564,4.2196,0,3.448,5.8638,2.9314,5.8733,7.3587,19.281,27.254,17.285,3.5031,0,2.5719,8.0772,0.87564,0.51425,1.6492,2.9314,9.8732,38.535,30.334,7.4133,1.7513,5.5042,0.61832,0,0,0,0.79808,0.20192,0,0,1,0,0,0,0,1,0,0,0
0,7.2572,0,0,13.921,67.818,1.1151,0,5.6758,0,4.2129,4.1346,2.2548,8.5272,2.6068,13.442,28.142,27.881,1.9045,0,2.6315,8.4752,0,0,4.2376,1.1151,6.0638,49.359,26.601,5.8333,0,6.7908,0,0.083333,0.19444,0.19444,0.44444,0.083333,0,0,1,0,0,0,0,1,0,0,0
0,8.1318,4.4672,0,2.0744,62.689,0,0,12.646,0,9.9911,7.2019,1.7959,2.6713,1.8522,11.183,36.881,13.81,4.4672,0,1.8522,18.285,0,0,12.599,0,4.6289,53.788,16.338,0,0,12.646,0,0.13793,0.12069,0.72414,0.017241,0,0,0,1,0,0,0,0,0.46552,0.53448,0,0
0,6.6052,1.7385,3.1861,19.863,49.352,2.9741,0.91284,9.8111,4.6512,0.90696,7.2634,4.0544,15.904,9.6489,12.971,19.878,15.259,6.6397,0,6.7304,1.6515,1.593,1.5118,0,2.9741,7.8575,28.557,23.114,13.976,9.0465,6.8099,4.5604,0,0.010101,0.58586,0.40404,0,0,0,1,0,0,0,0,1,0,0,0
0,6.1446,2.5791,0,18.808,47.383,4.8548,0,9.9725,7.1059,3.1523,9.299,6.259,6.5275,7.8965,18.822,24.42,14.929,1.7004,0,7.3328,2.8143,0,3.1655,0,4.8548,10.538,24.619,28.209,8.3249,10.563,6.7331,2.9923,0.011765,0.070588,0.12941,0.78824,0,0,0,1,0,0,0,0,1,0,0,0
0.28984,8.2801,6.426,0,5.7635,48.295,1.6713,0,13.923,9.039,6.3116,9.3127,7.6914,5.2458,9.3819,12.05,29.406,11.822,1.3262,0.20021,11.144,2.4196,0.28984,9.113,1.6448,1.471,17.519,25.094,13.059,10.645,10.756,8.086,2.3223,0,0.45833,0.54167,0,0,0,0,1,0,0,0,0,1,0,0,0
0,7.0076,3.6375,0,4.5106,44.683,7.3415,0,10.373,19.107,3.3399,9.8785,7.2717,8.5812,6.4596,19.831,18.425,14.962,4.5243,0,9.1467,0.92042,0,5.7257,1.3509,7.3415,8.9671,26.939,15.811,9.3186,12.901,10.161,1.4845,0,0.050633,0.37975,0.56962,0,0,0,1,0,0,0,0,1,0,0,0
0,0.64,1.9368,0,3.6256,84.295,2.499,0,3.2248,3.1622,0.61687,2.5306,1.28,1.2653,1.9137,13.627,63.552,8.0613,5.8416,0.64841,1.28,0,0,1.2884,4.4358,0,11.281,58.61,17.38,1.8822,2.5453,1.928,0.64841,0,0.023256,0.97674,0,0,0,0,1,0,0,0,0,1,0,0,0
0,0,1.7938,0,5.8779,79.311,5.6118,0,1.7938,4.0401,1.5716,4.937,0,2.4685,7.9321,11.092,58.63,13.146,0.89688,0.89688,0,0,0,0.89688,7.4055,0,12.499,47.261,24.532,4.0401,2.4685,0,0.89688,0.22222,0.097222,0.41667,0.069444,0.19444,0,0,1,0,0,0,0,1,0,0,0
3.3823,4.3109,3.0561,0,1.6376,46.104,9.3259,0,6.3685,15.283,10.531,6.7825,9.5796,5.2088,7.5741,11.223,34.015,12.002,1.1082,0.88977,9.3633,2.2533,4.3591,6.7733,10.31,3.9845,7.7922,28.159,11.062,10.162,8.5742,6.8569,1.9659,0.013158,0.039474,0.94737,0,0,0,0,1,0,0,0,0,1,0,0,0
5.3862,3.619,4.9245,0,1.6515,43.688,12.655,0,6.7536,10.775,10.548,6.1733,11.884,6.0077,10.575,5.5274,35.608,9.9321,3.4514,2.8444,6.4583,1.5379,9.1908,7.9264,15.677,6.3736,7.9668,25.172,7.0889,6.5875,6.5719,4.2553,3.1894,0.20455,0.11364,0.375,0.045455,0.26136,0,0,1,0,0,0,0,1,0,0,0
4.1773,7.3748,6.9815,0,2.4667,33.65,15.47,0,6.7062,15.39,7.7841,7.4778,12.633,7.1348,10.069,6.8907,28.071,15.191,1.5765,3.8343,6.8992,0.22327,7.6719,8.232,18.832,9.4708,7.9515,18.611,5.7984,8.3294,8.7871,4.974,1.342,0,0.42105,0.57895,0,0,0,0,1,0,0,0,0,1,0,0,0
12.599,2.8859,1.7455,0,1.3632,24.711,28.883,0,2.5717,9.3262,15.914,5.0536,14.933,14.379,4.6308,4.2765,33.453,16.31,0.38857,1.357,4.2571,0.96156,35.836,2.3185,19.01,13.972,2.7202,8.048,3.2994,6.0431,4.6588,2.7437,1.3501,0,0,0,0,1,0,0,1,0,0,0,0,1,0,0,0
11.412,2.9706,0.9297,0,0.62438,17.67,35.237,0,0.78161,7.0754,23.299,3.1416,32.853,2.3357,22.847,3.1416,16.446,13.92,0,0.9297,3.6041,0.78161,13.634,21.112,35.056,12.671,1.5541,3.8989,2.0304,3.9232,3.4469,1.8928,0.78161,0,0,0,0.16667,0.83333,0,0,1,0,0,0,0,1,0,0,0
3.2639,5.5512,3.3111,0,0.97738,29.689,19.352,0,5.5279,22.963,9.3639,9.228,11.533,4.7183,9.9957,9.8361,30.114,11.11,0.45741,0.45741,10.673,1.8768,13.178,7.1698,15.526,6.7835,2.7412,15.849,5.987,12.889,8.6836,8.8579,2.3342,0,0,0.64706,0.32353,0.029412,0,0,1,0,0,0,0,1,0,0,0
3.6979,7.9008,8.6933,0,2.2803,38.484,8.7978,0,6.2364,15.432,8.4774,5.8428,12.168,4.7662,10.942,10.406,26.065,13.228,1.1579,2.2644,11.157,2.0021,5.6898,13.094,9.8793,6.0805,9.0927,19.78,10.368,9.3786,9.9629,4.577,2.0973,0,0.04,0.96,0,0,0,0,1,0,0,0,0,1,0,0,0
2.7387,6.966,4.5033,0,2.0103,33.02,12.002,0,10.311,20.951,7.4974,7.2842,11.886,6.1176,7.8612,9.8603,30.552,11.024,0.88534,2.3224,11.073,1.1326,6.8515,5.2591,11.968,9.458,6.6467,21.959,4.3307,10.534,12.46,9.3639,1.17,0,0.016949,0.23729,0.74576,0,0,0,1,0,0,0,0,1,0,0,0
8.1218,12.095,8.845,0,0.75496,30.248,12.423,0,3.2058,12.278,12.028,3.2475,17.389,8.8856,10.398,4.0627,22.285,17.471,0.31494,5.6398,9.4067,0.89922,10.258,12.533,17.31,13.386,7.8399,15.966,4.9844,6.1152,7.8174,2.5759,1.2142,0,0,0.13953,0.7907,0.069767,0,0,1,0,0,0,0,1,0,0,0
