h1,h2,h3,h4,h5,h6,h7,h8,h9,h10,h11,h12,h13,h14,h15,h16,h17,h18,h19,h20,h21,h22,h23,h24,h25,h26,h27,h28,h29,h30,h31,h32,h33,h34,h35,h36,h37,h38,h39,h40,h41,h42,h43,h44,h45,h46,h47,h48,label
0,0,0,0,0,100,0,0,0,0,0,0,0,0,0,29.412,68.897,1.6914,0,0,0,0,0,0,0,0,22.996,71.057,5.9474,0,0,0,0,0,0,0.0625,0.34375,0.59375,0,0,1,0,0,0,0,1,0,0,0
0,0,0,0,0,100,0,0,0,0,0,0,0,0,0,19.544,75.412,5.0435,0,0,0,0,0,0,0,0,23.284,70.188,6.5286,0,0,0,0,0,0,0.96774,0.032258,0,0,0,1,0,0,0,0,1,0,0,0
0,0,0,0,0,100,0,0,0,0,0,0,0,0,0,19.534,76.774,3.6924,0,0,0,0,0,0,0,0,22.709,75.662,1.6296,0,0,0,0,0,0,0.96154,0.038462,0,0,0,1,0,0,0,0,1,0,0,0
0,0,0,0,0,100,0,0,0,0,0,0,0,0,0,22.064,75.974,1.9616,0,0,0,0,0,0,0,0,15.628,76.574,7.7979,0,0,0,0,0,0.018519,0.98148,0,0,0,0,1,0,0,0,0,1,0,0,0
0,0,0,0,0,100,0,0,0,0,0,0,0,0,0,20.79,72.516,6.6935,0,0,0,0,0,0,0,0,28.349,67.652,3.9996,0,0,0,0,0,0,1,0,0,0,0,1,0,0,0,0,1,0,0,0
0,0,0,0,0,100,0,0,0,0,0,0,0,0,0,9.4836,79.31,11.207,0,0,0,0,0,0,0,0,18.368,81.632,0,0,0,0,0,0,0,0.97727,0.022727,0,0,0,1,0,0,0,0,1,0,0,0
0,0,0,0,0,100,0,0,0,0,0,0,0,0,0,12.464,81.194,6.3412,0,0,0,0,0,0,0,0,17.984,79.295,2.7206,0,0,0,0,0,0,1,0,0,0,0,1,0,0,0,0,1,0,0,0
0,0,0,0,0,99.55,0,0,0,0.4504,0,0,0,0,0,11.34,78.891,9.7683,0,0,0,0,0,0,0,0,22.953,76.597,0,0,0.4504,0,0,0,0,1,0,0,0,0,1,0,0,0,0,1,0,0,0
0,0,0,0,0,99.276,0,0,0,0.724,0,0,0,0,0,8.297,79.624,11.355,0.724,0,0,0,0,0,0,0,21.388,77.164,0.724,0.724,0,0,0,0,0,0.95082,0.04918,0,0,0,1,0,0,0,0,1,0,0,0
0,0.52681,0,0,0.52681,95.767,0,0,0,3.1789,0,0,0,0.52681,0.52681,6.6386,84.025,6.6396,1.6433,0,0,0,0,0,0,0.52681,12.174,82.477,1.1165,2.1701,1.5356,0,0,0,0,1,0,0,0,0,1,0,0,0,0,1,0,0,0
0,0,0,0,0,100,0,0,0,0,0,0,0,0,0,19.035,73.363,5.7176,1.8842,0,0,0,0,0,0,0,9.3888,71.307,16.058,3.2458,0,0,0,0,0,0.037037,0.2963,0.66667,0,0,1,0,0,0,0,1,0,0,0
0,0,0,0,0,100,0,0,0,0,0,0,0,0,0,16.877,72.882,6.9442,3.2967,0,0,0,0,0,0,0,12.829,73.968,8.5457,4.6566,0,0,0,0,0,0,0.55556,0.44444,0,0,1,0,0,0,0,1,0,0,0
0,0,0,0,0,100,0,0,0,0,0,0,0,0,0,18.366,75.261,5.2796,1.0934,0,0,0,0,0,0,0,13.605,74.474,9.1129,2.8087,0,0,0,0,0,1,0,0,0,0,1,0,0,0,0,1,0,0,0
0,0,0,0,0,100,0,0,0,0,0,0,0,0,0,19.194,64.183,10.637,5.9867,0,0,0,0,0,0,0,11.452,64.458,20.006,4.084,0,0,0,0,0,1,0,0,0,0,1,0,0,0,0,1,0,0,0
0,0,0,0,0,100,0,0,0,0,0,0,0,0,0,16.782,66.964,13.527,2.7277,0,0,0,0,0,0,0,4.1331,79.361,11.983,4.5228,0,0,0,0,0,0.81967,0.065574,0.11475,0,0,1,0,0,0,0,1,0,0,0
0,0,0,0,0,100,0,0,0,0,0,0,0,0,0,11.427,72.181,11.058,5.3343,0,0,0,0,0,0,0,14.498,63.346,20.98,1.1759,0,0,0,0,0,0.13636,0.090909,0.77273,0,0,1,0,0,0,0,1,0,0,0
0,0,0,0,0,100,0,0,0,0,0,0,0,0,0,10.309,80.05,5.3349,4.3065,0,0,0,0,0,0,0,12.858,77.206,7.2558,2.6805,0,0,0,0,0,1,0,0,0,0,1,0,0,0,0,1,0,0,0
0,0,0,0,0,100,0,0,0,0,0,0,0,0,0,11.09,72.884,14.898,1.1287,0,0,0,0,0,0,0,5.6741,79.737,14.589,0,0,0,0,0,0,1,0,0,0,0,1,0,0,0,0,1,0,0,0
0,0,0,0,0,100,0,0,0,0,0,0,0,0,0,7.8485,90.419,1.7322,0,0,0,0,0,0,0,0,9.5187,84.148,5.0471,1.2862,0,0,0,0,0,0.96154,0.038462,0,0,0,1,0,0,0,0,1,0,0,0
0,0,0,0,0,98.798,0,0,0,1.2025,0,0,0,0,0,5.4088,89.483,5.1077,0,0,0,0,0,0,0,0,13.199,84.731,0.86763,0,1.2025,0,0,0,0,0.97674,0.023256,0,0,0,1,0,0,0,0,1,0,0,0
0,0,0,0,0,100,0,0,0,0,0,0,0,0,0,3.4999,91.673,4.1031,0.72412,0,0,0,0,0,0,0,8.3781,86.747,3.1477,1.7271,0,0,0,0,0,0.95402,0.045977,0,0,0,1,0,0,0,0,1,0,0,0
4.1865,5.7503,9.4976,13.305,10.553,20.39,15.366,8.4808,6.7752,3.9067,1.7884,10.907,7.6141,11.734,11.769,8.8785,7.7864,6.9637,5.4598,5.3757,11.698,11.813,10.543,9.054,9.7041,10.252,8.4344,0.86198,7.1958,8.6554,10.865,11.24,13.194,0.23377,0.58442,0.16883,0.012987,0,0,0,0.98701,0.012987,0,0,0.1039,0.8961,0,0,0
1.5915,1.8202,0.39787,0,1.4224,88.941,0,0.39787,0,3.5957,1.8335,0,0,3.6537,3.6537,4.2494,75.033,7.8251,3.1978,1.1936,1.1936,0,0,0.39787,0.79574,1.8202,10.467,77.892,3.2111,4.6202,0.39787,0,0.39787,0,0,0.97674,0.023256,0,0,0,1,0,0,0,0,1,0,0,0
3.1326,4.7477,9.155,14.487,14.91,26.462,11.055,7.0171,4.7648,3.0001,1.2693,10.118,7.3338,6.7552,10.107,7.0675,13.111,9.1559,7.3795,6.1656,11.403,11.404,10.387,9.7084,9.2018,3.8851,4.3865,4.807,11.124,10.453,12.433,10.676,12.938,0.084746,0.25424,0.39831,0.26271,0,0,0,1,0,0,0,0.22881,0.77119,0,0,0
0,0,0,0,0,97.114,0,0,0,1.7267,1.159,0,0,1.159,1.159,5.5122,90.365,1.8049,0,0,0,0,0,0,0,0,9.6254,87.489,1.159,0,1.7267,0,0,0,0,1,0,0,0,0,1,0,0,0,0,1,0,0,0
0,0,6.1067,20.404,18.384,45.553,0,0,8.1905,1.3622,0,1.3622,1.3622,5.4575,9.4891,11.564,15.659,21.117,0,18.329,5.4575,10.202,0,0,0,0,5.4575,10.202,31.968,6.1067,29.244,11.564,5.4575,0,0.95,0.05,0,0,0,0,1,0,0,0,0,1,0,0,0
0,0,0,0,0,100,0,0,0,0,0,0,0,0,0,0,98.154,1.8461,0,0,0,0,0,0,0,0,5.4919,93.497,1.0111,0,0,0,0,0,0,0.93151,0.068493,0,0,0,1,0,0,0,0,1,0,0,0
0,0,0,0,0,100,0,0,0,0,0,0,0,0,0,0.68713,96.868,2.4449,0,0,0,0,0,0,0,0,2.9662,92.257,4.7773,0,0,0,0,0,0,0.94792,0.041667,0.010417,0,0,1,0,0,0,0,1,0,0,0
0.23289,13.093,18.529,6.4048,6.8963,23.02,12.829,6.9578,6.1049,3.6521,2.2794,17.469,13.87,1.8113,4.9215,16.148,12.45,11.004,7.2266,5.9111,3.0527,6.1355,17.069,13.124,7.8101,5.6012,10.99,3.538,6.7057,8.3035,6.7902,11.099,8.9701,0,0,0.78049,0.21951,0,0,0,1,0,0,0,0,0,1,0,0
0,0,0,0,0,96.59,2.1944,0,0,0,1.2152,0,0,1.2152,1.2152,2.1944,95.375,0,0,0,0,0,0,0,0,2.1944,4.3416,92.249,1.2152,0,0,0,0,0,0,1,0,0,0,0,1,0,0,0,0,1,0,0,0
4.9449,6.2947,8.3501,17.274,13.599,20.394,10.654,6.5817,5.1791,4.114,2.6148,11.766,8.2552,6.7808,13.95,4.4715,6.5911,7.2326,8.6685,7.8097,13.437,11.038,12.529,10.764,9.619,5.1516,3.2163,0.9528,6.2243,6.4901,15.467,11.252,18.334,0,1,0,0,0,0,0,1,0,0,0,0,1,0,0,0
0,0,0,0,0,99.086,0.91352,0,0,0,0,0,0,0,0,0.91352,97.741,1.3459,0,0,0,0,0,0,0,0.91352,0.85025,96.635,1.6014,0,0,0,0,0,0,0.97,0.03,0,0,0,1,0,0,0,0,1,0,0,0
9.81,4.6732,6.0567,9.5824,7.0823,30.945,9.5961,7.4545,5.3031,5.6753,3.8212,5.5612,8.0169,7.595,10.176,8.3418,14.574,5.7081,5.4701,8.0925,16.897,9.5672,7.9809,6.9956,16.225,6.3712,13.675,7.6518,8.5295,7.454,8.7412,4.914,11.462,0,0.61404,0.31579,0.035088,0.035088,0,0,0.92982,0.070175,0,0,0.49123,0.50877,0,0,0
2.8674,0.93783,1.1007,1.4134,1.4882,80.141,0,1.6042,7.7987,2.6485,0,2.5861,0,1.0566,2.9736,8.218,62.429,13.031,2.5298,4.04,0.43155,2.7048,0.55033,0.55033,0.86311,1.0566,13.908,58.759,10.46,3.5864,3.6085,3.7587,2.8988,0,0,0.8871,0.1129,0,0,0,1,0,0,0,0,1,0,0,0
3.2602,2.3505,0.31181,0.94583,2.0387,83.972,0,0.70326,2.7145,3.3919,0.31181,0.86437,0,2.1894,3.5267,6.0183,67.086,12.986,2.6623,2.867,1.4083,0.39146,0,0.31181,1.5694,1.8776,17.112,65.794,3.5409,4.2281,2.6611,0.78292,2.122,0,0,1,0,0,0,0,1,0,0,0,0,1,0,0,0
3.1898,1.9247,9.2741,3.8482,4.797,59.071,3.4117,0.68908,8.792,5.0024,0,6.5898,1.8533,2.9813,2.9597,11.653,39.208,17.067,3.4126,3.9943,2.7191,7.5614,4.733,3.2749,5.4091,3.9964,15.006,35.66,14.453,5.8456,3.9743,3.9913,3.6572,0,0.047619,0.84127,0.095238,0.015873,0,0,1,0,0,0,0,1,0,0,0
4.5628,4.3766,4.2969,3.6765,3.6041,62.592,2.0068,2.1176,8.1429,4.3274,0.29666,5.0232,0.48833,3.0052,6.3928,10.096,42.12,14.089,4.7268,4.3868,4.822,4.8492,2.7617,1.5643,6.9529,2.7085,18.561,39.543,7.8377,5.1028,3.3774,5.1683,6.4226,0,0.059701,0.9403,0,0,0,0,1,0,0,0,0,1,0,0,0
0,0,7.1483,2.0947,2.0947,54.429,18.649,0.6406,11.064,3.8792,0,6.8689,1.1291,7.6832,3.8348,15.822,26.969,20.527,8.7375,4.164,0,4.2654,4.489,2.6593,3.7588,15.856,8.3428,30.329,17.852,4.4438,3.5542,5.725,2.9897,0,0,0.14035,0.22807,0.63158,0,0,1,0,0,0,0,1,0,0,0
0.29699,1.2751,13.646,5.9446,7.2822,46.719,11.015,2.5379,7.1082,4.1753,0,8.4823,3.4962,6.6412,4.0592,17.51,18.711,18.538,5.2674,6.004,1.4615,9.8286,7.5231,4.8758,6.0637,8.7832,12.911,23.199,17.614,6.9391,3.8087,5.472,2.8097,0,0.048387,0.43548,0.33871,0.17742,0,0,1,0,0,0,0,1,0,0,0
2.4771,2.3005,10.219,4.461,10.054,40.988,4.673,2.5673,16.319,5.9403,0,6.3281,3.5896,4.4677,3.3955,12.179,26.925,13.973,4.3349,5.3933,7.9714,11.442,4.8234,4.6137,7.7255,4.2084,6.3867,19.19,17.163,10.729,4.2037,9.6868,11.27,0.25397,0.68254,0.031746,0,0.031746,0,0,1,0,0,0,0,1,0,0,0
8.6511,3.1052,1.0442,2.6599,2.8794,67.355,2.5435,1.3366,1.9165,6.4354,2.0732,2.0316,0.55544,4.8131,6.3034,9.8197,51.783,8.23,6.2213,5.0492,4.6088,0.58479,0.58479,1.0442,6.1516,2.7399,18.92,48.939,6.6843,5.8996,4.148,0.87718,4.0107,0,0,1,0,0,0,0,1,0,0,0,0,1,0,0,0
8.6766,1.958,0.92283,0,4.3588,70.31,6.6077,0.92283,0,5.3206,0.92283,1.6618,1.6618,6.2044,6.2044,7.2408,63.215,3.7322,4.5426,2.7685,2.7685,0,0,0.92283,5.1692,6.904,12.331,62.225,1.8457,7.2396,2.4397,0,0.92283,0,0,0.96364,0.036364,0,0,0,1,0,0,0,0,1,0,0,0
8.1284,6.4409,5.055,4.0198,5.349,45.955,6.012,4.655,6.7318,6.1547,1.4986,4.1867,3.0025,7.0278,6.2548,8.4576,31.74,9.2772,6.4674,6.7437,10.559,6.2831,4.6402,2.7317,12.009,5.5738,14.61,26.518,9.2567,6.6167,6.4459,5.8697,5.7282,0,0.029851,0.97015,0,0,0,0,1,0,0,0,0,1,0,0,0
10.197,6.4941,2.9535,5.0802,1.8485,45.497,5.6961,8.7078,2.3645,6.9097,4.2522,3.6097,5.548,9.826,10.118,5.0808,35.711,4.6273,6.6426,7.0496,9.2712,2.5157,3.1244,8.2266,11.462,4.9327,16.793,29.663,6.2823,7.374,3.6201,1.8841,6.6373,0.13483,0.4382,0.38202,0.044944,0,0,0,0.95506,0.044944,0,0,0.13483,0.86517,0,0,0
3.5468,0,0,0,2.3645,84.648,5.6573,2.1105,0,0,1.673,1.1823,1.1823,6.1481,4.0376,2.0618,80.913,3.2928,1.1823,0,0,0,0,2.1105,2.3645,2.3645,8.0509,78.082,2.5525,4.475,0,0,0,0,0.019802,0.92079,0.059406,0,0,0,1,0,0,0,0,1,0,0,0
0,0,0,0,0,95.425,3.2942,1.281,0,0,0,0,0,1.281,0,4.5351,90.994,3.1895,0,0,0,0,0,1.281,0,2.0132,1.281,90.303,3.8404,1.281,0,0,0,0,0,0.9505,0.049505,0,0,0,1,0,0,0,0,1,0,0,0
5.1952,2.2127,1.9149,1.4938,3.7373,60.556,7.861,10.585,5.9464,0.49795,0,4.7898,6.9961,3.3162,5.031,11.015,50.285,5.7024,2.8749,3.3319,1.9149,4.7424,6.6574,7.0592,5.5289,4.2879,11.432,44.747,3.1446,6.869,0,3.3255,6.9487,0,0.59649,0.38596,0.017544,0,0,0,1,0,0,0,0,1,0,0,0
0,0,0.7632,0,0.7632,79.369,3.268,5.9421,9.8942,0,0,0.7632,1.9539,1.6986,2.0162,9.8262,69.087,6.8686,0,3.5426,0.7632,3.4803,4.2435,2.4618,0,0.80619,7.9392,69.141,0.7632,3.225,0,2.7171,8.7035,0,0.14286,0.82418,0.032967,0,0,0,1,0,0,0,0,1,0,0,0
4.6428,4.7839,9.5531,6.106,9.3529,40.808,5.3915,4.5272,9.2908,4.781,0.76244,5.9248,5.0252,3.4068,8.2878,11.853,22.227,9.8328,6.7887,8.5086,7.0198,11.126,6.7714,2.4486,13.754,2.5158,14.236,16.893,12.727,9.5513,3.9235,7.2197,9.9593,0,0.12,0.58,0.08,0.22,0,0,1,0,0,0,0,1,0,0,0
5.7018,5.9363,9.0514,10.093,10.602,25.631,12.598,4.6953,8.9223,5.3577,1.4109,7.784,6.6326,7.0172,9.1514,11.277,14.513,6.9569,5.6678,7.7129,10.826,12.461,9.5026,6.3875,14.04,5.7049,11.046,5.9727,11.078,8.7695,7.1997,6.9493,13.351,0,0,0,1,0,0,0,1,0,0,0,0,1,0,0,0
8.6646,3.0837,4.5649,8.7667,4.1418,32.264,13.21,12.96,5.3578,5.5921,1.3945,6.9658,9.0452,10.191,9.3976,10.184,20.591,5.1168,2.2889,7.6799,7.3538,11.186,12.237,6.8022,12.348,4.3466,21.536,12.206,4.9047,8.2358,1.686,4.7231,10.974,0,0.84615,0.043956,0.032967,0.076923,0,0,1,0,0,0,0,1,0,0,0
0.56282,0.56282,6.4554,0,5.4145,58.078,4.1993,13.665,8.6655,2.3969,0,4.8521,1.9228,1.1765,4.4896,17.434,39.211,7.1721,0.56282,8.4807,4.2893,10.409,10.663,7.2568,1.8292,0,11.717,34.5,6.8466,7.785,1.8251,5.1048,12.472,0,0.62025,0.37975,0,0,0,0,1,0,0,0,0,1,0,0,0
0,0,11.39,0,5.9737,49.004,1.6979,7.2005,19.6,5.1341,0,4.3044,2.1875,0,5.1858,21.789,29.001,14.475,0,6.4703,4.3044,12.282,6.2904,6.832,3.3421,0,10.411,29.688,10.147,2.5523,1.216,14.758,14.763,0,0,0,0.6,0.4,0,0,1,0,0,0,0,1,0,0,0
1.3084,1.5453,5.5671,22.013,6.9363,15.852,18.086,24.277,2.6853,1.0746,0.65421,29.318,4.9396,3.8609,5.2243,4.7861,10.175,1.3236,7.1272,0.92213,19.612,12.712,39.817,15.783,13.356,3.3495,5.6379,1.7838,8.3338,3.789,3.2627,2.2827,2.6049,0,0.40179,0.59821,0,0,0,0,1,0,0,0,0,1,0,0,0
0.46772,5.8519,6.4043,1.647,5.4924,16.829,19.292,34.862,6.2382,2.6611,0.25515,1.1906,0.72287,2.1706,6.2996,24.258,28.419,18.966,11.724,2.375,0.5103,3.3643,1.4962,24.291,19.47,21.256,12.087,0.92411,1.1336,4.0872,6.5326,4.8348,3.888,0,0,0,0.014286,0.98571,0,0,1,0,0,0,0,1,0,0,0
0.50965,6.4053,8.0802,4.472,4.691,17.817,19.928,22.929,9.0932,5.1778,0.89636,1.7382,1.1138,8.4302,6.4,20.341,22.795,18.78,12.481,3.7332,0.89767,3.2896,0.56704,23.703,18.452,14.722,11.917,2.3406,3.5566,3.5266,9.1753,6.8075,5.2322,0,0,0,0.076923,0.92308,0,0,1,0,0,0,0,1,0,0,0
0,3.2431,5.6661,0.6544,4.9546,19.019,25.136,25.106,11.224,4.9962,0,0,0.77573,7.8564,11.431,24.185,28.665,13.348,10.896,2.1362,0,0.70608,1.1381,21.731,18.589,18.219,17.714,0.6544,3.4212,3.0333,7.6933,5.7023,2.105,0,0,0,0,1,0,0,1,0,0,0,0,1,0,0,0
2.3344,6.8907,9.0493,5.3224,3.3478,15.307,18.071,18.96,9.8743,9.6149,1.2279,7.9463,4.0614,7.281,9.055,14.544,25.046,17.294,7.1233,2.0273,0.83169,4.7905,3.0644,14.867,17.047,11.673,14.347,3.7247,0.3107,7.4914,11.925,12.79,2.7593,0,0,0.024096,0.096386,0.87952,0,0,1,0,0,0,0,1,0,0,0
0.66894,4.5264,5.3067,5.0511,8.5549,22.148,22.97,22.641,5.0449,2.6506,0.43821,0.99829,2.0721,11.536,8.9028,18.048,23.14,13.138,12.662,6.0953,1.0156,2.3916,1.2359,16.423,16.522,20.85,13.84,2.0325,8.0138,7.4755,6.0824,3.8397,3.685,0,0,0,0.037975,0.96203,0,0,1,0,0,0,0,1,0,0,0
0.66471,7.0726,11.935,3.2583,6.3445,12.91,19.299,19.856,11.664,5.1594,1.8364,4.6415,1.6743,3.3191,11.535,23.203,29.386,10.003,5.9567,3.3264,1.3481,5.6071,3.764,19.62,18.764,17.968,8.3732,1.6134,2.1217,6.3335,9.9923,7.8151,3.6356,0,0,0,0.03,0.97,0,0,1,0,0,0,0,1,0,0,0
0,0,4.8746,3.463,3.0833,64.728,17.349,3.0534,2.6889,0.75976,0,7.6263,0.81921,8.0271,5.7481,21.369,22.966,19.658,4.4621,8.9151,0,0.40961,4.0554,0.81921,0.40961,14.544,27.131,32.031,11.703,3.1552,4.2228,1.1694,0.75976,0,0,0.36538,0.30769,0.32692,0,0,1,0,0,0,0,1,0,0,0
0,0,1.2243,0,5.6528,54.433,38.689,0,0,0,0,0,3.4223,15.173,11.122,9.3919,16.86,25.222,11.336,7.473,0,0,1.2243,0,2.5103,27.038,20.797,24.712,17.999,5.7191,0,0,0,0,0,0.42,0.32,0.26,0,0,1,0,0,0,0,1,0,0,0
0,0,0,0,4.7604,70.541,24.699,0,0,0,0,3.5234,1.1943,16.846,20.375,5.4668,14.183,21.124,10.193,7.0954,0,0,0,0,0,19.232,37.612,20.793,13.314,9.0496,0,0,0,0,0,0.13559,0.54237,0.32203,0,0,1,0,0,0,0,1,0,0,0
6.9089,2.4185,1.2093,4.8293,1.2093,37.032,37.069,2.4147,6.9089,0,0,14.153,9.364,17.442,6.9089,15.027,5.7401,10.569,5.7363,12.645,0,2.4147,1.2093,0,1.2093,35.827,26.838,17.139,0,1.2093,2.4147,11.738,2.4147,0,0,0.12195,0.26829,0.60976,0,0,1,0,0,0,0,1,0,0,0
0,0,3.7383,4.666,5.7359,50.576,25.761,2.0588,5.503,1.9607,0,7.8156,2.0655,8.8541,7.5923,12.716,22.81,19.853,11.239,4.6097,0.386,2.0587,1.4493,2.289,4.1193,19.349,14.544,25.877,17.177,5.6352,5.4078,2.8005,1.3512,0,0,0.67619,0.19048,0.13333,0,0,1,0,0,0,0,1,0,0,0
0,0.56457,3.1334,2.4683,5.2535,61.158,25.43,0,1.6079,0.3842,0,1.4394,3.2123,10.325,11.771,13.621,18.734,20.196,10.011,9.0005,1.2356,0.45529,2.2228,0.91058,1.814,19.249,23.891,25.461,14.6,6.6447,3.4171,0.83949,0.94877,0,0,0.58559,0.27027,0.14414,0,0,1,0,0,0,0,1,0,0,0
0.31853,1.0337,8.2781,6.7176,10.643,45.991,11.385,2.8607,8.9396,3.8337,0,8.173,2.9478,5.2688,4.7812,17.709,22.507,14.305,7.4642,5.8454,3.893,7.1054,6.2198,2.7685,6.1878,7.1133,9.0857,21.382,17.896,10.506,5.5515,5.8173,7.4718,0,0,0.11111,0.87963,0.0092593,0,0,1,0,0,0,0,1,0,0,0
0.73492,2.6592,6.0641,8.7786,19.118,42.642,16.896,1.1438,1.4809,0.48288,0,5.7311,4.6502,12.736,7.2944,12.453,16.663,13.077,9.8796,10.278,2.4339,4.805,4.7232,3.7955,2.6989,8.6228,13.018,11.216,21.445,13.832,8.8031,3.919,7.9272,0,0,0,0.93525,0.064748,0,0,1,0,0,0,0,1,0,0,0
0,0.9323,0.91518,1.3243,12.437,53.369,31.022,0,0,0,0,0.82207,5.409,10.579,10.488,8.694,21.671,15.867,11.359,13.737,1.3737,0,0.53455,0,0.62624,23.218,24.772,22.239,15.808,8.4716,3.0179,0,1.3129,0,0.014085,0.66197,0.25352,0.070423,0,0,1,0,0,0,0,1,0,0,0
0.49433,5.0408,3.5176,10.635,3.3179,38.284,26.235,5.9931,2.5395,2.8862,1.0559,22.004,10.084,11.258,7.2374,4.6685,6.7189,16.09,9.2575,5.7625,0,6.9178,2.4954,1.7618,1.9674,16.605,38.379,5.4565,0.34734,4.7706,7.9401,15.042,5.2345,0,0.015152,0.48485,0.28788,0.21212,0,0,1,0,0,0,0,1,0,0,0
1.0747,0.89698,2.8095,7.0423,20.261,47.704,18.207,1.1288,0.23719,0.63834,0,4.3775,4.7505,14.942,11.435,9.1098,13.667,12.621,17.511,8.0021,1.465,2.1198,1.0423,1.4318,1.266,14.339,20.686,8.074,19.657,17.705,10.117,1.8582,3.8243,0,0,0.042553,0.48936,0.46809,0,0,1,0,0,0,0,1,0,0,0
0.72985,7.307,9.9921,3.3093,7.3272,22.014,19.814,8.9228,11.166,5.4349,3.9838,12.66,4.9493,6.4001,8.4671,16.292,16.655,14.272,5.804,5.8843,1.4221,7.1929,3.7603,12.065,8.6539,14.746,17.072,3.5675,2.3188,8.1594,10.401,14.286,4.9704,0,0,0.29688,0.64062,0.0625,0,0,1,0,0,0,0,1,0,0,0
0.83699,9.3921,14.776,4.7456,6.9702,19.212,14.042,7.2244,10.198,9.369,3.2339,13.161,3.9935,4.8597,8.8595,12.818,18.123,12.826,5.6353,7.0164,1.1834,11.524,6.7127,10.224,11.48,11.995,9.1966,4.3154,8.8253,7.3613,10.264,13.475,6.15,0,0,0.23158,0.76842,0,0,0,1,0,0,0,0,1,0,0,0
2.8549,4.9755,6.6559,6.8286,3.0255,32.022,21.946,4.4025,7.3373,6.557,3.3957,20.376,5.0311,10.887,10.549,10.019,9.7401,13.511,4.9907,7.7423,0,7.1539,4.4853,2.7326,1.3825,18.076,21.121,10.98,2.1576,7.3533,8.6876,20.1,2.9243,0,0,0.2549,0.17647,0.56863,0,0,1,0,0,0,0,1,0,0,0
5.8237,7.2963,7.1485,1.8758,5.1351,32.824,21.027,1.2676,10.044,5.1146,2.444,13.945,7.0525,15.086,11.829,17.874,10.36,9.6441,2.579,7.0542,0.40574,4.1708,4.3545,2.8457,3.7828,25.18,19.417,14.079,1.4043,7.9414,5.7559,14.115,1.1236,0,0.046512,0.53488,0.18605,0.23256,0,0,1,0,0,0,0,1,0,0,0
1.8348,11.834,10.264,5.9731,4.9867,28.984,14.202,4.5368,9.1364,7.0046,1.244,12.808,9.9999,6.7051,8.1403,8.675,15.346,16.248,5.3392,4.486,0.91067,11.342,6.2164,3.7761,6.2058,17.202,12.403,8.1224,5.6551,9.6694,11.411,15.72,3.6189,0,0.11236,0.48315,0.35955,0.044944,0,0,1,0,0,0,0,1,0,0,0
0.31063,9.3586,20.365,3.6067,6.4901,29.471,7.9868,2.2923,9.0134,6.969,4.136,13.279,6.3134,3.3101,7.3927,8.6854,21.784,9.8415,5.9344,6.8948,4.1874,12.377,8.4992,8.3725,9.6818,9.7734,5.4266,11.048,13.265,8.3152,11.581,9.8037,4.2329,0,0.34286,0.64286,0.014286,0,0,0,1,0,0,0,0,1,0,0,0
0.96546,7.4645,16.141,3.7577,5.1257,28.047,18.434,1.0027,6.3397,7.49,5.2319,17.481,7.1968,5.7842,6.6659,10.383,23.259,11.123,2.8632,6.7687,1.0096,7.4671,11.253,4.1699,5.3091,13.911,13.612,12.798,7.6133,10.377,6.1727,11.944,2.8393,0,0,0.8209,0.1791,0,0,0,1,0,0,0,0,0.77612,0.22388,0,0
0,5.6726,14.562,0.34504,2.0695,59.302,5.5541,1.5919,5.6221,3.8439,1.4375,9.9843,5.4665,2.6887,3.6825,7.4635,48.11,8.702,2.1581,2.7885,0.78062,8.1756,8.5388,5.6149,2.574,7.1826,3.9862,40.187,14.114,4.3182,3.8064,7.3923,2.2852,0,0.011628,0.98837,0,0,0,0,1,0,0,0,0,0.011628,0.98837,0,0
0,4.0639,14.719,2.2851,1.7782,62.149,3.1514,1.3811,5.9381,3.563,0.97185,8.1883,4.1469,3.9992,2.3712,6.1024,50.894,5.8587,1.9027,7.8241,2.6399,6.0728,13.399,2.2612,2.9651,4.9211,1.883,42.895,14.856,5.505,3.4382,4.5097,3.3669,0,0.054054,0.94595,0,0,0,0,1,0,0,0,0,0,1,0,0
10.058,6.5048,1.6857,7.0055,7.6784,43.044,10.096,5.114,3.3754,3.2013,2.2367,5.8491,5.9004,9.5877,10.032,7.2734,31.038,7.9794,6.782,3.4122,7.7705,4.3758,4.1121,3.1608,14.329,7.5675,19.589,24.424,4.2682,7.7474,4.4533,3.9803,6.3672,0.58025,0.23457,0.16049,0.024691,0,0,0,0.88889,0.11111,0,0,0.51852,0.48148,0,0,0
6.4267,8.3838,6.3418,13.454,10.671,20.556,13.916,10.194,5.0751,4.0242,0.95714,8.8716,7.2814,9.0299,13.216,7.027,11.747,6.2569,8.5659,7.1146,11.758,9.132,10.612,9.8319,13.015,6.693,12.326,1.8889,4.9378,6.1083,11.767,10.026,12.793,0.98261,0.017391,0,0,0,0,0,1,0,0,0,0.46957,0.53043,0,0,0
11.773,6.3138,3.5901,7.7809,5.6547,29.867,11.404,10.233,6.4229,4.3091,2.6519,8.3798,10.162,8.1751,10.106,7.3215,14.871,6.1083,6.5869,6.0551,11.449,10.785,8.3089,10.854,14.163,7.3988,14.384,7.5463,6.4274,8.7326,5.8691,6.0596,10.257,0.097561,0.62195,0.04878,0.10976,0.12195,0,0,0.95122,0.04878,0,0,0.15854,0.84146,0,0,0
3.5869,4.1725,8.4437,14.619,16.758,22.794,10.281,6.2064,7.0877,5.3653,0.68487,15.179,5.5799,6.9889,12.483,5.4528,12.545,7.2289,7.2258,5.3628,8.8697,13.085,7.7807,10.144,6.7605,3.5237,4.9365,4.9121,9.3118,9.7585,15.688,11.435,15.749,0.54,0.46,0,0,0,0,0,1,0,0,0,0.08,0.92,0,0,0
3.9498,4.5737,8.775,16.006,14.385,21.855,11.598,6.0634,6.4563,4.1671,2.1704,12.376,7.4875,7.464,11.65,5.2817,9.0324,8.1045,7.7532,6.9806,12.989,10.881,12.673,9.1334,7.5658,6.0572,4.036,1.7055,8.4102,9.2226,13.282,12.207,15.706,0.98851,0.011494,0,0,0,0,0,1,0,0,0,0.16092,0.83908,0,0,0
3.7682,5.6352,9.8069,13.052,15.52,21.515,12.761,7.7159,5.7458,3.1022,1.3791,10.491,7.8517,6.8319,15.946,5.6334,8.266,7.6251,8.9084,5.131,13.381,9.9351,14.152,13.929,7.1608,5.9385,5.3059,0.81118,6.8213,6.2219,19.185,8.059,12.415,0.97917,0.020833,0,0,0,0,0,0.97917,0.020833,0,0,0,1,0,0,0
0.95311,4.2073,4.9171,8.2247,18.73,39.98,15.228,3.6105,2.603,1.1148,0.43187,5.6042,1.8518,11.301,6.7111,15.681,17.299,9.6338,13.654,10.748,3.3656,4.1506,2.3514,5.5577,6.5821,13.357,13.293,9.149,19.054,9.3343,10.658,6.1923,4.4709,0,0,0,0.98667,0.013333,0,0,1,0,0,0,0,1,0,0,0
0.57001,5.7339,10.003,5.0205,8.866,18.692,24.273,17.287,4.3112,3.8449,1.3975,1.9373,1.7929,6.0636,9.3851,17.688,24.846,12.421,14.22,5.086,1.4057,5.1534,2.5129,15.137,18.378,20.589,11.765,0.91269,5.6374,5.7147,9.7533,6.7758,2.8238,0,0,0,0.34667,0.65333,0,0,1,0,0,0,0,1,0,0,0
0.51777,0.40703,12.292,12.063,20.003,41.228,8.1806,3.8661,0.51777,0.66592,0.25888,14.302,8.3094,8.0879,2.7625,8.1986,22.568,0,7.1451,0.25888,1.9177,26.45,13.206,10.615,20.101,5.3074,7.077,1.2518,20.996,17.907,1.6895,1.0729,0.77665,0,0.076923,0.91209,0.010989,0,0,0,1,0,0,0,0,1,0,0,0
0,0,0,0,0,98.021,0.60679,0,0,0.51169,0.86003,0,0,0.86003,0.86003,2.0544,95.823,0.40291,0,0,0,0,0,0,0,0.60679,4.3498,93.672,0.86003,0,0.51169,0,0,0,0,0.92424,0.075758,0,0,0,1,0,0,0,0,1,0,0,0
0.73366,1.5576,5.9571,18.083,10.056,23.596,12.939,23.459,1.9215,1.3305,0.36683,22.334,6.9041,6.1764,5.1085,7.1342,6.0337,0.59392,6.1536,0.36683,17.902,21.293,39.7,9.0218,18.741,0.36683,3.4713,2.3708,12.06,6.2777,2.8142,2.8882,2.2883,0,0.52381,0.30159,0.095238,0.079365,0,0,1,0,0,0,0,1,0,0,0
0.59004,7.1357,9.6744,9.5116,20.604,24.506,6.0896,7.1959,6.671,4.6422,3.3794,21.546,12.511,1.5185,8.3065,12.193,10.865,8.4441,7.7913,1.6464,4.2531,10.925,13.842,9.6477,9.7444,2.4071,4.4436,2.2254,10.279,15.946,6.8535,13.506,11.106,0,0.053763,0.58065,0.36559,0,0,0,0.39785,0.60215,0,0,0,0.032258,0.96774,0,0
3.2672,3.9824,11.852,10.483,11.655,24.945,11.19,11.436,5.3248,4.2847,1.5805,17.769,9.8805,8.7161,8.5302,9.7816,9.7356,2.8295,7.4146,2.9454,8.7361,13.661,21.071,10.482,15.446,5.6692,7.0263,1.431,11.432,8.1385,4.2058,7.2584,7.8393,0,1,0,0,0,0,0,1,0,0,0,0,1,0,0,0
2.6438,2.4099,12.193,8.8588,15.444,22.371,11.412,13.619,6.4616,3.6029,0.98438,14.482,9.6649,5.3819,10.907,11.405,10.852,5.4457,8.6469,3.1772,8.0963,11.942,22.422,11.051,8.5291,4.8348,7.1709,2.7596,14.277,6.1453,8.9832,5.2103,8.6165,0.021978,0.91209,0.043956,0.021978,0,0,0,1,0,0,0,0,0.96703,0.032967,0,0
1.7202,6.821,11.255,8.7613,12.475,24.7,14.525,8.9372,6.0105,3.593,1.2015,21.308,9.6931,3.749,8.8108,13.399,10.915,5.6624,4.8736,2.9181,5.5657,13.106,20.718,12.632,11.085,5.421,5.9769,2.7324,9.7672,9.2323,4.304,10.499,7.6323,0,0.57692,0.32692,0.096154,0,0,0,0.80769,0.19231,0,0,0.5,0.28846,0.21154,0,0
0.63607,8.9413,11.554,10.117,5.7372,25.861,17.279,7.5314,10.045,1.8962,0.40267,20.412,9.3097,3.7087,9.2446,16.847,6.9994,10.407,4.433,3.2717,1.5042,13.864,23.3,10.993,13.318,2.8584,5.9124,2.7753,7.6171,7.67,1.5907,13.347,10.617,0,0.2,0.75,0.05,0,0,0,0.2625,0.7375,0,0,0,0.0125,0.9875,0,0
2.2078,6.7529,14.663,9.1297,11.496,21.016,12.794,8.2247,7.0212,3.9376,2.7572,18.836,14.577,2.4897,5.5116,15.704,8.4853,7.6397,7.2665,5.8815,4.3335,9.2754,16.976,13.136,10.34,3.6571,7.624,1.6496,6.8728,10.002,6.6128,12.347,10.782,0,0.0093458,0.17757,0.74766,0.065421,0,0,0.98131,0.018692,0,0,0,0.2243,0.7757,0,0
0.35982,7.2481,12.903,12.251,13.155,23.471,6.7708,10.217,7.373,4.0971,2.1543,19.861,10.494,2.3709,4.0377,17.362,8.4448,8.9716,7.0371,8.6545,2.7866,9.9797,10.944,10.7,9.6066,5.7251,6.6043,2.0827,9.2231,8.7674,7.3962,12.824,16.126,0,0,0.10526,0.73684,0.15789,0,0,1,0,0,0,0,0.039474,0.96053,0,0
0.45336,8.4065,10.58,6.1966,15.723,29.006,10.454,7.937,5.655,3.0305,2.5583,16.559,11.798,4.9179,4.4953,17.762,14.768,9.7728,6.6037,7.3427,1.8446,4.136,11.591,8.1488,6.3639,6.0269,12.384,6.9224,9.3582,12.858,9.2623,6.6835,10.402,0,0,0.28972,0.71028,0,0,0,1,0,0,0,0,0,1,0,0
1.195,3.2509,8.1689,10.743,16.517,31.949,10.319,6.6945,8.2846,2.8773,0,7.2148,8.132,4.4701,6.8012,12.282,18.314,7.5668,7.03,8.8131,8.8406,10.535,6.0889,6.6416,9.4906,3.1696,5.5115,11.805,11.702,13.081,10.994,8.1086,13.407,0.026786,0.0089286,0,0.96429,0,0,0,1,0,0,0,0,1,0,0,0
2.7523,3.0571,6.7214,14.376,19.86,33.638,9.9164,3.6994,3.5695,2.1116,0.29778,12.424,3.3538,7.4053,9.0143,9.7456,13.533,8.7669,11.274,6.5877,7.5462,10.349,8.2666,6.5204,4.1223,3.4202,7.3645,8.804,16.079,12.149,15.56,6.6896,11.024,0.027523,0,0.055046,0.91743,0,0,0,1,0,0,0,0,1,0,0,0
2.9811,3.836,10.197,13.033,15.26,22.509,12.57,4.9169,8.8253,4.587,1.2846,13.543,5.9418,8.2141,11.867,7.3204,11.839,8.0212,7.7975,6.5803,9.7532,9.1221,7.7005,8.9657,6.4996,6.5578,7.5844,4.3006,10.118,11.05,11.592,11.013,14.619,0,0.53061,0.46939,0,0,0,0,1,0,0,0,0,1,0,0,0
4.0586,3.8653,8.4112,12.886,20.077,22.505,10.153,4.8637,7.0196,4.5449,1.6153,13.873,7.4926,7.6991,9.638,6.5863,11.28,7.0312,9.1984,5.3746,12.23,9.5964,11.529,5.9238,6.6816,5.0966,4.8684,4.2588,9.8891,12.73,11.658,13.811,13.553,0.024691,0.49383,0.48148,0,0,0,0,1,0,0,0,0,0.98765,0.012346,0,0
1.6456,2.7729,4.9326,13.87,20.266,42.49,7.6646,1.1212,2.5202,2.4823,0.23447,8.4381,3.5206,9.1128,5.1087,11.143,19.593,8.9441,12.912,7.9843,3.3045,9.9397,4.3858,1.9171,3.25,5.6328,14.059,10.864,16.987,12.03,12.124,11.232,7.5189,0.0084034,0.02521,0.033613,0.93277,0,0,0,1,0,0,0,0,1,0,0,0
1.0309,3.4712,7.1096,10.281,16.079,39.932,9.6123,1.7679,7.5368,2.3209,0.85795,5.0481,2.6147,9.355,3.9374,13.42,18.434,13.732,9.0218,10.404,3.3056,10.728,2.8732,3.2954,7.5221,8.6067,13.515,14.039,14.325,7.238,11.94,12.364,4.2813,0,0.012987,0.38961,0.5974,0,0,0,1,0,0,0,0,1,0,0,0
2.7317,1.9311,5.3205,12.341,19.311,43.971,5.0516,1.8362,4.4171,2.516,0.57301,11.514,4.3879,6.6567,4.294,10.67,24.153,10.248,7.6075,6.548,5.5515,8.3691,5.935,2.704,4.1239,2.0577,10.335,18.42,15.578,13.714,12.246,6.949,7.9373,0.05,0.025,0.0083333,0.90833,0.0083333,0,0,1,0,0,0,0,1,0,0,0
0.79522,1.1818,4.4056,6.5514,19.497,55.487,3.3788,0.88256,4.4927,2.6396,0.68877,5.1662,3.4197,4.7651,3.5596,17.544,29.79,10.618,6.2618,9.6113,1.6234,7.6412,2.6866,1.4651,2.4962,2.9855,15.197,24.234,18.135,11.96,8.5982,8.6265,3.6156,0,0.025424,0.016949,0.95763,0,0,0,1,0,0,0,0,1,0,0,0
0,3.074,17.053,5.4486,10.312,46.742,2.7239,0.25017,7.2459,5.7749,1.3754,6.9761,3.3745,3.3917,2.6623,17.156,30.238,7.2907,3.3221,9.0792,4.8891,11.62,5.9902,4.8529,8.7674,3.9319,10.569,19.04,18.225,8.0432,8.217,7.9744,4.3887,0,0.037383,0.13084,0.83178,0,0,0,1,0,0,0,0,1,0,0,0
1.0144,4.4473,12.016,10.181,11.992,23.351,13.216,14.682,4.4958,3.46,1.1436,17.013,9.8135,6.6339,7.6166,16.935,8.6234,4.6603,9.6012,3.7604,5.1385,10.204,23.007,11.129,11.435,5.2324,5.8532,1.6461,10.246,8.8718,5.9277,9.0258,7.6263,0.029126,0.16505,0.75728,0.048544,0,0,0,0.70874,0.29126,0,0,0,0.54369,0.45631,0,0
0.74524,2.7774,9.2345,0.89759,5.0059,45.929,5.0059,12.139,11.964,5.9291,0.37262,8.211,2.2531,4.9619,6.0501,16.806,25.581,8.8362,3.0821,5.5489,5.6539,13.016,16.018,4.9796,5.0002,0.74524,11.848,21.021,10.855,2.8657,3.3815,12.346,10.94,0,0.34286,0.11429,0.25714,0.28571,0,0,1,0,0,0,0,1,0,0,0
0.91334,0.93483,4.9858,7.7905,27.992,40.628,5.7913,1.1537,4.7368,2.5595,2.5138,10.551,3.1426,9.221,5.0059,19.449,19.339,8.7348,9.9814,6.8515,3.719,4.0046,3.4845,2.6028,4.0641,1.8113,14.343,13.856,13.024,22.364,9.2986,8.6567,6.495,0,0.0081301,0.04878,0.87805,0.065041,0,0,1,0,0,0,0,1,0,0,0
0,1.7794,5.2427,5.1321,16.21,52.873,5.7211,2.0271,6.9617,2.7015,1.3512,6.9778,6.6163,3.8013,2.5864,19.329,28.825,18.134,3.6627,4.9472,1.4394,3.6804,2.3377,1.4808,2.1926,1.1276,18.311,28.176,8.367,14.568,11.901,7.1081,4.4304,0,0,0.018519,0.98148,0,0,0,0.98148,0.018519,0,0,0,1,0,0,0
0,4.4234,7.2388,8.763,13.216,43.423,7.8936,4.7432,6.8541,1.4151,2.0299,10.919,8.2029,4.9693,4.6821,17.697,19.612,18.751,4.9451,4.4694,1.8769,3.8746,3.6667,4.5903,2.3206,4.4808,17.334,14.835,11.383,13.942,9.4703,9.0591,8.9177,0.092105,0.13158,0.65789,0.11842,0,0,0,0.80263,0.19737,0,0,0,0.81579,0.18421,0,0
0,6.426,5.1054,2.6988,19.077,41.787,7.8521,2.108,7.6121,4.478,2.8561,11.301,8.0805,4.7589,5.5216,12.525,24.525,13.168,8.3275,6.547,1.3584,3.8863,2.8026,4.0185,1.4574,4.0825,15.246,20.212,10.273,13.229,15.048,10.154,3.4763,0.2623,0.65574,0.081967,0,0,0,0,0.098361,0.90164,0,0,0,1,0,0,0
0.51212,4.8297,13.465,6.2587,10.469,28.529,13.053,5.0432,11.903,4.3432,1.5938,6.8981,3.4154,6.0659,5.0941,15.989,20.207,11.981,7.1206,8.1607,3.9313,11.137,4.8841,9.223,11.18,10.467,9.2317,6.1995,13.451,7.9139,11.539,9.2267,6.6839,0,0.06383,0.099291,0.83688,0,0,0,1,0,0,0,0,1,0,0,0
0,5.6822,14.753,1.7118,6.8443,43.645,4.1578,1.9551,12.881,6.5916,1.7781,12.888,3.7754,1.5811,2.7785,11.636,34.119,6.1482,3.0608,6.0795,4.2401,13.693,6.6596,5.1839,7.4567,5.6725,4.4337,23.001,17.848,6.8016,7.6704,6.8305,8.4422,0,0,0.02,0.89,0.09,0,0,1,0,0,0,0,1,0,0,0
0,6.0435,25.732,1.388,2.7857,42.841,5.6947,0.65182,9.1606,3.5089,2.1939,11.746,7.0976,3.8376,4.8037,10.366,31.937,6.8432,2.2546,6.8189,4.724,9.5715,13.523,6.5525,7.8801,8.1403,3.5358,23.384,17.433,4.2648,6.2603,5.3759,3.6502,0,0,0.98333,0.016667,0,0,0,1,0,0,0,0,0.26667,0.73333,0,0
0,1.7202,17.552,1.1322,6.5247,53.695,2.1527,1.1065,11.763,3.9579,0.39573,7.5012,4.932,3.1345,2.6872,13.406,36.383,10.778,1.0504,4.5628,4.2318,11.333,7.2231,2.807,7.1617,2.3238,8.6008,35.169,13.594,5.1411,6.4743,6.2827,5.2228,0,0,0.023256,0.22481,0.75194,0,0,1,0,0,0,0,1,0,0,0
0,2.2709,22.697,0,1.5004,57.828,1.4779,0.56054,8.2314,5.4339,0,7.3593,4.3422,3.6352,0.74546,13.957,45.961,6.7264,0.26206,1.8269,8.1064,7.0783,13.247,2.737,8.5364,0.70903,4.1552,43.491,12.369,4.7614,2.7748,4.2997,2.9194,0,0,1,0,0,0,0,1,0,0,0,0,0.18056,0.81944,0,0
0,1.8287,20.63,0.55318,2.2834,60.937,1.739,1.1865,7.4986,3.0339,0.30938,7.151,6.1583,1.4027,1.4449,13.373,46.839,4.1077,1.2099,3.8994,5.8444,8.5696,11.426,5.9868,3.2616,4.1199,1.7367,38.315,21.147,3.3246,3.4544,3.1978,4.0302,0,0.088889,0.91111,0,0,0,0,1,0,0,0,0,0.011111,0.98889,0,0
0,2.8788,19.714,0,0,60.741,0.64139,0,12.736,3.2886,0,6.9604,6.9196,3.5202,0,15.481,48.361,3.9553,0,1.2973,4.1777,9.3278,7.4275,2.3431,10.341,2.4816,1.6921,46.013,14.288,2.6791,3.2654,5.5954,3.8749,0.35294,0.15686,0.4902,0,0,0,0,1,0,0,0,0,0.37255,0.62745,0,0
0,2.3034,14.588,1.0784,7.3175,54.754,4.8829,0.5392,7.539,6.7369,0.26033,8.6583,3.8121,4.6419,3.6018,12.778,36.72,13.862,2.9286,2.7722,2.9443,7.2806,4.7942,3.4206,7.4558,0.96079,13.531,35.016,12.225,10.511,3.6012,5.9306,2.5542,0,0,0,0.55738,0.44262,0,0,1,0,0,0,0,1,0,0,0
0,3.089,23.825,0,1.1962,50.294,3.9904,0,14.078,3.5277,0,7.5907,7.3039,5.1083,0.30071,8.252,40.608,12.272,2.9801,2.8127,3.6536,9.1189,8.1189,3.4167,14.44,0.93806,7.6425,41.67,5.7398,2.7592,2.7291,11.012,1.5328,0,0,0.97619,0.02381,0,0,0,1,0,0,0,0,0.57143,0.42857,0,0
0,4.2024,7.9613,3.5238,7.3606,49.024,10.311,3.2977,9.5275,3.7091,1.0822,7.8012,9.0228,2.9098,3.2763,11.964,25.791,21.852,6.1073,3.6785,0.41764,7.1791,1.0391,4.218,5.6116,4.4952,18.121,26.029,10.71,7.518,6.8654,10.255,5.1388,0,0,0,1,0,0,0,1,0,0,0,0,1,0,0,0
0,2.5933,14.112,0.72349,3.0573,50.606,5.2618,1.0618,19.199,3.3858,0,7.3493,7.4584,5.1029,2.071,7.5496,32.943,17.678,7.3451,2.0833,1.8001,8.6194,1.368,4.1903,9.7875,3.3497,11.003,34.099,9.0451,3.8277,3.3317,17.319,2.6796,0,0,0.072581,0.64516,0.28226,0,0,1,0,0,0,0,1,0,0,0
0,0.41055,18.675,0,0.5561,55.216,1.9831,0,14.362,8.7969,0,10.117,4.8508,1.162,0,12.982,42.151,10.402,1.8394,2.25,4.5001,9.7455,7.8624,3.0421,6.9287,1.2526,4.047,44.48,11.26,6.2087,2.3648,8.567,3.9863,0.11688,0.025974,0.85714,0,0,0,0,1,0,0,0,0,0.12987,0.87013,0,0
0,4.2016,16.635,0,1.2044,47.352,4.8186,0,16.594,9.1937,0,6.4216,7.2988,6.1092,0.55024,7.7466,33.722,16.768,3.5435,1.7847,1.2492,14.806,3.2647,2.3349,14.687,0.55024,6.7219,38.559,10.912,5.1723,1.8585,13.049,2.8908,0.12632,0.010526,0.86316,0,0,0,0,1,0,0,0,0,0.16842,0.83158,0,0
0,0,11.168,1.7054,0,87.127,0,0,0,0,0,1.1092,2.8146,1.7054,0,10.008,75.413,2.8146,0,5.0258,0,1.1092,10.655,2.2185,0,0,0,77.158,8.2629,1.7054,0,0,0,0.12821,0.076923,0.79487,0,0,0,0,1,0,0,0,0,0.17949,0.82051,0,0
0,0.41597,13.405,0.96501,0,84.382,0,0,0.83194,0,0,2.0006,2.7639,1.381,0,3.4754,79.941,2.1337,0,6.0893,1.0462,1.1687,10.987,2.9676,0.83194,0,0,68.522,14.895,0.96501,0.41597,0,0.41597,0.37143,0,0.62857,0,0,0,0,1,0,0,0,0,0.37143,0.62857,0,0
0,1.3198,15.693,0.62392,0.41682,77.751,0,0.41682,2.9441,0.83364,0,4.8367,4.2007,1.8314,0.30446,12.795,63.389,2.8211,0.41682,2.4553,3.9192,3.0308,9.7528,5.4695,2.1104,0.72128,0,61.903,14.808,1.4576,1.6243,0.41682,1.7366,0.10145,0.014493,0.88406,0,0,0,0,1,0,0,0,0,0.11594,0.88406,0,0
0,0,0,0,0,100,0,0,0,0,0,0,0,0,0,10.398,70.898,18.704,0,0,0,0,0,0,0,0,0.44833,68.727,30.825,0,0,0,0,0,0,0.89286,0.053571,0.053571,0,0,1,0,0,0,0,1,0,0,0
0,0,0,0,1.3141,98.686,0,0,0,0,0,0,0,0,0,10.796,81.147,8.0571,0,0,0,0,0,0,0,0,0.47392,69.527,29.999,0,0,0,0,0,0,0.7193,0.017544,0.26316,0,0,1,0,0,0,0,1,0,0,0
0,0,0,0,0,100,0,0,0,0,0,0,0,0,0,8.0994,80.862,11.039,0,0,0,0,0,0,0,0,1.333,81.726,16.941,0,0,0,0,0,0,1,0,0,0,0,1,0,0,0,0,1,0,0,0
0,0,0,0,2.2981,97.702,0,0,0,0,0,0,0,0,0,5.8955,87.865,6.2394,0,0,0,0,0,0,0,0,0.77769,85.002,13.652,0.56743,0,0,0,0,0,0.98837,0.011628,0,0,0,1,0,0,0,0,1,0,0,0
0,0,0,0,9.3808,90.619,0,0,0,0,0,0,0,0,1.3367,4.3862,85.026,9.2515,0,0,0,0,0,0,0,0,0,68.304,31.696,0,0,0,0,0,0,0,0.38636,0.61364,0,0,1,0,0,0,0,1,0,0,0
0,0,0,0,5.0955,94.904,0,0,0,0,0,0,0,0,8.6008,8.9975,61.741,18.582,2.0787,0,0,0,0,0,0,0,0,52.248,45.673,2.0787,0,0,0,0,0,0.39216,0.39216,0.21569,0,0,1,0,0,0,0,1,0,0,0
0,0,0,0,3.5661,96.434,0,0,0,0,0,0,0,0,2.0346,13.064,70.943,13.959,0,0,0,0,0,0,0,0,0,61.494,37.551,0.955,0,0,0,0,0,1,0,0,0,0,1,0,0,0,0,1,0,0,0
0,0,0,0,16.011,83.989,0,0,0,0,0,1.2301,0,0,6.1002,6.2583,69.001,13.771,3.64,0,0,0,0,0,0,0,0,51.416,43.787,4.7974,0,0,0,0,0,0.98837,0.011628,0,0,0,1,0,0,0,0,1,0,0,0
0,0,0,0,0,100,0,0,0,0,0,0,0,0,0,0.50718,92.996,6.4973,0,0,0,0,0,0,0,0,3.2355,90.337,6.4271,0,0,0,0,0,0,1,0,0,0,0,1,0,0,0,0,1,0,0,0
0,0,0,0,0.84245,99.158,0,0,0,0,0,0,0,0,0,4.5574,89.925,5.5176,0,0,0,0,0,0,0,0,6.333,84.522,8.3029,0.84245,0,0,0,0,0,1,0,0,0,0,1,0,0,0,0,1,0,0,0
0,0.73531,21.273,4.0831,0,23.614,35.201,9.3054,3.7678,2.0201,0,4.446,8.4563,2.5344,9.0221,5.3031,46.44,13.33,4.2308,2.6659,0.82765,2.7431,6.2686,13.036,4.0436,25.65,17.004,13.917,4.987,2.0201,0,3.784,9.2892,0,0.72727,0.21212,0.060606,0,0,0,0.51515,0.48485,0,0,0.87879,0.12121,0,0,0
0,0,0,0,0,100,0,0,0,0,0,0,0,0,0,1.2403,91.999,6.7608,0,0,0,0,0,0,0,0,3.9683,93.304,2.7279,0,0,0,0,0,0,1,0,0,0,0,1,0,0,0,0,1,0,0,0
0,0.9431,0.28599,3.6857,9.5151,48.775,7.9491,13.642,11.541,2.7205,0.9431,17.749,5.5719,1.4677,4.4317,17.846,25.84,3.0158,5.9514,1.0568,3.3474,13.723,0,2.7049,1.3881,0.9431,6.0104,20.72,20.624,10.682,9.5401,13.618,13.769,0.26667,0.68889,0.044444,0,0,0,0,1,0,0,0,0,1,0,0,0
0,0,0,0,0.53102,99.469,0,0,0,0,0,0,0,0,0,5.6335,83.629,10.737,0,0,0,0,0,0,0,0,6.0899,87.327,6.0525,0.53102,0,0,0,0,0,0.98718,0.012821,0,0,0,1,0,0,0,0,1,0,0,0
0,0,0,8.3921,23.463,67.627,0.51845,0,0,0,0,4.8475,0,10.792,14.797,4.4793,35.539,12.827,12.952,1.0369,2.7301,0,0,0,0,0.51845,2.5825,43.597,30.826,7.7347,11.486,3.2554,0,0,0,0.032258,0,0.96774,0,0,1,0,0,0,0,1,0,0,0
0,0,0,0.50503,7.5812,91.914,0,0,0,0,0,1.8329,0,1.0101,6.6707,4.7601,76.949,7.069,1.708,0,0,0,0,0,0,0,1.8683,73.666,21.77,2.1908,0.50503,0,0,0,0,1,0,0,0,0,1,0,0,0,0,1,0,0,0
0,0,0,2.6672,18.192,79.141,0,0,0,0,0,0.66914,0,5.8183,10.163,8.9773,49.864,14.813,9.026,0,0.66914,0,0,0,0,0,2.4598,52.038,32.108,9.4201,3.3048,0.66914,0,0,0,1,0,0,0,0,1,0,0,0,0,1,0,0,0
0,0,0,0,6.052,74.725,0.90384,3.5804,12.977,1.7626,0,8.3605,0.56292,1.6981,3.1877,10.409,59.404,6.6703,1.3378,1.616,4.4375,2.3162,0,0.83111,0.39714,0,1.6565,65.978,8.3083,4.7919,2.2344,6.2228,9.5802,0,0,1,0,0,0,0,1,0,0,0,0,1,0,0,0
0,0,0,2.0913,10.798,87.111,0,0,0,0,0,1.0139,0,3.0737,6.6312,8.07,67.693,9.281,4.237,0,0,0,0,0,0,0,6.9847,71.475,14.708,3.2409,2.7132,0.87753,0,0,0,1,0,0,0,0,1,0,0,0,0,1,0,0,0
0,0,0.62392,0,2.5005,80.128,0,2.083,14.664,0,0,0.62392,2.2974,0,4.8316,12.255,61.805,7.7312,0,4.8284,2.9213,2.7069,0,0,0.62392,0,5.1478,73.318,2.5005,1.6621,0,1.2478,15.5,0,0,0.9375,0.046875,0.015625,0,0,1,0,0,0,0,1,0,0,0
0,0,0.33318,4.3403,29.564,65.279,0.48365,0,0,0,0,3.3709,0.33318,6.3365,14.269,9.6932,36.794,14.655,11.584,0.96731,1.997,0,0,0,0.33318,0.48365,6.0848,44.756,27.621,10.523,7.5214,2.6765,0,0,0,1,0,0,0,0,1,0,0,0,0,1,0,0,0
1.7429,4.557,14.281,6.4713,8.3405,38.123,9.714,5.4248,6.7304,4.6149,0,7.6194,5.4198,4.6108,6.3383,13.86,20.613,9.1539,5.8166,7.6127,7.1151,11.84,10.355,5.0507,14.657,3.1083,10.124,15.536,13.217,8.544,4.1531,8.0546,7.1997,0.057471,0.2069,0.27586,0.3908,0.068966,0,0,1,0,0,0,0,1,0,0,0
0.94147,2.2474,8.7133,1.6898,3.8632,52.883,7.1412,2.7898,14.745,4.9859,0,10.643,3.196,1.5241,5.5952,18.055,28.986,11.353,5.7274,5.7583,2.0618,7.1003,5.0157,1.3949,7.2442,4.5021,14.781,28.365,13.613,6.0447,6.3594,6.7799,5.9005,0.26667,0.62222,0.088889,0.022222,0,0,0,1,0,0,0,0,1,0,0,0
4.3473,7.1906,6.4935,12.638,4.0342,23.798,16.026,17.664,3.5058,2.9187,1.3846,8.1188,11.861,10.54,11.832,6.0702,15.171,4.7908,4.0085,4.6152,12.493,10.501,7.7973,12.553,17.592,6.6919,12.758,3.4418,3.5405,8.2481,3.4448,12.332,11.6,0,0,0.29032,0.19355,0.51613,0,0,1,0,0,0,0,1,0,0,0
0,0,0.56099,15.534,35.296,47.408,1.2009,0,0,0,0,8.2813,0.56099,18.221,6.1556,3.719,21.777,12.292,19.26,2.4019,7.3313,0,0,0,0.56099,1.2009,2.5251,30.917,27.972,11.295,17.936,7.5941,0,0,0,0.62069,0,0.37931,0,0,1,0,0,0,0,1,0,0,0
0,0,0,0,0,97.973,0,0,2.027,0,0,0,0,0,1.0135,6.6773,86.791,4.5049,0,1.0135,0,0,0,0,0,0,4.5951,89.107,4.2714,0,0,0,2.027,0,0,0.96629,0.033708,0,0,0,1,0,0,0,0,1,0,0,0
0,0,0,0,0,96.781,0,0.38235,2.8362,0,0,0.56304,0.38235,0,0.56304,9.0968,78.491,9.1936,0,0.38235,0.94539,0.38235,0,0,0,0,5.236,89.793,1.7526,0,0,0.56304,2.6555,0,0,1,0,0,0,0,1,0,0,0,0,1,0,0,0
0,0,1.2887,0,1.1754,74.925,0.656,4.7828,17.172,0,0,3.8518,2.1821,0,3.7152,11.513,61.724,6.5719,0,1.8314,3.8518,4.7595,4.1501,0.656,0.63271,0,5.7714,64.663,3.1785,1.8314,0,6.6666,12.45,0,0,1,0,0,0,0,1,0,0,0,0,1,0,0,0
0,0,0,0,0,88.445,0,0.62808,10.927,0,0,1.9442,0.62808,0,3.5493,9.5419,72.202,6.7014,0,2.2332,2.5723,0.62808,0,0,0,0,2.1356,85.105,1.204,0,0,1.9442,9.6108,0,0,0.95,0.05,0,0,0,1,0,0,0,0,1,0,0,0
0,0,0,1.83,5.7106,92.459,0,0,0,0,0,0,0,1.0365,1.83,6.6321,81.006,6.3534,3.1418,0,0,0,0,0,0,0,5.5003,80.42,8.369,2.5688,1.83,1.3118,0,0,0,0.94505,0.043956,0.010989,0,0,1,0,0,0,0,1,0,0,0
0,0,1.2453,3.7087,19.541,73.111,1.1342,0,0.62961,0.62961,0,2.4015,1.2453,6.6562,9.5063,6.7375,47.139,12.368,8.5356,2.8981,2.5126,0,0,0,1.2453,1.1342,3.6926,54.391,20.52,8.0751,8.415,2.5265,0,0,0.030928,0.96907,0,0,0,0,1,0,0,0,0,1,0,0,0
0,1.4807,3.2185,2.5884,25.983,50.972,6.3233,1.9059,5.3772,1.917,0.23434,7.7307,1.715,7.0672,11.986,6.4217,27.459,9.6715,8.6644,9.9817,2.9108,6.3924,0,1.9721,1.4807,6.8656,1.7248,36.864,19.109,8.0701,13.428,7.1497,3.3357,0,0,0.77778,0.027778,0.19444,0,0,1,0,0,0,0,1,0,0,0
0,0,1.0159,0.89777,6.0599,80.658,1.2022,2.3406,5.2888,2.5369,0,1.9692,1.3874,1.2022,0.89777,7.2353,68.403,8.5866,3.1431,2.5767,2.5896,2.009,0,0.43531,0.58062,0,1.9421,74.16,5.889,2.059,2.6678,5.8679,6.3984,0,0,1,0,0,0,0,1,0,0,0,0,1,0,0,0
0,1.5339,4.9608,0.90369,11.404,59.245,4.3053,4.3946,8.0974,4.3519,0.80363,8.0548,3.959,3.575,1.9127,3.2991,47.89,7.8776,4.9589,3.5316,5.9044,9.037,0,3.0873,2.8334,3.2509,2.2032,46.487,12.883,7.135,5.7118,7.8622,8.5466,0,0.065789,0.93421,0,0,0,0,1,0,0,0,0,1,0,0,0
0,1.0215,3.6844,0,8.2409,66.65,1.0739,2.595,15.366,1.3691,0,3.4495,1.6331,1.9387,6.5325,13.378,48.113,10.803,0,2.4644,4.7838,6.9037,0,1.7662,2.4289,0,6.9338,50.863,13.498,4,0.67684,7.9321,11.901,0,0,0,0.5,0.5,0,0,1,0,0,0,0,1,0,0,0
0,0.76107,0.88176,0,12.479,67.789,0.38752,2.6146,15.087,0,0,7.328,0.45359,3.7295,6.7534,13.344,45.786,10.325,0,5.7304,3.7507,2.8007,0,0.92211,1.4094,0,3.7612,50.278,17.993,8.8379,1.1321,4.1203,11.546,0,0,0,0.57471,0.42529,0,0,1,0,0,0,0,1,0,0,0
0,1.0141,1.914,1.1525,9.8741,58.341,2.185,5.7091,12.826,5.7961,1.1878,11.22,3.8201,2.1127,1.3194,8.8155,44.951,7.4534,2.901,4.047,4.9369,8.4231,0,2.9678,1.7338,1.4697,2.5163,40.143,16.224,9.2061,8.7924,8.4917,8.4548,0,0,0.93651,0.031746,0.031746,0,0,1,0,0,0,0,1,0,0,0
0,1.4461,1.1233,3.8466,10.744,45.105,4.0442,8.3364,9.0806,12.459,3.8142,14.028,6.6612,4.9174,1.9376,14.091,25.429,4.6058,4.7459,4.4579,9.8289,9.2965,0,1.2307,1.8653,1.7579,5.9513,24.228,16.206,7.7726,14.184,14.964,11.841,0.015625,0.9375,0.046875,0,0,0,0,1,0,0,0,0,1,0,0,0
0,0,0.47512,1.4567,28.306,68.639,1.1234,0,0,0,0,1.4489,0.47512,4.3954,26.185,10.923,22.557,19.375,11.919,2.2468,0.47512,0,0,0,0.47512,1.1234,9.3385,39.681,27.392,10.937,10.476,0.57754,0,0,0,0,0,1,0,0,1,0,0,0,0,1,0,0,0
0,0.95994,6.2356,4.2732,21.449,60.389,1.4426,0.95994,3.3438,0.94668,0,3.0326,4.793,4.7928,6.6005,2.9777,43.296,11.428,10.945,0.94668,6.8656,4.3224,0,1.4426,4.793,1.9199,6.6716,41.026,17.078,13.054,6.92,5.1694,1.9253,0,0,0.060606,0.090909,0.84848,0,0,1,0,0,0,0,1,0,0,0
0,4.174,6.3298,0.94192,8.712,47.354,4.8126,7.6369,13.841,4.31,1.8869,10.838,7.361,1.5732,1.6594,6.6341,36.747,4.1466,3.4727,2.9808,5.9037,18.683,0,3.3524,4.998,7.5186,2.6454,32.478,10.464,9.5571,6.0531,15.922,7.0116,0,0.023256,0.72093,0.023256,0.23256,0,0,1,0,0,0,0,1,0,0,0
0,4.3133,2.9382,3.6433,7.7338,44.042,6.083,9.302,8.865,8.1652,4.914,14.859,11.29,2.5588,2.0625,11.101,26.187,4.4006,4.5072,2.5588,5.1198,15.355,0,2.8219,4.3133,5.2934,3.6433,22.501,18.012,8.4856,11.092,16.777,7.061,0,0,0,0.86,0.14,0,0,1,0,0,0,0,1,0,0,0
0,2.4276,17.902,3.3459,0,30.867,28.672,11.062,4.6995,1.0239,0,2.5272,10.007,1.6458,5.9778,7.5105,43.658,16.055,2.8304,1.0261,2.7573,6.0047,5.8154,8.2948,3.8259,24.329,14.419,14.052,12.478,1.0239,0.52863,5.8738,9.3594,0,0,0.012821,0.11538,0.87179,0,0,1,0,0,0,0,1,0,0,0
0,0.9643,18.01,1.7189,0,27.647,29.62,14.418,4.7147,2.9077,0,6.1035,6.3516,3.5028,5.0438,13.532,38.105,13.786,3.2523,4.6886,0.92378,4.7101,4.5947,11.096,0.63564,21.845,14.518,14.734,10.537,2.9077,0,8.3831,10.749,0,0.73585,0.16981,0.075472,0.018868,0,0,0.56604,0.43396,0,0,0.75472,0.24528,0,0,0
0,4.2205,16.831,5.1474,0,33.879,19.611,7.8249,9.4004,3.0858,0,6.0514,7.6272,3.2499,5.9024,6.4643,36.278,14.899,5.0114,1.732,6.5547,6.2295,9.4067,8.4005,2.1639,18.219,13.81,17.661,9.7456,3.0858,2.8138,4.3655,10.328,0,0,0,0,1,0,0,1,0,0,0,0,1,0,0,0
0,4.6961,13.831,4.9188,0,40.189,14.385,6.1802,13.243,2.557,0,5.5549,8.8875,4.0987,5.2535,8.5009,35.281,15.145,2.6143,2.2173,8.1137,4.3332,5.4783,10.086,3.3145,12.827,10.191,17.485,18.387,2.557,2.4411,7.7861,9.4477,0,0,0,0.025974,0.97403,0,0,1,0,0,0,0,1,0,0,0
0,1.6726,20.696,1.3916,0,38.104,25.924,6.4952,3.9785,1.7381,0,3.8435,7.749,2.6742,8.0426,6.9393,52.379,9.5602,0.65687,1.3699,1.6717,5.1139,8.5865,7.5113,3.9495,20.799,10.232,23.587,13.123,1.7381,0.36738,6.3856,3.7208,0,0,0.95506,0.011236,0.033708,0,0,1,0,0,0,0,1,0,0,0
0,3.8266,15.415,3.2038,0,59.41,5.0386,3.6401,7.3661,2.0999,0,4.3476,5.7594,2.8162,5.1947,9.9054,45.893,10.646,3.0615,1.962,4.7411,5.6732,9.6718,5.0626,2.0737,7.4575,5.477,32.456,23.912,2.0999,1.4443,4.2526,6.0923,0,0.059701,0.9403,0,0,0,0,1,0,0,0,0,1,0,0,0
0,0.30644,9.066,2.7844,0,85.925,0,1.3049,0.61289,0,0,1.3922,1.3049,1.0066,2.771,10.626,70.454,6.2297,1.4003,0.70013,0.9985,3.117,7.1894,3.4684,0.30644,0.30644,2.4692,58.761,25.002,0,1.2718,0.91933,0.30644,0.026316,0.039474,0.93421,0,0,0,0,1,0,0,0,0,1,0,0,0
0,2.6017,21.77,2.9771,0,42.539,17.101,5.3856,4.5363,3.0896,0,6.8564,5.4738,2.0911,4.5028,12.132,45.369,8.8586,2.2476,3.3109,2.9416,6.2165,9.395,11.174,1.6184,17.394,8.6177,23.926,14.862,3.0896,1.2229,2.7635,5.9355,0.04918,0.14754,0.7541,0.04918,0,0,0,1,0,0,0,0,1,0,0,0
0,0.46197,13.639,0.84728,0,80.155,0,3.9727,0.92395,0,0,0.42364,1.3476,0.46197,5.4663,13.101,67.284,3.2425,1.3126,1.3126,0.88561,5.1623,7.9301,4.3197,0.46197,1.7746,1.7085,56.036,22.872,0,0.42364,1.3859,3.0871,0,0.028169,0.97183,0,0,0,0,1,0,0,0,0,1,0,0,0
0,1.7135,13.233,2.6784,0,68.825,4.6639,4.8067,2.9804,1.0994,0,3.2003,3.9638,1.5321,1.6952,10.97,60.983,6.6385,1.7673,1.9262,2.7875,4.5352,4.0949,8.1219,1.5614,6.815,2.8047,44.959,22.756,1.0994,1.3643,2.7154,3.7075,0.048387,0.19355,0.75806,0,0,0,0,1,0,0,0,0,1,0,0,0
0,0,2.0922,0,0,94.077,2.7891,0,0.52078,0.52078,0,0,0.52078,0,1.3948,8.9452,84.32,3.601,0.52078,0,0,0.69741,2.0922,0,0,0,7.0834,77.967,11.816,0,0,0.52078,0.52078,0,0.090909,0.90909,0,0,0,0,1,0,0,0,0,1,0,0,0
0,0,1.5377,0,0.45423,93.647,2.9199,0,0.7207,0.7207,0,0,0.7207,0,1.4794,10.798,80.361,5.4072,0.7207,0,0,0.51258,1.5377,0,0,0,5.724,76.364,14.933,0,0,0.7207,0.7207,0.10606,0.030303,0.86364,0,0,0,0,1,0,0,0,0,1,0,0,0
0.69267,5.294,19.591,4.4002,0,31.835,17.093,1.7679,17.466,1.8612,0,4.8355,8.2529,2.2097,6.9869,4.2353,33.699,18.938,4.8388,1.9453,7.4814,6.5771,8.7487,11.115,2.3819,14.705,13.839,13.561,10.795,1.8612,3.7782,10.635,8.5795,0,0,0,0.041667,0.95833,0,0,1,0,0,0,0,1,0,0,0
0,4.6844,22.262,5.019,0,43.575,10.015,2.8735,9.2995,2.2711,0,6.293,7.5586,3.2631,5.611,5.6705,37.702,15.012,3.1238,2.45,4.8541,8.4614,12.06,10.771,2.0376,11.522,11.249,20.816,15.938,2.2711,1.7708,5.8138,5.75,0,0,0.83871,0.14516,0.016129,0,0,1,0,0,0,0,1,0,0,0
0.47673,3.55,13.963,4.9023,0,39.045,10.991,3.6844,19.8,3.5874,0,6.7018,6.5516,3.8968,6.7437,6.0844,35.199,15.767,6.2617,0.28829,9.4603,3.0451,6.273,7.6573,1.6429,12.328,5.0648,14.747,21.189,3.5874,5.151,10.232,12.128,0,0,0,0,1,0,0,1,0,0,0,0,1,0,0,0
1.354,5.7421,21.204,4.4607,0,42.395,9.6316,2.0904,12.052,1.0704,0,2.2197,7.7415,1.2364,8.5598,4.8716,38.771,12.942,6.5518,2.3802,7.3864,7.3401,10.158,10.722,2.7498,7.8289,12.193,17.12,18.362,1.0704,4.2273,7.7892,7.7798,0.10959,0.068493,0.63014,0.09589,0.09589,0,0,1,0,0,0,0,1,0,0,0
1.696,5.4081,20.159,5.7321,0,36.921,5.9301,5.4882,16.386,2.2785,0,4.6752,7.8815,4.0148,10.015,4.1822,28.618,13.877,8.34,2.2911,7.8314,8.2739,8.4679,9.6984,2.5651,5.2807,11.332,15.812,13.825,2.2785,4.1331,9.4131,17.194,0,0,0,0,1,0,0,1,0,0,0,0,1,0,0,0
0.61323,2.9627,13.061,3.7199,0,65.003,3.5861,1.9559,7.4449,1.6528,0,3.9516,5.876,1.3887,4.6764,7.6551,50.92,13.122,1.9264,0.43469,5.0688,4.9804,5.2796,7.907,1.4795,4.6337,6.1803,30.002,30.294,1.6528,3.2462,4.7239,4.6007,0.01087,0.021739,0.96739,0,0,0,0,1,0,0,0,0,1,0,0,0
2.251,1.6868,16.303,3.3317,0,47.23,12.096,1.8569,14.044,1.2003,0,2.4006,4.3619,2.1287,8.5028,2.8129,46.829,16.046,5.9128,0.84339,5.2814,4.88,6.6711,9.3462,0.84339,8.6716,12.327,13.555,25.616,1.2003,4.4517,11.288,6.0293,0,0,0,0,1,0,0,1,0,0,0,0,1,0,0,0
2.9502,1.9508,14.253,2.6652,0,59.397,3.4409,1.8794,11.381,2.0821,0,5.1588,3.8089,2.7501,5.1546,7.0385,45.911,13.833,4.8843,1.3173,3.3825,6.7607,5.3993,5.3393,0.97541,2.7082,8.9364,18.389,33.78,2.0821,4.1649,9.5314,8.6943,0.21818,0.054545,0.52727,0.10909,0.090909,0,0,1,0,0,0,0,1,0,0,0
0.76943,0,4.7287,1.8209,2.3993,88.965,1.0803,0.23657,0,0,0,2.6234,0.61769,1.1428,1.8426,8.5156,72.244,8.5141,1.3478,0.48333,0.23657,2.4317,2.551,2.1918,0,0,10.488,47.577,33.72,0.65948,1.6622,1.1506,0,0.012346,0,0.98765,0,0,0,0,1,0,0,0,0,1,0,0,0
3.2312,4.3732,9.918,13.135,17.206,27.074,8.6455,5.3195,5.7806,3.8763,1.4406,13.217,7.1634,5.9467,10.971,5.2816,12.375,9.4153,8.9604,7.4596,11.986,7.2231,10.961,8.911,5.0411,4.1119,4.9826,6.408,12.083,9.478,13.952,8.2558,15.815,0.4878,0.43902,0.04878,0.02439,0,0,0,1,0,0,0,0.02439,0.97561,0,0,0
1.8196,0,4.3357,3.221,6.6369,82.996,0.99131,0,0,0,0,2.47,0.44889,4.2088,1.8891,12.611,62.25,10.865,1.053,0.30205,0,3.9025,1.6571,1.1998,0,0,11.426,37.803,37.488,3.9068,2.0829,4.4365,0,0.17544,0.017544,0.59649,0.087719,0.12281,0,0,1,0,0,0,0,1,0,0,0
1.0628,8.3869,11.218,8.3851,10.17,26.317,8.9774,11.761,9.3942,3.2672,1.0606,18.858,12.146,1.4286,5.3978,14.952,10.614,8.967,5.4797,5.5049,6.1112,10.541,15.258,11.287,7.7112,3.7166,6.3665,6.3221,7.8237,10.202,3.2958,14.478,13.54,0,0.9375,0.0625,0,0,0,0,1,0,0,0,0.875,0.125,0,0,0
0.59322,6.6785,12.685,10.543,16.1,19.147,13.343,8.1131,5.7285,4.6036,2.4653,20.954,12.387,2.1133,7.0119,13.752,12.644,7.1697,7.4216,3.1749,4.8009,8.5698,21.544,13.702,13.05,4.2008,3.6113,1.1282,7.19,10.102,6.6004,9.9397,8.9317,0.016949,0.71186,0.22034,0.050847,0,0,0,0.13559,0.86441,0,0,0,0.22034,0.77966,0,0
0.75937,14.249,12.283,7.622,11.026,22.342,10.361,7.7004,7.768,4.1944,1.6938,18.535,7.3206,2.3332,8.4441,11.404,12.089,7.3158,7.0202,4.0726,6.8741,14.592,17.318,12.85,9.2833,7.2623,6.6053,2.6862,10.195,9.0056,8.2015,8.7122,7.8804,0.088889,0.9,0.011111,0,0,0,0,0.88889,0.11111,0,0,0.36667,0.52222,0.11111,0,0
0.57099,12.297,11.825,10.024,10.374,23.656,8.6731,9.0552,7.8521,3.4996,2.1719,19.3,11.542,2.2387,5.735,13.371,12.159,8.4579,5.8864,7.2296,5.5866,8.4937,14.312,11.528,9.1911,6.306,7.0807,4.725,8.3339,9.0178,6.5995,11.546,11.36,0,0.55172,0.43103,0.017241,0,0,0,0.86207,0.13793,0,0,0,0,1,0,0
0.67108,0.53262,0,0,0.53262,94.636,0,0,0.67108,2.9565,0,0,0,0.53262,0.53262,4.458,74.723,16.126,2.9565,0.67108,0,0,0,0,0,0.53262,12.075,79.467,3.766,3.4891,0.67108,0,0,0,0.10256,0.83333,0.064103,0,0,0,1,0,0,0,0,1,0,0,0
3.6305,2.9892,8.1071,13.094,14.577,23.856,13.997,7.9436,5.132,5.2566,1.417,13.683,9.4147,8.5414,13.608,7.8672,7.9808,4.6792,9.1076,3.2906,12.826,9.0022,15.429,8.1099,8.5744,6.3686,6.1125,2.0449,11.169,6.7753,12.796,11.887,10.732,0,1,0,0,0,0,0,1,0,0,0,0,1,0,0,0
0,0,0.74384,0,3.1008,86.569,3.8973,0,3.1009,2.5886,0,1.0107,2.0763,0.86139,2.6341,7.525,74.37,9.4459,1.564,0,0.51229,0,0,0.74384,0,0,16.628,58.368,18.081,1.0018,0.88421,3.1009,1.1921,0.03125,0.1875,0.78125,0,0,0,0,1,0,0,0,0,1,0,0,0
0,1.1311,2.8435,14.082,28.501,39.566,2.9324,3.1358,5.9452,1.8623,0,3.1337,2.7812,8.5663,5.5953,7.107,20.546,26.77,1.988,9.8767,7.3522,6.2838,0.71254,1.3319,2.3447,1.8087,7.4414,8.1126,31.564,13.601,18.556,8.2696,6.2574,0,0.61702,0.38298,0,0,0,0,1,0,0,0,0,1,0,0,0
0,2.7301,4.116,15.083,21.655,42.655,3.4433,3.3597,5.6395,0.77522,0.54375,5.108,2.4068,8.3867,10.425,7.4578,22.187,17.225,2.3759,15.587,3.8554,4.9853,1.1088,1.2005,2.3693,4.5044,7.6825,9.5912,28.354,10.599,23.988,7.0582,3.5452,0,0.080645,0.91935,0,0,0,0,1,0,0,0,0,1,0,0,0
2.7026,6.8214,6.6563,0.44404,3.5142,56.2,6.5082,0.53291,8.0795,6.7178,1.8233,7.8236,7.7125,3.4478,5.5191,10.796,38.791,10.66,8.4057,2.4137,3.4831,0.94699,0,7.5557,2.8959,3.6655,22.264,31.773,13.686,1.0725,6.4612,7.6065,3.0194,0,0.090909,0.90909,0,0,0,0,1,0,0,0,0,1,0,0,0
0.32892,2.9308,6.3958,0.69174,10.75,56.121,1.3835,3.3934,13,4.6424,0.36282,2.1039,1.4631,1.7739,6.2268,15.544,37.472,13.249,0.36282,5.1917,5.6243,10.989,2.3426,3.9429,3.4217,0.32892,6.794,40.635,11.621,6.5197,3.4188,9.3839,11.592,0,0,0,0.73585,0.26415,0,0,1,0,0,0,0,1,0,0,0
0.35629,4.3384,2.6657,2.8619,18.484,52.471,6.1713,5.5344,2.3414,3.0271,1.749,2.3182,1.7693,5.8296,9.9712,10.33,32.7,15.511,2.1273,3.3853,9.5171,6.5414,1.5398,4.064,5.8465,0.90545,6.9961,35.412,16.025,11.772,10.512,3.8511,3.076,0,0,0.010526,0.98947,0,0,0,1,0,0,0,0,1,0,0,0
0,2.7916,1.0017,0.2966,18.619,65.188,1.2339,2.2697,7.7104,0.59321,0.2966,2.311,1.3175,3.9111,5.4901,15.406,44.471,12.617,0.2966,4.0885,5.4648,4.6262,0,1.0387,2.8595,0,6.6995,38.999,25.118,12.112,2.6971,3.4837,6.9916,0,0,0,0.53261,0.46739,0,0,1,0,0,0,0,1,0,0,0
0,9.0915,1.8715,8.0437,20.629,40.158,8.1778,4.5657,1.3938,3.8833,2.1857,2.3658,1.6914,8.752,10.585,8.4254,18.005,14.852,4.7199,9.5621,13.462,7.5802,1.1748,3.4233,9.8297,1.5052,9.6519,18.692,14.933,17.515,14.55,5.7035,3.0223,0,0.21739,0.13043,0.62319,0.028986,0,0,0.97101,0.028986,0,0,0.014493,0.98551,0,0,0
0.23773,12.698,3.639,5.6178,19.789,35.924,5.0977,10.76,3.245,1.5896,1.4025,6.5736,4.6347,7.05,9.6676,6.3377,20.088,12.508,3.0633,8.2178,10.534,11.326,3.7298,5.5638,13.629,3.0657,6.2275,17.291,14.812,15.281,11.874,4.9456,3.5804,0.014925,0.029851,0.14925,0.53731,0.26866,0,0,1,0,0,0,0,1,0,0,0
0.26926,14.465,9.844,8.157,11.866,25.115,7.9554,6.7901,9.4134,3.3553,2.7694,14.619,8.3348,4.3508,5.5997,9.1404,16.584,9.7153,6.3308,8.6749,7.0871,9.5633,8.1241,7.8146,8.5259,8.1057,9.3333,5.9344,10.154,10.582,11.745,10.926,8.7556,0.013333,0.77333,0.21333,0,0,0,0,0.94667,0.053333,0,0,0,0.8,0.2,0,0
0,14.255,8.5364,7.616,10.147,34.851,7.3503,5.4796,7.2968,2.0469,2.4215,14.056,10.947,3.0208,5.2056,9.8526,18.637,14.273,8.2724,6.1233,4.5633,5.0493,9.0342,4.6146,5.3532,10.455,13.99,9.8705,11.281,8.4552,9.7578,11.161,6.0279,0,0.36842,0.54737,0.084211,0,0,0,1,0,0,0,0,0.56842,0.43158,0,0
0,9.9585,3.4991,11.93,20.749,31.963,8.1539,5.8431,4.0474,2.5556,1.2999,5.1748,4.0111,7.8898,13.202,4.7703,11.786,16.319,4.8231,14.495,10.543,6.9856,2.2011,4.3949,9.8256,4.1735,10.374,6.7485,16.167,17.403,15.818,8.1919,4.7021,0,0,0,0.9798,0.020202,0,0,1,0,0,0,0,1,0,0,0
0,6.5558,6.1946,12.772,23.703,35.703,5.113,3.1526,3.9082,1.7618,1.1368,6.989,4.7884,10.139,6.5505,9.9701,20.316,17.07,4.1066,8.7515,6.141,5.1768,2.3625,1.452,6.5628,5.5224,11.004,9.4802,23.242,8.8737,16.641,10.369,4.4908,0.036364,0.018182,0.22727,0.71818,0,0,0,1,0,0,0,0,1,0,0,0
0,14.497,5.9136,8.952,15.684,30.184,5.8687,7.6033,4.6563,3.6048,3.0352,11.685,6.7966,7.6744,9.0157,7.4772,15.947,11.088,5.6735,6.5916,11.405,6.6466,8.023,4.2496,11.441,5.3796,9.8665,8.8001,13.479,13.874,13.946,5.8792,5.0614,0.0091743,0.06422,0.62385,0.15596,0.14679,0,0,0.99083,0.0091743,0,0,0,0.58716,0.41284,0,0
0,0,0,0.97578,21.633,50.7,1.257,8.3706,13.83,2.7336,0.49969,13.816,2.6868,5.7377,4.4921,16.87,34.107,5.8325,1.7106,1.2341,9.0008,4.5119,0,2.1839,1.7539,0,6.0295,29.548,22.391,12.01,7.5665,3.2961,15.221,0,0,0,0.6125,0.3875,0,0,1,0,0,0,0,1,0,0,0
0,0.94729,0.33895,4.2728,14.296,41.668,0.62011,6.0116,7.9177,18.708,5.2201,15.843,6.1674,6.271,1.0216,11.287,20.357,6.2795,5.5502,5.2768,12.671,9.2756,0,2.0242,1.6363,0.94729,7.0895,18.345,14.55,13.069,20.919,13.933,7.4873,0,0.17308,0.46154,0.34615,0.019231,0,0,1,0,0,0,0,1,0,0,0
0,5.812,4.6361,10.98,27.59,32.055,2.7627,10.734,2.2468,2.1609,1.0223,2.7925,2.0114,8.6688,11.532,4.7853,20.273,10.766,3.6779,12.352,12.127,11.014,2.6714,1.5185,11.944,1.8599,3.9863,14.695,17.846,15.313,21.691,4.5557,3.9191,0.018868,0.37736,0.56604,0.037736,0,0,0,0.98113,0.018868,0,0,0,1,0,0,0
1.4729,2.0794,5.2515,8.1545,19.993,40.483,5.7626,0.81506,5.5299,5.8661,4.5918,12.041,9.0718,6.9546,6.2092,12.369,21.079,16.207,6.9838,4.2676,2.3338,2.4837,0,1.1972,0.25109,6.4469,16.802,10.843,28.354,6.4398,19.522,7.3504,2.7931,0,0,1,0,0,0,0,1,0,0,0,0,1,0,0,0
0.83282,2.07,1.6536,0,0,76.358,3.0975,0,8.2313,6.9244,0.83282,5.0185,4.8087,0,0.89049,10.901,63.746,7.3408,2.681,1.6536,1.7233,1.2372,0,0.83282,0,0.41641,14.311,57.106,9.2881,0.89049,5.8393,6.5777,4.739,0,0.027778,0.97222,0,0,0,0,1,0,0,0,0,1,0,0,0
1.059,3.4634,2.6734,0,1.5789,69.388,5.0534,0.3209,8.1067,6.938,1.4182,5.7238,5.0948,1.3356,3.6658,10.416,54.936,10.371,2.844,1.6833,2.7757,1.1538,0,2.691,0.61975,2.1996,16.542,46.88,13.517,2.0759,6.3456,7.1417,1.9867,0.014925,0.29851,0.68657,0,0,0,0,1,0,0,0,0,1,0,0,0
2.9316,4.2162,2.3531,3.0205,8.7481,47.914,9.6932,1.2375,8.7224,7.1613,4.0019,8.728,11.76,5.6495,7.9471,13.179,23.786,12.956,7.0998,3.2968,4.306,1.2914,0,3.7764,0.50214,7.406,20.44,25.853,16.67,3.6956,10.184,9.3472,2.1255,0,0.1358,0.8642,0,0,0,0,1,0,0,0,0,1,0,0,0
1.0849,7.0129,4.2739,1.1488,5.2581,47.789,5.8284,1.8935,12.056,12.116,1.5391,9.1002,11.298,5.9817,8.1254,12.822,20.817,15.196,8.1139,3.9711,1.9143,2.6596,0,5.4533,1.8421,7.7027,15.065,23.513,16.423,2.1702,12.144,11.376,4.311,0.046875,0.26562,0.6875,0,0,0,0,1,0,0,0,0,1,0,0,0
0,5.2967,8.3001,4.0677,6.3815,53.104,10.002,2.9417,8.4842,0.72415,0.69802,6.9326,5.3391,5.2158,4.1797,9.9323,30.74,20.218,6.3603,1.9697,1.7154,7.3969,1.87,1.8921,7.4213,9.1775,17.823,26.754,11.998,4.4596,2.9902,12.172,3.4432,0,0,0,1,0,0,0,1,0,0,0,0,1,0,0,0
0,3.7349,9.32,2.8102,4.7045,60.374,6.0779,0.90181,11.086,0.99025,0,1.4528,7.48,7.6479,2.407,9.2318,29.999,24.526,9.3383,0.99025,0.55099,6.3766,0,3.7349,8.769,1.9037,17.876,32.531,16.637,0.90181,2.8485,14.347,0.4509,0.044248,0.035398,0.16814,0.61947,0.13274,0,0,1,0,0,0,0,1,0,0,0
0,7.0039,5.4147,4.7917,15.713,51.219,7.9962,2.2799,3.592,0.39961,1.5899,8.3019,4.7081,7.2791,4.0412,13.332,29.873,16.988,7.3622,3.9853,1.6244,2.5047,2.4496,1.7468,5.0079,8.9266,15.662,17.88,23.505,6.3002,10.963,5.6719,1.8869,0.0087719,0.0087719,0.017544,0.96491,0,0,0,1,0,0,0,0,1,0,0,0
2.195,1.5067,4.3562,6.3191,12.678,55.392,8.1521,0.8098,3.7016,2.2192,2.6696,8.414,10.116,6.8887,6.274,10.152,29.073,19.545,6.3012,0.8098,0,2.4264,0,1.5067,2.4264,7.4553,23.962,25.351,18.839,2.6696,11.224,6.5656,0,0.042735,0.076923,0.11111,0.76923,0,0,0,1,0,0,0,0,1,0,0,0
0,4.1691,14.978,0,0.73124,54.566,9.5187,0,11.432,4.6061,0,5.5521,6.7298,0.73124,0.73124,7.9704,40.289,16.59,5.1483,5.6048,0.73124,9.9225,0,7.4611,10.954,3.7681,13.625,40.745,9.7544,1.5289,0.73124,10.667,0.76445,0.19512,0.085366,0.71951,0,0,0,0,1,0,0,0,0,0.37805,0.62195,0,0
1.3325,4.7109,1.6746,8.0014,16.895,45.657,7.4962,3.5514,6.0714,3.5561,1.0531,10.259,9.9201,13.169,7.8959,14.126,14.632,17.062,4.2308,5.6003,1.8179,1.2882,0.54841,3.2137,0.82261,8.3267,11.188,17.054,25.757,3.1659,19.639,8.5962,1.6886,0,0.010753,0.25806,0.73118,0,0,0,1,0,0,0,0,1,0,0,0
0.9642,4.7091,3.4743,1.8132,12.132,41.533,10.303,1.283,7.4687,11.583,4.7368,12.092,12.044,8.3769,10.892,13.812,11.719,14.195,10.417,3.7457,1.4463,1.2602,0,3.4489,1.2017,10.783,11.102,17.169,26.233,4.2547,12.52,11.249,2.0391,0.022222,0.033333,0.1,0.84444,0,0,0,1,0,0,0,0,1,0,0,0
4.4211,9.0342,9.6213,0.21833,3.6276,43.329,8.0624,0.21833,11.961,5.9923,3.5143,11.951,10.635,5.0591,9.3793,9.6445,19.461,13.69,8.9211,3.8178,7.0963,0.34491,0,11.702,4.2336,5.3179,20.06,22.786,13.221,2.5576,7.346,10.701,2.0748,0,0.25424,0.74576,0,0,0,0,1,0,0,0,0,1,0,0,0
3.5625,8.5785,6.2927,0.30516,2.8047,44.868,6.3634,1.9069,11.615,10.703,2.9999,9.1464,14.012,6.9863,8.6962,12.586,14.283,15.172,9.0393,3.5008,4.475,2.1021,0,9.2189,2.0052,7.9845,18.691,20.605,15.047,2.5609,10.79,9.6305,3.4664,0,0.04,0.36,0.6,0,0,0,1,0,0,0,0,1,0,0,0
0,1.0155,2.572,1.0027,6.1304,81.664,0.86361,0,3.1551,3.597,0,3.2694,2.372,3.2068,2.5111,11.405,64.304,8.8804,3.4909,0,0.56083,0,0,2.572,0.67699,0.3385,10.958,50.407,25.033,2.4816,1.8469,5.1606,0.52511,0,0.030303,0.9697,0,0,0,0,1,0,0,0,0,1,0,0,0
0.51733,0,2.5164,6.6441,9.3775,74.018,2.4911,0,1.277,3.1591,0,10.051,1.277,5.0043,5.6502,11.095,56.171,7.1135,3.1591,0,0,0.47974,0,1.5193,0.51733,0,16.217,30.925,35.016,4.2447,1.7567,9.8031,0,0.22727,0.075758,0.40909,0.075758,0.21212,0,0,1,0,0,0,0,1,0,0,0
2.8274,6.1667,6.3141,2.119,5.7326,58.966,5.0635,0.28497,6.134,5.9194,0.47245,11.14,5.1894,2.9182,5.7483,12.397,42.314,7.2752,8.3998,1.1763,3.156,0.28497,0,5.7163,5.0011,2.0484,22.58,23.92,23.298,1.7618,4.8855,9.1269,1.6628,0,0,1,0,0,0,0,1,0,0,0,0,1,0,0,0
3.0841,2.3792,7.774,2.4385,10.291,60.485,4.0833,0,5.648,3.816,0,11.125,4.9866,7.2094,5.2994,11.256,44.243,8.973,4.9208,0.53982,1.447,0,0,5.7696,3.7706,0.61314,22.515,27.117,22.565,4.9619,5.5265,6.6218,0.53982,0.22727,0.045455,0.37879,0.090909,0.25758,0,0,1,0,0,0,0,1,0,0,0
4.9074,9.9903,12.414,3.4176,3.3367,37.224,8.7751,0.53685,13.773,5.6251,0,13.791,14.607,6.7927,5.521,10.225,16.57,13.25,7.3733,4.5352,6.7982,0.53685,0,14.842,6.4022,2.1115,13.775,22.336,10.092,0,12.862,8.543,9.0368,0,0,0.21277,0.78723,0,0,0,1,0,0,0,0,1,0,0,0
2.7534,7.9315,10.64,6.1527,7.835,41.863,8.7784,0,7.3688,6.678,0,15.498,13.653,2.6983,3.6056,10.69,31.911,5.7975,10.171,2.9033,3.0725,0,0,9.8183,7.6496,1.1032,15.429,18.64,17.871,0.82979,10.258,9.1993,9.2018,0.17808,0.041096,0.39726,0.16438,0.21918,0,0,1,0,0,0,0,1,0,0,0
1.501,11.634,15.004,2.8449,4.515,43.089,8.6309,0.56434,9.093,2.643,0.4818,15.775,14.613,5.0589,4.9265,12.145,25.092,8.5503,9.1963,1.9844,2.094,0.56434,0,14.151,9.861,3.4528,18.23,18.612,14.005,0.52687,9.9791,4.6555,6.5274,0,0.076923,0.90769,0.015385,0,0,0,1,0,0,0,0,1,0,0,0
3.3518,11.181,13.064,0.81109,3.1836,41.42,7.9001,1.4112,9.0437,7.4504,1.1828,14.143,11.671,2.7194,6.3824,11.902,23.808,8.8416,10.919,4.1515,4.051,1.4112,0,12.315,9.5042,5.678,14.405,22.036,13.095,1.0874,7.3424,8.479,6.0585,0,0.015385,0.47692,0.50769,0,0,0,1,0,0,0,0,1,0,0,0
0,0,0,0,0,100,0,0,0,0,0,0,0,0,0,10.355,74.803,14.842,0,0,0,0,0,0,0,0,0.49536,81.029,18.475,0,0,0,0,0,0,0.096774,0.12903,0.77419,0,0,1,0,0,0,0,1,0,0,0
0,0.53291,8.4142,4.9006,15.225,57.737,2.631,0.95757,6.7397,2.3452,0.51702,4.1957,4.4334,4.0184,5.1879,16.744,32.359,15.425,5.0461,3.7481,1.4607,7.3813,2.9995,2.3298,3.602,0.25663,16.492,27.74,15.667,12.248,8.6589,6.5439,3.4618,0,0.05102,0.091837,0.85714,0,0,0,1,0,0,0,0,1,0,0,0
0,2.6846,19.003,0,0.36594,68.234,0,0.36594,8.0761,1.2699,0,6.7228,2.9207,2.6986,0.37995,11.428,59.335,1.7792,0.36594,4.0526,5.82,4.4971,11.61,2.426,6.4137,1.6044,0.26898,56.469,11.13,1.2699,3.4054,2.0112,3.3914,0.34043,0.042553,0.61702,0,0,0,0,1,0,0,0,0,0.34043,0.65957,0,0
0,0.36097,9.6731,0,8.5795,50.109,2.6273,9.8909,12.712,6.0469,0,4.7502,2.3103,0.72194,6.2782,11.486,47.126,6.5925,0.36097,1.6874,4.3893,14.297,7.454,4.0365,3.8664,0,10.724,32.605,10.657,1.6874,5.686,6.2769,17.007,0,0,0,0.23881,0.76119,0,0,1,0,0,0,0,1,0,0,0
1.0422,2.0576,7.4105,9.8791,17.393,41.468,6.7706,2.9004,5.848,3.8042,1.426,10.907,11.694,4.6137,5.2831,12.578,24.41,8.7972,7.8728,6.1682,3.8692,3.8061,6.657,4.1246,3.3545,3.1674,13.323,17.468,9.2904,14.019,12.848,9.8364,5.9112,0,0,0.14286,0.85714,0,0,0,1,0,0,0,0,0.69388,0.30612,0,0
0,9.3353,3.1583,9.8542,24.261,30.075,6.704,5.6951,3.7429,4.4436,2.7309,3.4464,2.6331,7.3478,12.509,5.9337,15.743,11.71,5.7238,11.095,14.456,9.4018,3.3102,2.1823,9.0202,2.5619,9.6327,12.835,12.304,19.37,18.914,6.2119,3.6577,0,0,0,0,1,0,0,1,0,0,0,0,1,0,0,0
0,0,0,0,2.5318,97.468,0,0,0,0,0,0,0,0,0,4.2702,90.576,5.1541,0,0,0,0,0,0,0,0,3.4522,88.779,5.2372,2.5318,0,0,0,0,0,0.87324,0.12676,0,0,0,1,0,0,0,0,1,0,0,0
4.1335,0,9.1414,3.1044,0.762,79.4,0,0.76505,2.3032,0.39065,0,3.4288,1.9278,1.4556,4.1974,5.397,62.007,11.968,3.8368,0.68392,0.19941,4.8986,4.2728,4.5476,0,0,9.2809,31.888,38.612,0.77165,0.76505,7.3838,2.4782,0.19672,0.14754,0.59016,0.04918,0.016393,0,0,1,0,0,0,0,1,0,0,0
0.5345,1.6395,6.229,13.1,23.172,43.496,3.0048,1.879,2.606,3.3611,0.97762,6.6158,4.6156,5.8687,8.7686,10.382,18.214,22.041,1.4356,12.768,3.7717,5.5186,0.33338,1.5481,0.66676,2.5443,6.5258,8.4365,33.186,12.92,21.375,8.8606,3.6031,0,0.16667,0.83333,0,0,0,0,1,0,0,0,0,1,0,0,0
0,0.32365,0,1.9844,11.178,55.549,2.6238,6.1598,16.667,4.342,1.1732,15.045,3.4372,2.6711,4.1349,17.65,31.341,7.1968,2.9281,5.1862,4.8257,5.584,0,0.5896,0.32365,0.32365,4.9399,28.662,27.262,10.436,7.6791,8.2857,11.498,0,0,0,0.63462,0.36538,0,0,1,0,0,0,0,1,0,0,0
5.8023,6.3178,9.3624,1.2697,2.8771,47.529,5.8368,0.66743,10.87,8.6506,0.81664,11.963,8.6169,2.9073,5.9398,10.062,31.971,10.087,7.8475,3.3674,6.5714,0.66743,0,9.5343,5.0701,1.9987,19.508,24.802,14.563,1.0964,8.4584,10.735,4.2342,0.015625,0.23438,0.75,0,0,0,0,1,0,0,0,0,1,0,0,0
4.4744,7.0011,4.5509,1.4013,6.4162,46.857,5.7871,1.5577,13.853,5.3569,2.744,12.955,13.518,4.9511,8.955,11.347,14.466,16.757,6.6082,4.8368,3.8121,1.7938,0,5.8961,1.1442,5.9232,23.127,19.454,15.966,1.8898,15.168,8.321,3.1105,0,0.40909,0.56818,0.022727,0,0,0,1,0,0,0,0,1,0,0,0
0,0,4.5844,0,6.6447,61.564,1.3673,4.682,16.419,4.7381,0,1.4863,1.5912,0.50027,5.4463,14.647,51.221,9.4152,0,5.1254,2.0231,8.5445,2.6407,3.5441,0.52016,0,8.102,46.036,9.805,3.3905,3.0816,5.8255,17.055,0,0,0,0.55172,0.44828,0,0,1,0,0,0,0,1,0,0,0
0,0,0,0.73514,18.266,80.999,0,0,0,0,0,3.907,0,3.1358,13.773,3.331,55.307,18.145,2.4006,0,0,0,0,0,0,0,1.6655,56.87,38.014,2.7151,0.73514,0,0,0,0,0.57576,0.15152,0.27273,0,0,1,0,0,0,0,1,0,0,0
1.5823,3.2071,6.6728,10.055,15.603,38.071,10.227,3.5072,4.9803,4.7577,1.3372,4.891,2.2572,6.7347,5.8789,18.058,22.796,8.7709,8.8085,9.7609,1.2047,10.839,2.0204,6.5332,5.9024,8.4455,12.229,9.9138,21.073,8.3659,11.713,7.3622,6.4426,0,0.024691,0.12346,0.85185,0,0,0,1,0,0,0,0,1,0,0,0
0,1.4505,12.555,0,3.55,55.436,0.96342,0.25979,17.056,8.7288,0,7.0763,5.6909,1.4122,0.88696,15.063,38.818,14.271,0.96479,1.9479,2.4311,11.439,4.1667,2.2137,6.4858,1.1394,5.3163,41.265,12.624,7.6605,4.2448,9.7372,5.1461,0,0,0.022727,0.079545,0.89773,0,0,1,0,0,0,0,1,0,0,0
0,10.479,9.1302,7.609,10.831,31.593,9.084,5.1036,9.8139,3.3257,3.0305,16.151,8.5828,4.2243,3.9892,14.349,16.826,12.214,6.7141,7.4331,3.5804,5.9347,7.2363,5.9092,6.0638,7.148,15.87,6.0048,9.3535,11.711,7.4168,12.421,10.866,0,0.28358,0.71642,0,0,0,0,1,0,0,0,0,0.22388,0.77612,0,0
0,9.7725,5.9544,6.6216,9.9979,42.975,8.0318,1.9374,10.173,1.978,2.5593,11.779,6.0513,4.5008,3.9869,10.599,29.079,15.696,5.5735,5.2582,2.7352,4.7416,3.6713,4.1557,3.7224,6.5844,18.596,18.033,10.468,7.5638,8.2142,12.093,6.8984,0,0.044118,0.27941,0.67647,0,0,0,1,0,0,0,0,1,0,0,0
0,2.0287,0.34633,0.33706,19.906,64.203,1.0204,4.2437,6.9034,0.67411,0.33706,5.1156,0.8902,5.5128,9.075,9.9117,41.711,12.582,0.33706,4.1086,6.3903,4.3655,0,1.2998,3.0739,0,3.6276,52.079,15.2,11.115,4.6385,2.4412,6.5247,0.022222,0.26667,0.088889,0.28889,0.33333,0,0,0.82222,0.17778,0,0,0.2,0.8,0,0,0
0,0,0,0,0,100,0,0,0,0,0,0,0,0,0,10.56,74.474,14.966,0,0,0,0,0,0,0,0,0,86.191,13.809,0,0,0,0,0,0,0.13793,0.068966,0.7931,0,0,1,0,0,0,0,1,0,0,0
0,0.8371,4.6249,0,17.7,59.571,4.7423,2.9939,3.8437,4.8495,0.8371,9.0217,3.2442,4.7423,2.6113,4.5004,40.285,10.398,3.6725,6.6639,5.9848,8.8755,0,3.47,2.4071,2.1427,2.5482,38.112,20.901,7.5062,7.4941,6.2082,9.2113,0,0,0,0,1,0,0,1,0,0,0,0,1,0,0,0
0,0,0,3.3618,13.879,79.398,0,0,0,3.3618,0,6.2263,0,5.2584,3.3618,16.743,56.926,8.1228,3.3618,0,0,0,0,0,0,0,11.485,35.853,40.68,5.2584,0,6.7237,0,0,0,0,0,1,0,0,1,0,0,0,0,1,0,0,0
0,0,0,0,0,100,0,0,0,0,0,0,0,0,0,2.7203,91.329,4.9242,1.027,0,0,0,0,0,0,0,6.4745,88.601,4.9241,0,0,0,0,0,0,0.91667,0.083333,0,0,0,1,0,0,0,0,1,0,0,0
0,0,0,0,0,100,0,0,0,0,0,0,0,0,0,3.6385,89.544,6.8176,0,0,0,0,0,0,0,0,1.8485,88.966,9.1859,0,0,0,0,0,0,0.89552,0.10448,0,0,0,1,0,0,0,0,1,0,0,0
0,0,0,0,3.9696,96.03,0,0,0,0,0,0.40987,0,0,1.3246,4.7833,87.492,5.9905,0,0,0,0,0,0,0,0,3.0622,82.854,11.97,2.1144,0,0,0,0,0,0.9322,0.067797,0,0,0,1,0,0,0,0,1,0,0,0
0,0,0,0,0,100,0,0,0,0,0,0,0,0,0,4.7399,92.871,2.389,0,0,0,0,0,0,0,0,5.5676,90.461,3.9709,0,0,0,0,0,0,0.88889,0.11111,0,0,0,1,0,0,0,0,1,0,0,0
0,0,0,0,0.4273,85.727,0.46694,2.6627,9.822,0.89424,0,2.0254,1.7288,0.46694,1.0915,6.1375,72.316,8.128,0.46694,2.1561,3.2872,2.1957,0,0,0,0,1.5616,81.173,2.992,0,0.4273,3.3469,10.499,0,0,0.91379,0.086207,0,0,0,1,0,0,0,0,1,0,0,0
1.1762,1.8603,5.4961,0.99331,3.8219,51.624,2.3668,11.538,17.486,3.6379,0,4.0797,7.6277,2.7199,5.8546,9.5751,46.721,8.764,1.5292,1.6047,2.5505,8.9731,8.1971,7.0004,4.3889,0,10.457,38.22,4.3922,2.5277,2.3207,6.4743,16.022,0,0.4186,0.11628,0.046512,0.4186,0,0,1,0,0,0,0,1,0,0,0
0,0.72302,3.0631,2.7476,11.672,48.242,5.0402,9.1917,8.4938,9.3539,1.4721,14.165,3.7256,3.7675,1.5401,10.709,24.944,6.1505,4.7108,3.2293,9.4938,17.564,0,3.6538,1.2426,1.446,6.5433,21.677,15.14,10.687,12.197,13.121,14.292,0.026316,0.63158,0.10526,0.10526,0.13158,0,0,1,0,0,0,0,1,0,0,0
0,0.37619,0,2.4816,15.728,49.063,2.4643,7.707,12.919,7.4167,1.8431,14.798,3.9793,5.2693,5.1205,14.15,28.427,6.2317,4.0305,6.1325,7.1164,4.7454,0,2.6149,1.8772,0.37619,4.3478,28.71,15.687,14.833,10.611,10.31,10.633,0.030303,0.030303,0.15152,0.54545,0.24242,0,0,1,0,0,0,0,1,0,0,0
5.6922,6.0651,9.601,14.269,11.387,16.955,11.854,8.4713,6.9519,5.6205,3.1327,10.766,9.6199,7.7275,15.152,4.8641,6.9698,5.7931,7.9301,7.4357,13.967,9.7758,10.722,11.842,11.586,5.6547,5.0217,0.69003,7.7366,6.0622,14.258,10.431,15.997,0.5,0.29167,0.16667,0.041667,0,0,0.083333,0.875,0.041667,0,0,0,0.70833,0.29167,0,0
0.54634,3.4371,2.1173,3.7258,16.318,38.801,26.205,7.6055,0.6969,0.54634,0,1.0593,1.9578,13.293,9.0991,21.491,9.7752,12.284,17.092,9.3704,3.486,1.0927,0,5.4855,3.6817,20.105,19.551,6.2394,22.821,8.5743,8.3504,0.54634,4.6454,0,0,0.055556,0.11111,0.83333,0,0,1,0,0,0,0,1,0,0,0
1.9658,4.032,1.3457,12.449,20.569,40.995,15.56,1.0543,0.69951,1.3301,0,6.1392,4.2151,12.5,7.4857,15.33,13.056,9.4023,14.497,7.8504,4.5339,4.9893,2.3085,1.4923,1.7721,11.626,14.336,11.542,19.627,13.671,12.458,4.8195,6.3464,0,0,0,0.96,0.04,0,0,1,0,0,0,0,1,0,0,0
3.1883,3.5308,7.0598,16.09,18.418,25.454,10.011,5.775,5.5681,3.6546,1.2508,12.336,6.7222,5.949,10.661,6.957,12.368,8.113,9.6036,6.863,10.693,9.7345,8.6201,9.5868,5.2607,3.5845,5.1389,5.5262,10.873,11.062,16.897,9.736,13.715,0.64286,0.35714,0,0,0,0,0,1,0,0,0,0.42857,0.57143,0,0,0
5.2236,4.3064,7.9014,12.455,11.984,19.674,16.654,8.9189,5.4611,6.1537,1.2681,11.57,9.7815,7.3447,15.673,5.8363,10.673,5.0976,4.8651,5.1698,12.054,11.935,9.8676,11.844,11.028,5.1115,6.337,0.8706,8.0492,8.387,10.76,12.102,15.644,0,0.73529,0.26471,0,0,0,0,1,0,0,0,0,1,0,0,0
0.36577,6.389,15.935,3.6604,6.1293,35.255,6.7067,2.5001,13.372,7.3634,2.3237,14.42,5.7673,4.7673,6.2812,9.7808,20.638,12.867,3.9393,5.2542,3.6266,12.658,8.4388,6.3169,5.3854,7.8296,6.093,12.288,13.201,9.4078,11.033,13.4,6.6059,0,0.027778,0.041667,0.93056,0,0,0,1,0,0,0,0,1,0,0,0
3.872,4.2262,8.935,8.214,19.415,22.136,10.548,7.1779,8.5359,4.8675,2.0728,13.23,7.9292,10.973,11.337,9.5838,10.502,5.9024,7.9299,6.6251,7.8588,8.1294,12.107,6.0649,8.6356,4.6354,7.8014,4.0729,10.258,12.66,9.3739,10.424,13.968,0,0.5,0.47826,0.021739,0,0,0,1,0,0,0,0,0.97826,0.021739,0,0
0.45954,12.064,8.7066,6.1151,9.5472,28.786,8.5034,10.79,7.973,5.2553,1.7993,18.528,9.3951,2.546,6.5641,12.282,14.467,6.8007,7.4671,3.3185,7.8043,10.827,15.378,10.742,9.5698,4.8015,7.3138,8.5473,11.207,8.8461,5.5987,9.1674,8.829,0,0.8,0.2,0,0,0,0,1,0,0,0,1,0,0,0,0
3.4781,2.1944,6.6058,12.475,19.442,27.885,9.5803,3.7207,7.0299,5.9173,1.671,13.857,8.7521,9.0332,8.9616,9.3892,14.891,5.245,8.2215,6.046,9.072,6.5314,6.9686,6.1366,5.1453,5.7946,7.3703,6.4243,11.346,14.658,13.02,10.889,12.247,0,0,0.3662,0.52113,0.11268,0,0,1,0,0,0,0,0.8169,0.1831,0,0
0.3923,14.531,6.0988,8.7307,16.858,26.788,7.2305,6.3349,6.459,4.1192,2.4569,8.8959,7.0502,5.8305,9.885,8.6148,13.617,9.4121,5.1615,8.8244,13.947,8.7614,8.2572,4.3604,11.247,6.3046,10.329,9.3343,7.8959,15.455,12.164,9.7623,4.89,0.13158,0.84211,0.026316,0,0,0,0,0.94737,0.052632,0,0,0,1,0,0,0
0,8.3638,4.5536,10.817,13.898,40.875,5.4456,3.9434,8.573,1.2125,2.3183,11.364,6.1443,5.8157,6.2885,7.6633,26.476,15.49,4.5778,7.2596,3.6268,5.2941,4.0215,2.3174,3.7595,7.7667,17.056,10.832,16.48,10.139,9.6817,11.06,6.8864,0.012346,0.037037,0.51852,0.4321,0,0,0,1,0,0,0,0,1,0,0,0
0,0.99247,17.152,3.1114,0,21.841,36.777,10.354,6.9455,2.8271,0,6.8712,7.6835,4.132,4.5123,10.113,42.245,14.464,1.3087,2.9469,2.3752,3.348,5.7862,10.484,1.8582,28.499,14.761,12.866,5.619,2.8271,0.5587,9.368,7.3726,0,0,0,0.028571,0.97143,0,0,1,0,0,0,0,1,0,0,0
1.3592,0,15.206,2.5876,0,74.611,0,1.3592,4.3379,0.53983,0,3.0643,2.2586,0.97429,6.6957,10.196,54.653,10.11,5.3061,0.43446,0,6.3071,3.4565,4.4117,0,0,5.1389,31.783,37.689,0.53983,4.9479,6.8761,5.1573,0,0,0,0.21429,0.78571,0,0,1,0,0,0,0,1,0,0,0
4.3543,5.1761,9.7553,10.527,0.58069,26.034,26.077,0,14.779,2.7172,0,22.211,25.347,1.8369,2.2651,6.2325,17.147,3.8235,5.9067,11.885,3.3453,0,0,7.299,7.0518,0.58069,11.588,13.148,7.8695,0,14.731,3.3453,34.386,0,0,0,0.73333,0.26667,0,0,1,0,0,0,0,1,0,0,0
2.9178,13.485,17.037,11.363,11.363,14.053,14.598,0,13.378,1.8049,0,30.309,36.421,0,1.113,14.598,10.925,0.90244,3.0245,0.90244,1.8049,0,0,14.705,15.818,0,17.62,7.479,4.3479,0,24.741,1.8049,13.485,0,0,0,1,0,0,0,1,0,0,0,0,1,0,0,0
