h1,h2,h3,h4,h5,h6,h7,h8,h9,h10,h11,h12,h13,h14,h15,h16,h17,h18,h19,h20,h21,h22,h23,h24,h25,h26,h27,h28,h29,h30,h31,h32,h33,h34,h35,h36,h37,h38,h39,h40,h41,h42,h43,h44,h45,h46,h47,h48,label
0,0,0,0,0,100,0,0,0,0,0,0,0,0,2.3304,11.719,84.541,1.4096,0,0,0,0,0,0,0,0,11.253,88.064,0.68257,0,0,0,0,0,0,0.028571,0.22857,0.74286,0,0,1,0,0,0,0,1,0,0,0
0,0,0,0,0,100,0,0,0,0,0,0,0,0,0.43123,16.44,77.755,5.3745,0,0,0,0,0,0,0,0,24.806,74.763,0.43123,0,0,0,0,0,0,0.94545,0.054545,0,0,0,1,0,0,0,0,1,0,0,0
0,0,0,0,0,100,0,0,0,0,0,0,0,0,0,15.366,78.059,6.5754,0,0,0,0,0,0,0,0,20.753,79.247,0,0,0,0,0,0,0,0.97826,0.021739,0,0,0,1,0,0,0,0,1,0,0,0
0,0,0,0,0,100,0,0,0,0,0,0,0,0,3.1546,14.041,81.477,1.328,0,0,0,0,0,0,0,0,11.978,86.667,1.3555,0,0,0,0,0,0,1,0,0,0,0,1,0,0,0,0,1,0,0,0
0,0,0,0,0,100,0,0,0,0,0,0,0,0,0.43523,15.558,76.579,7.4276,0,0,0,0,0,0,0,0,24.655,74.91,0.43523,0,0,0,0,0,0,1,0,0,0,0,1,0,0,0,0,1,0,0,0
0,0,0,0,0,100,0,0,0,0,0,0,0,0,0,9.241,75.774,14.985,0,0,0,0,0,0,0,0,27.495,72.505,0,0,0,0,0,0,0,0.94444,0.055556,0,0,0,1,0,0,0,0,1,0,0,0
0,0,0,0,0,100,0,0,0,0,0,0,0,0,0.70607,11.948,82.146,5.2004,0,0,0,0,0,0,0,0,19.562,79.732,0.70607,0,0,0,0,0,0,1,0,0,0,0,1,0,0,0,0,1,0,0,0
0,0,0,0,0,100,0,0,0,0,0,0,0,0,0,10.719,73.397,15.885,0,0,0,0,0,0,0,0,25.088,74.912,0,0,0,0,0,0,0,1,0,0,0,0,1,0,0,0,0,1,0,0,0
0,0,0,0,0,100,0,0,0,0,0,0,0,0,0,5.8305,78.23,15.94,0,0,0,0,0,0,0,0,29.752,69.331,0.91726,0,0,0,0,0,0,0.96296,0.037037,0,0,0,1,0,0,0,0,1,0,0,0
0,1.2535,0,0,0.62675,98.12,0,0,0,0,0,0,0,0.62675,0,2.1156,83.956,12.675,0.62675,0,0,0,0,0,0,1.2535,16.365,80.279,1.4759,0.62675,0,0,0,0,0,1,0,0,0,0,1,0,0,0,0,1,0,0,0
0,0,0,0,4.7762,95.224,0,0,0,0,0,0,0,0,8.7962,9.6497,75.789,2.8826,2.8826,0,0,0,0,0,0,0,4.2346,79.31,8.7962,7.6588,0,0,0,0,0,0.22222,0.27778,0.5,0,0,1,0,0,0,0,1,0,0,0
0,0,0,0,5.1207,94.879,0,0,0,0,0,0,0,0,3.927,11.343,78.291,1.1853,5.2538,0,0,0,0,0,0,0,0,86.286,7.4075,6.306,0,0,0,0,0,0,0.46154,0.53846,0,0,1,0,0,0,0,1,0,0,0
0,0,0,0,2.6026,97.397,0,0,0,0,0,0,0,0,5.5946,6.3139,85.945,1.0733,1.0733,0,0,0,0,0,0,0,6.1425,88.035,2.1466,3.6759,0,0,0,0,0,1,0,0,0,0,1,0,0,0,0,1,0,0,0
0,0,0,0,5.317,94.683,0,0,0,0,0,0,0,0,14.085,10.653,60.765,6.66,7.837,0,0,0,0,0,0,0,0,72.093,15.93,11.977,0,0,0,0,0,1,0,0,0,0,1,0,0,0,0,1,0,0,0
0,0,0,0,7.0683,92.932,0,0,0,0,0,0,0,0,9.6696,12.224,65.046,8.2257,4.8348,0,0,0,0,0,0,0,0,59.557,25.149,15.294,0,0,0,0,0,0.68519,0.055556,0.25926,0,0,1,0,0,0,0,1,0,0,0
0,0,0,0,0,100,0,0,0,0,0,0,0,0,0,4.8869,88.644,1.582,4.8869,0,0,0,0,0,0,0,0,85.272,13.146,1.582,0,0,0,0,0,0.022727,0.11364,0.86364,0,0,1,0,0,0,0,1,0,0,0
0,0,0,0,3.1229,96.877,0,0,0,0,0,0,0,0,2.9867,11.445,77.94,1.4933,6.1355,0,0,0,0,0,0,0,0,81.319,14.065,4.6162,0,0,0,0,0,0.95413,0.045872,0,0,0,1,0,0,0,0,1,0,0,0
0,0,0,0,0,100,0,0,0,0,0,0,0,0,0,10.263,86.084,1.586,2.0676,0,0,0,0,0,0,0,0,78.371,20.044,1.586,0,0,0,0,0,1,0,0,0,0,1,0,0,0,0,1,0,0,0
0,0,0,0,1.3431,98.657,0,0,0,0,0,0,0,0,2.4355,5.5207,92.044,0,0,0,0,0,0,0,0,0,7.0125,90.103,1.541,1.3431,0,0,0,0,0,0.97647,0.023529,0,0,0,1,0,0,0,0,1,0,0,0
0,0,0,0,0,100,0,0,0,0,0,0,0,0,0.46371,3.2126,91.153,5.1706,0,0,0,0,0,0,0,0,12.345,87.191,0.46371,0,0,0,0,0,0,0.97753,0.022472,0,0,0,1,0,0,0,0,1,0,0,0
0,0,0,0,1.8297,98.17,0,0,0,0,0,0,0,0,0.60059,2.4302,93.864,3.1055,0,0,0,0,0,0,0,0,3.1095,91.42,2.1208,3.3499,0,0,0,0,0,0.94949,0.050505,0,0,0,1,0,0,0,0,1,0,0,0
7.2465,4.88,8.4871,6.5613,13.35,14.18,11.5,11.065,7.6776,5.2489,9.8031,8.9977,11.418,3.4368,10.747,10.48,5.7728,7.9072,7.8537,8.2359,18.462,6.6891,8.3989,11.754,12.132,4.3125,7.5364,3.4015,5.6698,6.6756,11.901,11.893,16.326,0.25,0.5625,0.16406,0.023438,0,0,0.03125,0.95312,0.015625,0,0,0.125,0.78125,0.09375,0,0
0,3.0618,0,0,1.5309,93.816,0,0,0,0,1.5916,0,0,1.5309,3.1831,1.5309,83.511,8.7129,1.5309,0,0,0,0,0,0,3.0618,12.352,80.391,2.6644,1.5309,0,0,0,0,0,0.96842,0.031579,0,0,0,1,0,0,0,0,1,0,0,0
5.2657,4.6762,8.0043,8.8496,12.568,25.997,9.4386,8.5807,5.0802,4.8784,6.6617,9.1752,9.1636,5.6308,5.4383,11.207,12.147,8.499,7.3528,7.7331,16.272,7.3808,9.5214,8.3193,9.8596,3.5976,7.585,5.5828,11.581,8.0752,11.658,14.739,9.4808,0.10714,0.33929,0.38393,0.16964,0,0,0,1,0,0,0,0.26786,0.73214,0,0,0
0,0,0,0,0,97.729,0,0,0,0,2.271,0,0,0,4.5419,2.1858,86.543,6.7293,0,0,0,0,0,0,0,0,3.4507,94.278,2.271,0,0,0,0,0,0,0.99029,0.0097087,0,0,0,1,0,0,0,0,1,0,0,0
0,0,5.4754,24.18,11.895,52.502,0,0,4.6135,1.3341,0,1.3341,1.3341,5.9476,6.8095,28.321,16.037,10.561,11.423,10.951,7.2818,0,0,0,0,4.6135,1.3341,18.232,30.128,5.4754,27.46,6.8095,5.9476,0,0.94444,0.055556,0,0,0,0,1,0,0,0,0,1,0,0,0
0,0,0,0,0,100,0,0,0,0,0,0,0,0,0,2.24,92.115,5.6452,0,0,0,0,0,0,0,0,1.1011,94.259,2.3198,2.3198,0,0,0,0,0,0.9596,0.040404,0,0,0,1,0,0,0,0,1,0,0,0
0,0,0,0,0,100,0,0,0,0,0,0,0,0,0,0,98.564,1.4363,0,0,0,0,0,0,0,0,0,94.288,4.2758,1.4363,0,0,0,0,0,0.9537,0.046296,0,0,0,1,0,0,0,0,1,0,0,0
3.0848,6.3738,21.321,8.6329,6.3292,21.643,12.171,8.2946,5.5435,3.9723,2.635,18.306,9.6724,3.4277,8.2076,10.537,13.783,12.468,6.7748,2.1594,7.7558,6.9089,13.019,18.847,5.143,5.8491,8.9667,4.3555,6.682,6.4788,10.108,9.4612,11.09,0,0,0.86047,0.13953,0,0,0,1,0,0,0,0,0,1,0,0
0,0,0,0,0,95.706,2.6084,0,0,0,1.6852,0,0,0,3.3703,4.1061,86.545,5.9787,0,0,0,0,0,0,0,0,6.5927,91.722,1.6852,0,0,0,0,0,0,1,0,0,0,0,1,0,0,0,0,1,0,0,0
9.341,5.2138,6.0174,6.147,18.012,16.27,8.4062,8.774,8.4942,4.1736,9.1501,12.295,9.1092,3.3681,8.0521,9.5849,4.5472,8.5793,10.233,7.5918,21.32,5.32,8.5872,10.059,8.295,3.1583,8.234,2.3088,5.6488,8.0961,13.512,13.431,18.67,0,1,0,0,0,0,0,1,0,0,0,0,1,0,0,0
0,0,0,0,0,98.853,1.147,0,0,0,0,0,0,0,0,1.147,95.867,2.9857,0,0,0,0,0,0,0,0,1.147,98.853,0,0,0,0,0,0,0,0.96774,0.032258,0,0,0,1,0,0,0,0,1,0,0,0
13.566,6.2402,6.4129,6.5782,7.6138,28.152,10.117,10.049,2.5582,4.2575,4.4551,4.4221,11.124,5.5231,7.3293,12.028,13.343,9.7255,6.6542,8.0397,19.348,2.464,5.1112,8.0957,11.289,13.059,11.951,9.9093,10.481,5.9896,5.6571,11.045,7.4122,0.12281,0.64912,0.10526,0.10526,0.017544,0,0,0.82456,0.17544,0,0,0.52632,0.47368,0,0,0
0.84826,0.42413,1.1593,1.4279,3.1885,83.593,0,0,4.3071,5.0522,0,1.0038,1.8637,0,2.0076,2.712,66.839,19.415,0.42413,2.2878,2.2878,1.1593,0.57967,1.0038,0.42413,1.0038,16.614,53.462,16.28,1.0038,2.1847,4.7312,2.712,0,0,0.84483,0.15517,0,0,0,1,0,0,0,0,1,0,0,0
0.82149,3.3241,0,0.82149,2.9493,89.237,0,0,0.90285,1.944,0,0.41074,0.45143,1.4567,0.82149,2.7296,69.74,20.799,1.8674,0.86217,0.86217,0,0,0.41074,0.41074,3.3241,16.598,68.71,5.0105,1.8674,1.0818,1.3136,1.2729,0,0.012048,0.98795,0,0,0,0,1,0,0,0,0,1,0,0,0
1.5252,0.41127,8.1605,6.4029,7.9994,60.284,1.6935,1.641,6.1505,5.7317,0,7.3861,1.3909,2.3202,6.8987,6.6307,36.408,25.07,2.1481,1.0562,4.259,6.4328,5.6905,4.749,2.4865,4.0699,8.0957,35.565,22.039,6.5634,2.8254,6.4249,1.491,0,0.016393,0.93443,0.04918,0,0,0,1,0,0,0,0,1,0,0,0
3.8573,3.3375,3.9532,4.8691,4.2604,66.687,1.9012,0.90562,6.0989,4.1295,0,4.8396,2.3838,2.3671,4.016,7.8422,39.059,24.747,2.253,3.9334,5.7407,2.818,3.5235,3.0284,3.5943,4.0582,14.255,39.761,14.535,3.7318,1.1431,8.0295,4.3399,0,0.082192,0.91781,0,0,0,0,1,0,0,0,0,1,0,0,0
0,0,6.322,6.0868,3.0376,47.796,21.095,3.5229,10.769,1.3699,0,10.932,3.4884,9.4732,8.2117,13.865,14.936,17.353,13.751,3.0147,1.1347,3.8402,4.9865,4.952,6.4363,12.733,11.874,29.374,12.917,8.3812,0.53291,4.8584,2.9555,0,0,0.06383,0.21277,0.7234,0,0,1,0,0,0,0,1,0,0,0
0.34561,0,10.388,10.884,7.1326,45.844,14.252,0.9663,5.6044,4.5821,0,12.237,1.868,5.5425,7.7642,9.491,21.686,20.616,4.9784,3.8548,4.3771,7.5843,7.2199,6.7016,4.0788,8.688,16.663,22.538,19.488,5.6134,1.306,7.1413,0.562,0,0.03125,0.34375,0.25,0.375,0,0,1,0,0,0,0,1,0,0,0
2.1152,0.25323,12.103,5.2409,7.8444,44.162,6.2935,2.4212,11.465,7.7649,0.33733,7.3474,4.0773,3.209,7.3371,12.371,23.532,17.676,4.8504,2.6677,8.6037,8.3287,7.4038,5.5411,4.4128,4.2371,6.4195,20.41,20.822,9.5911,3.0133,15.472,2.6771,0.23077,0.76923,0,0,0,0,0,1,0,0,0,0,1,0,0,0
8.4467,3.2635,1.2559,2.4181,4.0486,69.14,4.5817,1.7883,0,2.3638,2.6936,2.5838,3.5169,1.7883,6.5932,4.294,53.285,15.061,3.3073,4.5194,4.5194,0.53238,0.53238,2.1987,4.3721,6.9715,15.352,50.872,9.9719,2.0953,2.4857,3.2635,1.8857,0,0,0.98969,0.010309,0,0,0,1,0,0,0,0,1,0,0,0
9.8364,4.1307,1.4465,0,5.0066,67.637,9.0497,1.4465,0,0,1.4465,1.8322,6.9433,2.7886,3.2788,8.5595,57.475,8.7151,4.6209,2.8931,2.8931,0,0,1.4465,3.2788,12.521,12.661,60.747,2.8931,5.0066,0,1.4465,0,0,0.0089286,0.95536,0.035714,0,0,0,1,0,0,0,0,1,0,0,0
8.6977,5.8898,5.2722,3.9886,7.3547,44.064,8.9497,5.9625,3.5131,4.7559,1.5519,5.477,6.8722,5.204,2.389,8.2794,30.665,15.208,4.5672,5.5728,12.468,3.2979,5.1017,3.31,9.2558,8.908,11.203,24.384,15.005,4.4341,6.2432,10.09,2.0657,0,0.027397,0.9589,0.013699,0,0,0,1,0,0,0,0,1,0,0,0
12.496,5.9166,4.1236,3.7237,1.8327,44.126,8.4304,10.425,2.1773,1.9629,4.7863,2.4457,9.0652,7.6343,6.9759,7.2922,26.671,16.649,6.5101,7.2767,8.9969,0.4828,3.8009,7.2499,10.651,11.161,13.675,29.196,11.378,0.86707,2.3085,5.1479,4.5642,0.090909,0.53409,0.34091,0.034091,0,0,0,0.97727,0.022727,0,0,0.090909,0.90909,0,0,0
4.6293,0,0,0,3.0862,80.27,7.1736,2.5443,0,0,2.2961,1.5431,4.6293,2.5443,6.1353,4.461,63.674,15.47,1.5431,0,0,0,0,2.5443,1.5431,7.1736,6.9254,72.512,6.2151,3.0862,0,0,0,0,0.049587,0.89256,0.057851,0,0,0,1,0,0,0,0,1,0,0,0
0,0,0,0,0,94.712,3.7982,1.4898,0,0,0,0,0,1.4898,0,5.9999,86.044,6.4661,0,0,0,0,0,1.4898,0,1.4898,2.3085,89.531,5.1811,0,0,0,0,0,0.027273,0.92727,0.045455,0,0,0,1,0,0,0,0,1,0,0,0
7.8239,0.58942,3.2175,1.7683,2.901,61.995,7.2102,11.022,2.8829,0.58942,0,2.0399,9.5921,5.511,1.4505,13.158,40.427,17.642,6.9615,0.58942,0.58942,2.0387,5.511,5.511,7.2805,4.3516,11.272,42.714,11.731,2.901,0,2.6281,6.1004,0,0.70175,0.26316,0.035088,0,0,0,1,0,0,0,0,1,0,0,0
0,0,2.3316,2.6532,0,81.484,3.6769,7.2011,2.6532,0,0,2.6532,0,4.8694,0,8.4555,63.496,13.21,2.3316,2.6532,0,2.3316,2.3316,4.8694,0,2.5378,1.1391,69.62,9.5327,0,0,2.3316,7.638,0,0.34737,0.62105,0.031579,0,0,0,1,0,0,0,0,1,0,0,0
2.3572,1.5881,5.9767,10.948,13.149,41.339,4.9929,6.5431,5.1116,7.6105,0.38381,9.5113,4.7522,4.1423,7.0106,8.1834,21.105,15.078,5.0963,3.4835,15.01,6.627,7.3451,4.9828,7.2575,5.4989,8.7183,11.093,23.723,8.8883,5.2347,12.813,4.4453,0,0.22642,0.54717,0.056604,0.16981,0,0,1,0,0,0,0,1,0,0,0
6.4914,4.2848,7.7971,7.1812,12.441,24.62,12.826,6.1156,5.9424,7.5389,4.7619,7.2715,8.6997,5.8428,5.6874,11.266,12.367,11.842,6.0258,8.078,16.022,6.8977,10.526,6.4369,11.83,5.8831,8.5234,5.0415,15.072,5.7856,10.104,13.624,7.1733,0,0,0,1,0,0,0,1,0,0,0,0,1,0,0,0
9.9989,3.9748,6.5953,7.3406,4.4605,28.073,16.379,10.967,2.9977,5.3184,3.8946,4.3617,15.924,7.5895,3.3165,13.975,12.93,16.93,5.9371,7.1123,7.4909,4.4332,6.3753,7.5895,14.92,12.855,13.225,12.95,10.52,3.7034,1.1357,8.0295,8.696,0,0.84337,0.072289,0.024096,0.060241,0,0,1,0,0,0,0,1,0,0,0
1.3685,1.2894,4.5369,2.6324,2.5788,65.22,3.6312,8.5952,5.5315,4.6162,0,3.4907,2.6579,4.9997,3.8682,12.09,44.19,15.712,3.5956,1.774,0,7.6224,2.6579,7.3887,3.5163,2.3418,8.3701,47.25,10.462,0,3.5165,1.7168,12.78,0,0.5,0.28,0.05,0.17,0,0,1,0,0,0,0,1,0,0,0
0,1.1813,12.068,2.5306,4.0981,61.063,1.1813,3.9946,7.8056,6.0776,0,5.0612,1.1813,2.588,4.408,20.591,24.788,25.385,1.4066,0.864,0,13.727,2.588,9.5369,3.7119,0,19.127,30.067,7.7639,1.7354,1.1813,6.4678,17.82,0,0,0,0.63235,0.36765,0,0,1,0,0,0,0,1,0,0,0
0.41579,25.153,28.825,6.3335,12.487,13.085,5.0454,5.3833,1.8406,1.0137,0.41805,11.441,28.003,0.8361,11.258,3.8445,4.5188,20.136,2.6625,0.83158,2.4826,13.985,31.635,8.3718,26.994,6.3405,0.83384,4.4889,4.9179,6.5731,4.9562,3.0365,1.8521,0,0.3945,0.6055,0,0,0,0,1,0,0,0,0,1,0,0,0
0.4181,5.6624,4.6281,2.201,2.5319,14.531,26.52,35.906,2.7962,4.5409,0.26462,1.7835,1.4374,1.4371,5.5,27.497,29.6,14.506,13.288,2.4201,2.1138,0.4181,1.0193,28.841,23.539,21.997,6.0912,0.83587,0.8835,2.4659,9.1051,2.8028,2.4201,0,0,0,0,1,0,0,1,0,0,0,0,1,0,0,0
0.27516,5.7035,6.2709,7.4115,2.7051,18.8,19.588,28.004,4.6274,5.9541,0.66047,2.0975,2.8923,4.7491,7.4641,21.95,23.718,15.918,11.638,3.9094,3.8752,1.7871,2.3441,26.513,17.182,13.804,8.9922,2.235,1.5232,6.0382,10.956,6.1799,4.2314,0,0,0,0.051724,0.94828,0,0,1,0,0,0,0,1,0,0,0
0,3.3377,3.9954,1.1705,0.70765,16.965,32.524,28.046,6.5797,6.6739,0,0,0.67946,6.5515,9.8956,31.94,26.368,13.644,8.3353,1.8781,0.70765,0,0.67946,26.783,20.637,15.837,15.814,0.58524,2.4658,0.58524,8.7686,5.9662,1.8781,0,0,0,0.018868,0.98113,0,0,1,0,0,0,0,1,0,0,0
2.4935,9.4943,6.5545,6.488,3.2282,16.443,19.437,18.643,3.9133,12.385,0.92055,11.26,4.3358,6.5929,9.0803,18.567,19.384,15.289,10.711,1.3621,1.6525,1.766,2.3296,18.311,17.259,10.513,12.543,3.5383,0.42878,7.5194,14.664,11.591,1.3035,0,0,0,0.045455,0.95455,0,0,1,0,0,0,0,1,0,0,0
0,3.1993,5.1627,10.312,5.1461,15.382,28.995,26.656,2.495,2.6529,0,0.9515,2.1242,5.642,10.01,24.181,26.93,10.252,9.9149,2.6638,5.4279,1.903,1.1727,21.956,22.459,16.751,7.9146,2.2834,4.8645,8.6983,7.3146,3.9218,2.6638,0,0,0,0.037037,0.96296,0,0,1,0,0,0,0,1,0,0,0
0.68478,8.0188,9.7226,5.7945,4.5599,16.67,21.811,16.555,6.6192,7.8529,1.7111,5.6516,1.3152,3.1457,10.884,26.565,24.662,9.1979,8.4073,2.8253,5.2823,2.0634,1.4411,22.102,21.124,14.103,7.3736,1.4004,1.3472,7.4801,13.118,7.3137,3.1967,0,0,0,0.040404,0.9596,0,0,1,0,0,0,0,1,0,0,0
0,0,3.265,7.0176,1.4892,53.583,30.566,1.0197,3.0592,0,0,12.81,1.0197,4.7652,8.1742,14.831,24.007,19.957,6.6856,7.7502,0,0,3.265,3.265,3.265,10.747,34.509,31.207,9.6634,2.0395,0,1.0197,1.0197,0,0,0.37288,0.30508,0.32203,0,0,1,0,0,0,0,1,0,0,0
0,0,1.0325,1.0325,2.8255,57.627,37.483,0,0,0,0,1.0325,0,19.157,5.1751,4.8905,19.081,27.65,14.26,8.7542,0,0,1.0325,1.0325,3.643,10.872,42.902,27.621,12.897,0,0,0,0,0,0,0.5,0.30435,0.19565,0,0,1,0,0,0,0,1,0,0,0
0,0,0,0,1.4271,67.269,28.375,0,0,2.9293,0,2.9293,2.9293,18.06,12.047,4.3564,16.099,30.106,6.138,7.3357,0,0,0,0,0,8.7628,52.723,22.112,13.474,2.9293,0,0,0,0,0,0.089286,0.55357,0.35714,0,0,1,0,0,0,0,1,0,0,0
8.6902,4.3902,1.8705,6.0279,1.8705,39.296,32.893,2.3647,0,2.597,0,19.525,4.2352,11.627,10.561,17.38,4.3641,12.108,6.0795,11.106,2.3647,0.64925,1.2212,0.64925,9.9114,23.903,27.995,16.731,3.0656,1.9478,5.5337,6.6771,2.3647,0,0,0.23333,0.4,0.36667,0,0,1,0,0,0,0,1,0,0,0
0,0.4046,3.4431,5.9056,4.7876,51.56,25.352,1.8734,6.0398,0.63392,0,9.4575,2.403,13.647,5.4112,10.234,20.432,17.996,12.396,4.7392,0.74405,2.5415,2.2796,2.8092,3.7807,15.907,21.693,30.121,12.249,5.315,1.3062,3.037,1.5014,0,0.0090909,0.77273,0.16364,0.054545,0,0,1,0,0,0,0,1,0,0,0
0,0.88328,2.8616,4.5536,3.9426,56.649,28.746,0.45141,1.9128,0,0,4.414,1.0099,12.159,10.48,9.5947,21.564,22.141,9.4756,7.7933,0.80875,0.55852,2.3031,2.8616,3.3411,7.9298,35.494,23.885,17.32,3.9621,1.4418,1.0099,0.45141,0,0,0.54955,0.25225,0.1982,0,0,1,0,0,0,0,1,0,0,0
0.42434,0.68327,7.2231,7.901,10.574,44.014,12.673,4.0485,6.8427,4.1289,1.4869,11.287,3.5802,4.5196,6.5019,13.605,21.062,14.24,7.6416,3.8753,8.1263,5.5607,9.3645,3.7316,5.8626,5.2992,9.8261,18.081,21.103,7.8535,5.7208,10.09,3.0682,0,0,0.067227,0.92437,0.0084034,0,0,1,0,0,0,0,1,0,0,0
1.7989,1.7989,5.2479,13.062,12.54,43.334,16.447,0.7788,1.4772,1.3775,2.1378,7.1193,5.6567,12.587,4.9811,15.706,17.753,12.517,8.6576,6.7555,4.0058,4.2606,5.4623,4.2911,4.1994,5.0234,16.475,15.668,20.877,10.275,9.091,4.9516,3.686,0,0,0,0.9404,0.059603,0,0,1,0,0,0,0,1,0,0,0
0,0.65262,0.58026,2.6311,6.9043,53.274,35.957,0,0,0,0,1.8855,0,10.125,7.2158,9.463,28.419,19.146,8.7506,13.597,1.3982,0,0.58026,0.58026,1.4418,13.311,34.331,25.252,20.402,3.4491,0.65262,0,0,0,0,0.69318,0.23864,0.068182,0,0,1,0,0,0,0,1,0,0,0
0.51718,6.1363,2.8855,11.223,2.7336,37.799,23.307,5.9154,0.41065,8.5102,0.56257,26.476,11.76,12.368,3.8133,8.1453,2.2663,22.002,6.7364,0.41065,5.5047,0.51718,2.3683,2.3117,2.7336,15.29,36.238,4.8603,0.56257,6.4573,11.371,12.302,5.5047,0,0,0.54098,0.27869,0.18033,0,0,1,0,0,0,0,1,0,0,0
0.83945,2.6654,1.2985,13.81,8.9009,48.416,18.069,3.8016,0,1.4448,0.75395,7.5295,4.4222,6.5405,6.2349,14.628,22.101,20.057,8.8611,1.8149,4.9216,2.8896,0.54457,4.5555,3.3734,9.5541,18.373,19.356,18.762,9.4729,11.796,3.3734,0.83945,0,0,0.052632,0.56842,0.37895,0,0,1,0,0,0,0,1,0,0,0
0.88421,7.7133,7.3524,4.3881,4.8179,31.433,14.898,9.9479,6.3635,9.4886,2.7134,14.594,3.5779,8.5026,7.0979,17.533,11.704,16.886,10.025,2.5886,5.9315,1.5606,3.7695,13.382,10.483,10.56,19.255,2.8205,2.9397,6.0575,18.826,8.7198,3.1869,0,0,0.27451,0.58824,0.13725,0,0,1,0,0,0,0,1,0,0,0
0.93094,9.2594,14.108,6.0787,3.9179,24.203,11.078,9.5555,6.87,11.17,2.8286,12.701,4.1842,6.904,9.6365,12.613,15.46,12.999,9.9109,1.7706,7.0082,6.8135,6.3875,14.094,10.318,7.8332,9.4703,4.4672,5.8137,10.226,15.057,13.141,3.1936,0,0,0.24752,0.75248,0,0,0,1,0,0,0,0,1,0,0,0
3.5735,5.2602,3.9647,8.1115,1.1733,36.224,22.325,5.0037,1.2767,11.358,1.7305,23.415,5.0867,11.968,7.3316,13.328,5.2409,15.332,8.8655,3.2448,4.5814,1.6054,3.2137,3.7484,3.9958,16.013,21.866,10.259,4.428,5.8689,15.434,11.447,3.727,0,0,0.37681,0.14493,0.47826,0,0,1,0,0,0,0,1,0,0,0
6.5505,9.6519,5.5441,2.1608,4.397,40.734,16.235,1.28,2.393,9.47,1.5831,19.731,4.6348,12.621,11.925,19.415,3.6862,14.024,4.6769,6.157,1.6297,1.4994,3.9511,3.6875,10.14,19.217,21.744,14.15,2.4324,6.6806,12.34,5.2322,0.42491,0,0.026316,0.44737,0.23684,0.28947,0,0,1,0,0,0,0,1,0,0,0
2.0161,10.889,8.2535,6.3367,5.0027,34.319,10.759,5.1128,6.257,9.8389,1.2151,20.17,4.5981,8.3187,7.791,7.8484,11.943,18.99,8.8807,1.2527,5.6704,4.5382,5.0412,4.9968,6.4479,12.213,13.086,9.3656,7.6231,8.4483,18.582,11.97,2.2271,0,0.14286,0.3619,0.42857,0.066667,0,0,1,0,0,0,0,1,0,0,0
0.408,6.8331,14.816,5.6391,4.024,37.231,5.1957,3.5298,8.5195,11.243,2.5603,13.78,3.3724,5.9306,5.5115,7.4132,22.101,13.545,10.441,1.0539,8.2893,8.5615,6.6647,9.4387,7.6093,4.3226,4.8845,15.387,11.851,9.4962,16.334,10.489,3.5228,0,0.22881,0.39831,0.37288,0,0,0,1,0,0,0,0,1,0,0,0
0.44278,7.7577,15.553,3.3906,3.3982,40.198,9.1069,0.63969,6.3918,9.524,3.5971,19.117,2.6525,10.588,5.2761,7.3858,22.133,13.407,10.612,0.32778,3.8163,4.6852,11.411,6.0078,3.1844,7.0272,12.964,14.578,13.06,7.7744,12.165,10.228,1.6001,0,0,0.86842,0.11842,0.013158,0,0,1,0,0,0,0,0.67105,0.32895,0,0
0,6.1012,8.6663,0,1.0411,70.226,2.4898,1.4445,3.7473,5.2647,1.0193,10.395,0.5436,6.5769,3.0074,3.3371,47.858,15.331,3.8883,1.0081,2.3472,5.7076,5.6187,5.6221,0.94874,3.551,4.1912,32.201,31.037,3.3665,8.3845,4.2691,0.81029,0,0.015152,0.98485,0,0,0,0,1,0,0,0,0,0,1,0,0
0,2.3667,13.991,0.96766,0.54565,67.612,2.0712,0.90147,5.767,4.9322,0.84512,9.4202,1.3452,5.8203,2.1242,4.2189,49.952,9.4074,6.3694,1.9909,3.749,5.6023,12.04,1.0546,2.1669,2.7443,1.9897,41.591,21.848,3.5965,5.4275,5.0688,2.4734,0,0.042254,0.95775,0,0,0,0,1,0,0,0,0,0,1,0,0
13.919,7.4006,1.6078,6.3271,8.9906,32.316,14.253,7.8744,1.3216,3.8369,2.1522,7.4918,13.667,4.5779,6.2113,9.2223,13.092,19.973,7.2588,5.5827,10.865,2.0587,4.6996,3.2103,13.885,11.719,19.816,15.836,5.4762,6.1249,6.7834,7.3498,5.099,0.67368,0.22105,0.094737,0.010526,0,0,0,0.87368,0.12632,0,0,0.6,0.4,0,0,0
7.7077,6.5112,7.8432,8.5261,14.561,16.314,12.047,11.492,4.4522,4.455,6.0907,8.0715,10.374,6.4054,7.8864,9.0204,6.4001,10.097,8.8574,9.4948,16.709,6.6832,7.8778,10.85,14.208,6.802,10.283,1.5127,5.7698,6.4761,11.415,12.564,12.242,0.9697,0.030303,0,0,0,0,0,0.9798,0.020202,0,0,0.59596,0.40404,0,0,0
12.255,4.9163,2.4781,3.3292,6.6816,22.48,15.996,14.118,6.8752,4.6989,6.1726,4.3607,11.786,6.8681,6.2236,8.871,9.6716,15.887,7.2748,8.0396,15.964,5.0533,8.5267,8.8328,10.918,11.868,11.014,7.2493,10.714,4.1613,6.9649,10.218,9.5328,0.13684,0.46316,0.084211,0.094737,0.22105,0,0,0.93684,0.063158,0,0,0.13684,0.86316,0,0,0
5.7942,4.6713,13.883,8.4329,15.872,15.634,6.0579,4.3286,6.9197,9.5225,8.8837,13.123,7.6354,2.5115,9.045,8.1693,8.9317,10.941,10.161,8.6985,8.5445,12.239,5.9704,13.86,5.0274,3.4572,4.7222,5.6101,10.533,9.8412,11.131,16.033,13.814,0.7,0.3,0,0,0,0,0,1,0,0,0,0.1,0.9,0,0,0
5.6693,5.7221,7.8984,8.1582,17.467,16.462,6.7828,8.8466,9.6771,4.2645,9.0525,11.078,8.9844,3.9815,9.586,9.4507,5.9,7.6754,8.1908,7.4786,18.216,9.4589,8.5277,10.722,8.4293,3.2223,5.966,1.829,6.3308,8.5714,15.298,15.352,15.752,0.97468,0.025316,0,0,0,0,0,1,0,0,0,0.17722,0.82278,0,0,0
4.4065,5.1398,12.29,7.775,17.063,15.053,7.5288,9.6748,7.3473,4.4248,9.2964,9.7635,8.5804,4.2593,11.6,10.086,7.6165,6.8819,7.1332,9.7358,15.84,8.5028,8.7964,14.688,10.607,4.5714,5.5462,3.5105,4.2114,8.4236,15.2,12.244,12.201,0.97674,0.023256,0,0,0,0,0,0.97674,0.023256,0,0,0,1,0,0,0
0.36545,2.4344,6.5981,15.825,8.7133,41.623,13.126,6.8445,1.4766,1.5698,1.4235,2.7949,5.3546,4.2039,9.6902,19.924,21.313,11.504,5.2666,2.8025,13.628,3.5182,2.4382,9.748,8.2308,11.662,7.7031,9.5152,17.386,13.155,10.126,6.19,3.8466,0,0,0.018182,0.95455,0.027273,0,0,1,0,0,0,0,1,0,0,0
0,4.7229,10.038,9.4172,5.7705,20.335,26.196,15.38,2.4848,4.5141,1.1424,2.1563,3.6988,1.4891,10.031,19.597,21.867,14.294,11.135,0.95026,10.031,4.751,2.6599,19.016,20.08,15.237,7.0313,1.2553,4.5031,8.9534,11.504,7.4138,2.3462,0,0,0,0.48193,0.51807,0,0,1,0,0,0,0,1,0,0,0
0,6.1304,14.151,12.974,21.891,28.812,13.255,2.1976,0,0.58836,0,15.838,12.464,0,27.125,8.0206,6.1304,13.282,1.6872,0,1.0988,14.354,17.14,11.084,12.464,7.2292,0,16.041,7.2292,18.516,8.5311,1.1767,0.58836,0,0.11111,0.88889,0,0,0,0,1,0,0,0,0,1,0,0,0
0,20.935,28.887,4.8848,11.621,14.48,8.8995,6.2588,2.3217,1.7132,0,11.272,24.842,0.53772,12.147,7.2255,1.7132,18.182,2.7809,0,2.233,19.067,35.368,4.5446,24.313,4.5648,0,10.005,4.394,3.8271,5.9702,4.7625,2.2509,0,0.53623,0.31884,0.072464,0.072464,0,0,1,0,0,0,0,1,0,0,0
0.64611,3.6385,12.57,12.538,15.665,22.642,9.8771,7.3494,6.9835,1.0764,7.0145,19.486,18.169,1.9154,6.8011,11.492,4.6787,14.215,7.4959,0.51926,6.8224,8.4057,12.958,16.777,5.0427,3.6443,6.093,1.2807,18.157,8.6048,4.7725,17.384,5.2859,0,0.076923,0.56044,0.35165,0.010989,0,0,0.43956,0.56044,0,0,0,0.010989,0.98901,0,0
2.6729,9.9878,17.452,7.1722,14.509,17.467,11.426,6.6345,6.4651,3.7077,2.5059,17.925,14.321,1.3708,20.136,6.4644,8.34,8.6717,6.2487,2.985,3.7048,9.8328,14.814,12.34,14.73,7.3358,2.7304,7.6688,6.5932,6.4981,9.3869,9.8726,8.0301,0,1,0,0,0,0,0,1,0,0,0,0,1,0,0,0
1.9572,7.365,15.467,7.1998,18.222,18.784,7.477,10.451,7.2713,3.491,2.3143,12.581,10.103,2.0319,21.638,8.0953,7.4843,15.143,4.7646,2.3927,4.0589,11.708,14.852,12.979,10.531,6.3867,2.9109,7.4639,11.009,7.3413,13.798,4.3028,8.4252,0.021505,0.88172,0.075269,0.021505,0,0,0,1,0,0,0,0,0.96774,0.032258,0,0
1.3411,5.055,12.443,11.212,13.731,20.703,12.854,7.5416,6.9895,3.7027,4.4276,20.66,11.954,3.6135,10.83,8.0577,7.2837,12.489,6.0569,1.8126,4.8315,12.411,19.226,14.799,10.192,7.1143,6.5563,2.8384,10.902,7.1064,3.9278,10.46,6.8774,0,0.63265,0.28571,0.081633,0,0,0,0.93878,0.061224,0,0,0.59184,0.38776,0.020408,0,0
1.1375,4.6531,12.52,11.872,11.532,15.182,17.888,7.6572,12.128,1.4583,3.9715,19.837,13.061,2.2237,9.7208,10.354,6.4682,16.192,5.5753,0.59885,3.8942,12.074,19.963,19.153,7.2124,5.9147,8.9807,0.23528,8.021,4.8395,1.5557,16.022,8.1017,0,0.2439,0.69512,0.060976,0,0,0,0.18293,0.81707,0,0,0,0.036585,0.96341,0,0
2.5265,3.5894,16.49,12.277,11.312,19.093,13.775,7.5579,7.726,3.0113,2.6425,19.488,12.902,1.3024,8.3544,11.14,8.0205,15.643,6.3337,1.9694,6.4256,8.4212,16.087,17.928,6.7814,6.1654,5.7311,2.8567,8.0834,6.6022,9.9064,13.578,6.2801,0,0.06,0.39333,0.48667,0.06,0,0,0.78667,0.21333,0,0,0,0.24667,0.75333,0,0
0.95513,4.8925,13.151,13.934,11.363,22.876,6.9968,9.4389,9.8467,3.2325,3.3136,19.964,11.798,3.1457,3.3407,9.075,11.302,13.159,10.175,1.496,8.4867,8.0587,9.8315,16.934,2.6688,6.2019,8.4949,1.8871,9.6152,6.0778,9.163,16.126,13,0,0.012821,0.076923,0.79487,0.11538,0,0,0.98718,0.012821,0,0,0,0.038462,0.96154,0,0
1.73,5.6558,13.672,9.1325,11.74,28.77,10.062,7.9725,5.7839,3.0174,2.4644,18.96,8.0348,3.2246,8.4032,10.832,18.756,9.5065,7.6513,2.8166,7.4446,4.3698,8.7582,15.154,3.5834,7.1793,9.7632,8.0402,8.5867,7.7554,11.818,9.5807,9.7801,0,0,0.24074,0.75926,0,0,0,1,0,0,0,0,0,1,0,0
2.5056,2.3686,8.4458,10.671,16.297,31.97,8.4311,7.572,5.027,5.0568,1.6553,8.267,8.9285,6.2925,5.5856,10.918,18.105,9.2537,5.3731,5.8139,15.158,6.3047,6.9335,8.2455,7.2106,3.6248,4.8941,11.522,17.213,11.109,9.4127,12.512,7.3222,0.027778,0.0092593,0.0092593,0.9537,0,0,0,1,0,0,0,0,1,0,0,0
1.5138,3.3488,10.004,10.598,16.845,30.905,7.5035,2.9619,4.9738,4.8855,6.4612,11.228,5.2181,3.9668,6.6562,11.694,18.213,12.271,7.8037,6.3497,8.0062,8.5936,6.7177,8.5191,4.3906,2.935,6.5909,11.403,17.41,10.021,14.585,9.7612,7.6659,0.027523,0.018349,0.055046,0.89908,0,0,0,1,0,0,0,0,1,0,0,0
3.5113,5.1944,8.6205,8.1979,18.507,17.891,5.9092,5.9381,12.476,7.2314,6.5237,12.969,6.3371,2.2982,13.483,12.271,10.361,6.6245,8.833,7.9054,10.898,8.0193,5.1301,11.894,7.0577,2.3503,6.1903,8.5078,7.3948,7.7047,15.661,15.848,12.261,0,0.59677,0.40323,0,0,0,0,1,0,0,0,0,1,0,0,0
5.191,3.9005,9.3447,7.9129,20.541,20.301,6.0624,4.1525,8.6113,3.5633,10.42,12.838,9.8059,2.0517,13.575,9.8806,12.537,7.9519,6.4155,6.378,8.3058,10.261,7.1683,8.4301,6.5476,2.1121,4.8948,5.3582,10.76,11.297,16.046,12.409,14.977,0.026087,0.4,0.43478,0.086957,0.052174,0,0,1,0,0,0,0,0.96522,0.034783,0,0
1.4909,2.3407,6.2191,16.235,14.476,41.027,5.679,1.2832,4.4181,4.2687,2.5614,7.3072,7.3701,3.6692,7.0377,12.515,21.085,13.781,6.6313,4.3963,8.1995,8.0082,3.7277,3.3766,3.9725,2.7954,11.274,12.024,17.896,15.401,14.819,10.253,4.4608,0.0075188,0.037594,0.022556,0.93233,0,0,0,1,0,0,0,0,1,0,0,0
0,1.6615,9.4258,16.539,9.3261,38.855,11.391,4.7062,4.1201,2.7101,1.2657,2.462,6.3567,2.6814,10.832,10.382,21.535,13.747,5.6654,2.3082,16.188,7.8426,3.7027,6.4813,9.2792,5.8688,9.7604,10.435,13.358,12.899,12.365,9.3519,6.4987,0,0.04878,0.35366,0.59756,0,0,0,1,0,0,0,0,1,0,0,0
1.343,1.3421,8.0865,12.719,13.236,44.688,4.8797,1.892,4.4731,3.4134,3.9269,7.424,7.0174,1.2631,6.51,14.036,26.847,9.7147,5.3503,4.4813,9.4718,7.884,3.1305,5.3902,4.2388,3.3139,7.8146,17.315,19.015,11.609,13.848,9.5022,4.823,0.041667,0.025,0.016667,0.9,0.016667,0,0,1,0,0,0,0,1,0,0,0
0,0.51807,6.5642,9.6523,14.804,47.224,12.235,2.056,3.3715,2.8806,0.69397,1.9126,7.8754,4.2929,9.5356,10.232,29.572,9.1644,8.2955,2.4144,8.7486,7.9567,2.4179,3.594,8.7634,4.5515,11.407,16.091,18.283,9.213,11.497,9.7107,4.4718,0,0,0.008547,0.99145,0,0,0,1,0,0,0,0,1,0,0,0
0,2.3335,14.032,9.6537,7.5978,46.903,6.0811,2.0466,4.643,5.554,1.1553,4.6297,7.0484,2.8633,6.9832,10.599,29.705,8.7186,3.8255,2.8126,11.505,11.308,4.9908,6.1338,10,4.9558,7.3428,17.487,15.395,13.989,7.4834,8.3101,3.9118,0,0.089109,0.19802,0.71287,0,0,0,1,0,0,0,0,1,0,0,0
3.7102,3.6037,13.613,8.2605,18.503,18.172,6.9616,12.245,7.7753,2.8541,4.3018,15.182,7.041,2.1772,18.802,10.965,9.0004,8.3103,10.632,1.7875,7.959,8.1433,12.98,11.439,5.8277,4.9672,2.8867,9.5972,10.244,6.4562,13.83,10.171,11.602,0.033708,0.30337,0.61798,0.033708,0.011236,0,0,0.95506,0.044944,0,0,0,0.86517,0.13483,0,0
0.86794,4.1624,12.781,3.2537,10.003,45.715,4.1379,6.7744,4.1748,7.1959,0.93365,12.683,4.4978,1.3016,10.943,15.515,18.672,15.908,7.7327,1.2691,1.1415,10.336,8.2612,8.2505,5.5135,4.7057,10.72,24.092,8.2751,3.3174,6.2425,8.6039,12.018,0,0.24,0.12,0.36,0.28,0,0,1,0,0,0,0,1,0,0,0
3.3882,1.368,6.9624,10.366,20.235,36.365,7.667,1.1181,6.6858,3.2628,2.5813,9.4187,5.7604,2.8564,10.501,12.229,25.992,10.653,10.173,2.4824,5.4331,4.5014,4.6518,3.3931,4.5042,5.6138,8.0943,13.877,16.403,12.939,16.385,10.273,3.8668,0,0.02381,0.02381,0.88889,0.063492,0,0,1,0,0,0,0,1,0,0,0
0.49321,1.1529,5.3498,8.4186,16.56,41.155,17.818,2.0346,3.504,2.8314,0.68302,5.8843,10.365,5.4263,6.5553,13.315,24.999,8.7522,10.489,1.0756,6.3173,6.8212,2.034,2.5137,12.095,9.345,11.69,12.82,14.957,9.1447,11.425,12.104,1.8721,0,0.013333,0.026667,0.96,0,0,0,1,0,0,0,0,1,0,0,0
1.4637,2.4977,9.7668,12.652,9.8121,42.696,5.4277,7.947,4.4376,2.6672,0.63211,13.492,7.8602,3.0751,6.527,10.808,21.971,14.344,8.8976,1.613,7.1355,4.276,3.5114,8.8967,2.1016,6.0918,16.988,9.5343,14.083,6.3091,11.674,11.423,9.3879,0.069767,0.15116,0.62791,0.15116,0,0,0,0.84884,0.15116,0,0,0,0.7093,0.2907,0,0
0.36149,6.0226,6.6069,5.845,13.766,39.708,6.5974,5.4553,6.0288,7.2764,2.3319,14.854,5.543,6.1069,5.7621,6.1592,28.454,8.0094,8.6552,3.2247,7.4959,5.7355,2.9022,7.4224,2.9356,8.2726,9.7803,21.978,3.6971,8.8727,16.894,12.242,5.003,0.19718,0.59155,0.1831,0.028169,0,0,0,0.19718,0.80282,0,0,0,1,0,0,0
0.27499,4.0644,11.175,12.752,7.9394,31.263,11.142,6.3538,8.4518,4.991,1.5919,6.2516,4.5852,3.7034,9.4301,11.825,22.128,11.058,8.1051,3.5303,12.821,6.5623,4.7785,10.78,11.423,6.9974,6.731,7.3622,10.055,14.041,11.737,10.965,5.1305,0,0.044444,0.14815,0.80741,0,0,0,1,0,0,0,0,1,0,0,0
0,4.2441,14.047,2.4719,4.192,48.537,5.7661,1.3627,10.926,6.3342,2.1195,10.784,1.7772,4.4686,4.0286,7.1605,36.188,8.2608,6.931,1.1247,7.2655,12.011,5.481,4.6901,7.9924,2.5934,4.7944,29.717,14.122,7.4815,6.3593,10.054,6.7142,0,0,0.085938,0.8125,0.10156,0,0,1,0,0,0,0,0.99219,0.0078125,0,0
0,4.5127,20.91,2.7823,1.9649,51.619,2.3432,0.95784,9.1635,4.3124,1.434,9.52,3.7359,7.249,3.894,6.7634,39.344,6.6248,5.349,2.1474,6.9513,8.4213,11.418,7.4781,4.1888,4.4253,3.107,29.687,18.673,5.2496,7.0462,6.306,2.4209,0,0,0.98507,0.014925,0,0,0,1,0,0,0,0,0.19403,0.80597,0,0
0,2.8121,17.01,3.1533,4.6798,49.159,8.2443,0.91492,7.9403,4.0978,1.9887,8.1532,4.3923,4.5918,4.5557,8.525,35.461,7.6035,4.9219,1.5703,8.2143,12.011,6.1513,6.4246,9.1805,4.1229,7.3774,32.036,12.632,5.1982,5.0213,6.698,5.157,0,0,0.0075188,0.32331,0.66917,0,0,1,0,0,0,0,1,0,0,0
0,3.5416,21.822,1.4813,0.69175,55.118,5.7739,0.23058,4.6773,4.9409,1.7236,8.9389,4.1055,2.5791,1.1576,11.206,46.927,5.5186,2.686,0.69648,7.7828,8.4021,9.8065,6.6033,11.093,1.8938,3.363,41.339,14.333,3.7717,1.4408,3.6929,2.6626,0,0,1,0,0,0,0,1,0,0,0,0,0.14286,0.85714,0,0
0,1.2155,12.695,3.3837,0.85729,67.314,3.0803,0.19462,7.7064,3.0151,0.53851,6.0714,4.0864,3.0796,1.4617,10.744,54.704,3.5278,1.8485,1.8731,4.3814,8.2222,8.5583,5.217,2.5864,1.9346,1.8833,46.434,19.959,2.6496,2.1292,4.9884,3.66,0,0.089744,0.91026,0,0,0,0,1,0,0,0,0,0,1,0,0
0,3.7632,18.576,2.1539,0,60.005,2.273,0,8.922,3.2586,1.0477,9.0992,4.5832,3.8889,0,14.229,48.479,3.762,1.9155,0.53881,3.3755,10.129,7.45,5.2694,9.6302,3.423,0.99403,46.28,14.022,2.5076,2.2584,4.1726,3.9929,0.31481,0.22222,0.46296,0,0,0,0,1,0,0,0,0,0.31481,0.68519,0,0
0,2.8259,15.446,2.866,4.1447,51.333,7.9276,0.9265,4.7219,7.4154,2.3931,10.499,5.8234,3.8002,3.536,9.9653,34.437,9.2906,7.7588,0,8.2653,6.625,3.8462,5.988,13.004,3.1786,11.331,27.766,13.375,9.6759,2.8647,8.0245,0.94569,0,0,0,0.42029,0.57971,0,0,1,0,0,0,0,1,0,0,0
0,5.5589,23.632,0.33001,0.33001,48.209,5.4026,0.33001,11.519,3.6438,1.0444,8.9906,8.6276,2.8277,0.33001,5.6422,39.498,11.474,9.552,0,4.0521,9.0064,4.8773,9.72,15.453,2.2618,6.629,38.163,5.0369,4.5715,5.4068,7.388,0.49315,0,0,0.95238,0.047619,0,0,0,1,0,0,0,0,0.61905,0.38095,0,0
0.24118,5.8755,7.7418,6.4133,5.6816,50.167,4.1544,6.7195,6.1906,5.6438,1.1709,11.09,6.9973,3.9273,3.0346,7.657,27.773,15.623,10.126,1.705,6.2923,5.776,1.0347,8.2904,5.5738,3.9829,15.324,22.364,10.214,7.2222,8.8449,10.307,6.8412,0,0,0.0081301,0.99187,0,0,0,1,0,0,0,0,1,0,0,0
0,5.0036,11.448,2.0446,1.5926,50.626,1.9063,2.4447,14.226,8.6597,2.0491,11.123,7.2075,5.8165,1.5926,8.2874,29.61,11.741,13.347,0,6.0239,5.2505,1.3493,6.5765,9.7332,3.0247,9.4709,27.655,12.668,7.5276,5.074,16.468,0.45207,0,0,0.0077519,0.65891,0.33333,0,0,1,0,0,0,0,1,0,0,0
0,1.7089,18.376,0,0,52.715,4.484,0,9.6714,9.9698,3.0758,10.947,3.735,3.9653,0,13.708,37.84,8.1479,7.1981,0,7.8893,6.5693,4.5737,7.9966,7.8264,2.0257,3.4832,38.92,11.633,9.2266,4.7508,8.3028,1.2613,0.1,0.022222,0.87778,0,0,0,0,1,0,0,0,0,0.1,0.9,0,0
0,7.6522,16.281,0.47351,0.47351,46.502,3.517,0.47351,9.1326,12.615,2.8788,9.2649,8.3027,6.7266,0.47351,9.9285,26.037,10.538,11.819,0,8.1176,8.7927,3.042,5.5872,15.786,1.6058,6.3504,27.664,15.346,9.0859,1.7911,13.742,0,0.17778,0.033333,0.78889,0,0,0,0,1,0,0,0,0,0.2,0.8,0,0
0,1.1441,12.102,0,0,86.754,0,0,0,0,0,3.8749,0,3.8749,0,6.8924,69.094,10.767,2.7308,1.6212,0,1.1441,10.958,2.2881,0,0,0,54.418,32.336,0,0,0,0,0.069767,0.023256,0.83721,0.069767,0,0,0,1,0,0,0,0,0.16279,0.83721,0,0
0,1.5741,11.587,0.84147,0,84.173,0.27879,0,0.98786,0.55757,0,3.5423,0.84147,2.9848,0,2.1132,72.575,8.9282,2.1197,3.7763,0.70907,2.4105,10.424,2.2877,1.1394,0.43028,0,50.925,32.97,0.27879,0,0.55757,0.98786,0.34211,0.078947,0.57895,0,0,0,0,1,0,0,0,0,0.39474,0.60526,0,0
0,2.4717,10.556,2.2533,0,80.854,0.4274,0,2.3191,1.1188,0,4.4298,2.5173,3.575,0.26401,9.7564,62.073,8.3247,2.203,0.26401,2.311,4.2819,8.1901,4.018,2.3,1.2003,0,47.068,33.358,0.69142,0.26401,1.1188,1.7911,0.09375,0.015625,0.89062,0,0,0,0,1,0,0,0,0,0.09375,0.90625,0,0
0,0,0,0,0,100,0,0,0,0,0,0,0,0,0,8.452,91.548,0,0,0,0,0,0,0,0,0,0,87.587,12.413,0,0,0,0,0,0,0.38596,0.12281,0.49123,0,0,1,0,0,0,0,1,0,0,0
0,0,0,0,11.346,88.654,0,0,0,0,0,0,0,0,0,10.666,86.118,3.2153,0,0,0,0,0,0,0,0,0,77.988,13.882,8.1305,0,0,0,0,0,0.35484,0.14516,0.5,0,0,1,0,0,0,0,1,0,0,0
0,0,0,0,0,100,0,0,0,0,0,0,0,0,0,5.1435,94.856,0,0,0,0,0,0,0,0,0,0,96.493,3.5074,0,0,0,0,0,0,0.97122,0.028777,0,0,0,1,0,0,0,0,1,0,0,0
0,0,0,0,11.573,88.427,0,0,0,0,0,0,0,0,0,8.0009,90.136,1.8634,0,0,0,0,0,0,0,0,0,84.701,6.6694,8.6299,0,0,0,0,0,0.94915,0.050847,0,0,0,1,0,0,0,0,1,0,0,0
0,0,0,0,23.964,76.036,0,0,0,0,0,0,0,0,0,6.4161,85.06,8.5244,0,0,0,0,0,0,0,0,0,63.922,16.706,19.371,0,0,0,0,0,0,0.31915,0.68085,0,0,1,0,0,0,0,1,0,0,0
0,0,2.3603,0,17.732,79.908,0,0,0,0,0,2.3603,0,0,0,18.848,54.759,21.673,2.3603,0,0,0,0,0,0,0,0,43.941,42.881,10.818,2.3603,0,0,0,0,0.34694,0.46939,0.18367,0,0,1,0,0,0,0,1,0,0,0
0,0,0,0,20.219,79.781,0,0,0,0,0,0,0,0,0,20.622,64.483,14.895,0,0,0,0,0,0,0,0,0,52.874,37.617,9.5091,0,0,0,0,0,1,0,0,0,0,1,0,0,0,0,1,0,0,0
0,1.625,4.4975,0,27.629,66.248,0,0,0,0,0,6.1226,0,0,1.625,7.9772,65.329,14.448,4.4975,0,0,0,0,0,0,0,0,43.938,36.327,13.613,4.4975,0,1.625,0,0,1,0,0,0,0,1,0,0,0,0,1,0,0,0
0,0,0,0,0,100,0,0,0,0,0,0,0,0,0,0,100,0,0,0,0,0,0,0,0,0,0,98.996,1.0041,0,0,0,0,0,0,1,0,0,0,0,1,0,0,0,0,1,0,0,0
0,0,0,0,1.8207,98.179,0,0,0,0,0,0,0,0,0,3.2935,96.707,0,0,0,0,0,0,0,0,0,0,95.596,3.694,0.71014,0,0,0,0,0,1,0,0,0,0,1,0,0,0,0,1,0,0,0
0,1.4479,31.901,0.75522,0,32.158,22.543,0,8.0819,3.1128,0,3.893,11.307,3.7806,3.1128,14.149,27.197,22.343,9.8911,0,1.423,2.9033,9.9961,14.824,6.3808,25.446,12.652,12.972,6.5346,3.5029,0,6.6265,1.0653,0,0.48485,0.27273,0.060606,0.18182,0,0,0.69697,0.30303,0,0,0.69697,0.30303,0,0,0
0,0,0,0,0,100,0,0,0,0,0,0,0,0,0,0,100,0,0,0,0,0,0,0,0,0,0,100,0,0,0,0,0,0,0,0.95238,0.047619,0,0,0,1,0,0,0,0,1,0,0,0
0,0,0,5.991,13.6,48.77,1.011,19.409,6.4571,4.7618,0,11.191,5.1103,5.9368,5.4416,10.628,31.711,6.6986,2.6721,2.4999,2.7411,15.37,0,5.1315,0,3.6251,14.875,9.7676,17.165,11.923,7.3142,12.535,17.664,0.28333,0.58333,0.11667,0.016667,0,0,0,1,0,0,0,0,1,0,0,0
0,0,0,0,0.91052,99.089,0,0,0,0,0,0,0,0,0,0.91052,99.089,0,0,0,0,0,0,0,0,0,0,99.089,0,0.91052,0,0,0,0,0,1,0,0,0,0,1,0,0,0,0,1,0,0,0
0.62113,3.4188,1.1634,22.152,22.211,46.849,0.8406,2.7449,0,0,0,2.8463,0.8406,2.5765,7.1319,10.874,26.293,9.1906,15.793,3.9873,5.3214,15.145,0,0,3.5855,0,0.62113,29.143,18.248,20.828,14.185,7.2256,6.1636,0,0,0,0,1,0,0,1,0,0,0,0,1,0,0,0
0,3.1417,1.4052,0.68239,7.1892,87.582,0,0,0,0,0,3.8645,0,0.68239,2.4593,6.6862,74.689,8.1662,2.77,0,0.68239,0,0,0,0,0,0,72.479,16.508,5.784,1.4052,0.68239,3.1417,0,0,1,0,0,0,0,1,0,0,0,0,1,0,0,0
1.6257,4.9323,6.0755,5.3818,13.61,66.749,1.6257,0,0,0,0,7.7012,0,1.6809,1.0376,10.951,47.239,10.656,8.8492,1.0376,4.9323,5.9147,0,0,0,0,0,48.861,25.703,8.4583,8.7388,1.6809,6.558,0,0,0.96,0,0.04,0,0,1,0,0,0,0,1,0,0,0
0,0,0,0.63203,4.2988,76.287,1.3834,4.661,10.724,2.0135,0,6.3494,0.81516,2.0154,4.4984,8.7935,58.684,7.7737,1.2603,2.2196,4.1918,3.3988,0,0.63203,0,0,5.818,64.058,7.0288,1.5876,2.0154,6.7735,12.087,0,0,0.98571,0.014286,0,0,0,1,0,0,0,0,1,0,0,0
1.1409,2.663,0,4.0464,7.2756,84.874,0,0,0,0,0,1.2462,0,1.4168,3.1314,2.9056,77.987,4.5482,3.5779,0.74439,1.4168,3.0261,0,0,0,0,1.1409,78.335,6.7419,5.5352,4.167,1.4168,2.663,0,0,1,0,0,0,0,1,0,0,0,0,1,0,0,0
0,0,0.92041,4.4212,2.2182,79.018,0,1.8283,11.594,0,0,5.3416,2.9247,0,2.2182,7.1699,63.932,7.1976,0,4.6226,2.9247,3.6691,0,0,0.92041,0,2.7612,73.32,2.1928,1.1218,0,1.8408,17.843,0,0,0.95918,0.040816,0,0,0,1,0,0,0,0,1,0,0,0
2.8937,5.2999,2.4282,14.066,19.588,51.38,2.3957,1.9482,0,0,0,5.9628,1.049,0.63048,6.5768,8.3766,37.991,7.4462,7.6133,3.467,5.2722,15.614,0,0,1.7417,0,1.9654,36.355,15.996,18.596,14.111,2.6409,8.5948,0,0,1,0,0,0,0,1,0,0,0,0,1,0,0,0
2.5518,0.80338,10.345,11.407,8.5773,39.584,9.0336,7.9451,7.1427,1.5483,1.063,10.702,4.213,7.2287,4.6165,11.73,20.384,11.6,5.1681,4.1815,12.525,7.6515,12.569,7.0834,7.4449,5.3283,6.4433,12.415,20.62,8.2118,4.8162,10.851,4.2165,0.1134,0.20619,0.26804,0.36082,0.051546,0,0,1,0,0,0,0,1,0,0,0
0.56331,0,5.6333,8.6339,6.5349,51.934,6.9534,4.3072,11.911,3.5286,0,13.92,4.7389,3.4923,5.3216,15.092,23.382,13.725,6.107,2.9196,7.7375,3.5638,6.1775,3.9977,3.6317,5.3988,12.574,22.946,22.562,8.5793,1.4089,8.9318,3.7924,0.26829,0.63415,0.02439,0.04878,0.02439,0,0,1,0,0,0,0,1,0,0,0
7.474,5.2497,4.9936,11.418,3.1624,23.53,9.7945,23.097,4.7421,4.1955,2.3433,4.1955,19.946,9.0851,2.7529,8.7735,11.074,10.282,6.9768,4.1955,19.173,3.5449,9.3201,9.7297,21.153,4.1624,12.233,3.688,5.3867,3.9273,5.0962,12.695,12.609,0,0,0.32,0.16,0.52,0,0,1,0,0,0,0,1,0,0,0
3.7365,8.598,2.8458,19.718,16.923,39.492,4.3461,4.3412,0,0,0,6.4583,2.1282,3.6399,3.1575,3.2094,26.028,5.0528,14.078,0.62795,12.417,23.203,0,0,4.5855,0,2.1466,29.416,10.775,11.447,17.535,8.9382,15.157,0,0,0.26471,0,0.73529,0,0,1,0,0,0,0,1,0,0,0
0,0,0,1.3452,0,97.31,0,0,1.3452,0,0,1.3452,0,0,0,3.6175,93.692,0,0,1.3452,0,0,0,0,0,0,0,95.037,2.2723,0,0,0,2.6905,0,0,0.94286,0.057143,0,0,0,1,0,0,0,0,1,0,0,0
0,0,0,0.6722,0,96.692,0,0.65456,1.9813,0,0,0.6722,0.65456,0,0,1.3268,94.256,1.1094,0,0.6722,0.65456,0.65456,0,0,0,0,1.1094,95.583,0,0,0,0,3.3081,0,0,1,0,0,0,0,1,0,0,0,0,1,0,0,0
0,0,2.2859,0.68294,0.58747,83.388,0,3.2059,9.8497,0,0,5.7033,0,1.603,4.9249,7.5361,62.704,8.0326,1.603,0.58747,4.3374,2.9688,1.603,1.603,0.68294,0,2.0488,66.26,7.7732,0.58747,0,7.3062,12.136,0,0,1,0,0,0,0,1,0,0,0,0,1,0,0,0
0,0,0,1.8894,0,83.714,0,1.7911,12.605,0,0,5.4562,1.7911,0,3.5668,3.6805,75.219,1.2479,0,1.8894,5.3579,1.7911,0,0,0,0,1.2479,78.9,0,0,0,3.5668,16.286,0,0,0.94681,0.053191,0,0,0,1,0,0,0,0,1,0,0,0
1.5529,0.55909,0,2.112,5.3515,90.425,0,0,0,0,0,0,0,0.55909,1.5529,2.2458,86.829,4.0303,1.1182,0,0.55909,3.1058,0,0,0,0,3.4712,86.394,0.55909,3.7986,4.6587,0.55909,0.55909,0,0,0.91489,0.085106,0,0,0,1,0,0,0,0,1,0,0,0
0.68712,2.6019,0.68712,11.364,16.042,60.622,2.0044,5.2396,0,0.75219,0,1.3742,2.8897,2.5449,2.6978,8.8672,42.149,6.6008,12.232,3.7051,5.2619,11.677,0,0,2.66,0,3.9927,46.109,11.207,14.763,8.0747,6.2376,6.9562,0,0.029412,0.97059,0,0,0,0,1,0,0,0,0,1,0,0,0
1.1625,0.33661,0,12.19,26.081,46.156,4.6949,6.1735,0.32852,2.8765,0,0.32852,7.0349,5.0662,5.3706,7.3387,25.86,5.1866,15.891,3.2328,6.8283,17.863,0,1.7906,4.7011,0.87792,4.1651,28.057,11.301,17.391,16.606,8.6007,6.5101,0,0,0.83333,0.013889,0.15278,0,0,1,0,0,0,0,1,0,0,0
0.88709,0,0,0.88709,4.0591,76.325,1.3518,7.8957,5.6939,2.9007,0,1.3518,2.9071,1.3518,0.88709,10.257,62.507,5.0628,3.8339,2.285,2.1711,7.3849,0,0,0,0,5.0628,68.241,3.021,3.1721,4.0131,4.9886,11.502,0,0,0.95146,0.048544,0,0,0,1,0,0,0,0,1,0,0,0
0.65089,0,0,4.0653,14.477,56.618,3.2244,11.953,3.1758,5.8361,0,3.5607,8.736,4.8036,2.7064,5.5638,32.895,11.87,6.9968,3.9305,4.131,14.806,0,3.801,0.7352,1.9948,13.853,29.229,8.4247,9.2172,10.608,11.163,10.975,0,0.049383,0.95062,0,0,0,0,1,0,0,0,0,1,0,0,0
0.50321,0.50321,4.7109,2.6511,7.5541,74.108,0,1.0048,6.9345,2.0302,0,5.9543,1.586,0,5.6169,13.302,41.987,17.665,2.8087,0.47752,3.219,7.3837,0,2.5373,2.1735,0.50321,17.351,46.793,8.4258,4.1187,1.0048,5.4768,11.616,0,0,0,0.54023,0.45977,0,0,1,0,0,0,0,1,0,0,0
0.42306,0.42306,1.139,1.312,13.137,68.901,0,2.1,12.564,0,0,6.6151,0.6898,0.70512,9.2884,14.045,41.631,12.924,2.3696,4.2027,4.0748,3.4549,0,1.2372,0.60692,0.42306,11.682,45.717,15.833,7.8164,0.70512,4.1757,11.803,0,0,0,0.54348,0.45652,0,0,1,0,0,0,0,1,0,0,0
0,0,0,3.5411,13.03,56.169,0.54182,11.265,6.503,8.9502,0,7.3368,5.9705,4.5852,4.5473,11.667,35.59,6.1414,5.1438,6.1957,3.2351,9.5877,0,4.0829,0,2.5772,9.3163,31.035,12.214,10.658,6.9041,10.153,13.06,0,0.074627,0.83582,0.044776,0.044776,0,0,1,0,0,0,0,1,0,0,0
0,0,0,3.2177,21.088,41.568,1.8814,12.499,2.7542,16.991,0,7.917,8.2142,11.91,4.6599,12.588,17.116,10.194,4.971,9.2488,3.6793,9.5017,0,2.2175,0,0.56556,8.8736,17.217,12.296,11.124,12.651,22.467,12.589,0.025,0.9125,0.05,0,0.0125,0,0,1,0,0,0,0,1,0,0,0
2.9952,4.9805,2.0768,13.675,28.919,39.723,5.3879,2.2436,0,0,0,4.1537,4.4329,4.1379,7.5002,8.4901,19.591,7.2595,12.668,4.3925,8.2916,19.082,0,0,3.3111,0,3.1619,20.327,18.311,27.96,16.802,1.9486,8.1791,0,0,0,0,1,0,0,1,0,0,0,0,1,0,0,0
1.5487,1.7544,0.64087,19.117,17.707,44.784,1.2097,12.108,0,1.1305,0,1.2817,5.5031,1.0177,2.5104,8.6862,22.601,10.6,14.734,6.0086,6.2046,20.853,0,1.1138,3.3364,0.56879,8.5013,23.264,11.953,12.814,13.963,13.234,11.252,0,0,0.10256,0.025641,0.87179,0,0,1,0,0,0,0,1,0,0,0
0,0,0,3.4288,19.05,49.674,4.9663,15.394,1.8777,5.6088,0,5.2702,13.993,2.9712,2.3866,7.9971,19.971,8.0451,6.751,7.3075,5.9336,19.374,0,5.0154,0.58384,5.0154,7.8379,17.192,7.6743,8.4796,13.25,19.55,15.402,0,0.042553,0.38298,0.06383,0.51064,0,0,1,0,0,0,0,1,0,0,0
0,0,0,4.4608,21.708,39.488,1.5899,18.347,2.3927,12.013,0,6.6736,12.295,9.4132,4.2809,5.457,24.414,9.1149,4.136,5.3661,3.6579,15.192,0,6.0506,0,3.9826,12.49,3.9561,13.487,14.199,11.417,19.64,14.778,0,0,0,0.89796,0.10204,0,0,1,0,0,0,0,1,0,0,0
0,3.3887,18.498,2.4061,0,45.978,13.322,0,16.109,0.29852,0,1.7689,11.744,1.8687,0.58944,11.315,38.123,17.89,7.4732,0.57225,3.2246,5.4293,6.7302,7.7589,4.6449,18.207,23.325,9.2547,13.672,1.0337,0.29852,9.8056,5.2692,0,0,0,0.040404,0.9596,0,0,1,0,0,0,0,1,0,0,0
0,1.6538,17.399,0.47195,0,53.574,4.3848,0,19.805,2.7115,0,3.4409,10.926,3.636,3.0527,14.424,32.191,16.427,10.194,0,1.3964,4.3122,4.8289,9.8003,0.92447,8.3558,27.703,14.367,11.504,3.0762,0,11.958,7.482,0,0.8,0.12727,0.072727,0,0,0,0.49091,0.50909,0,0,0.81818,0.18182,0,0,0
0,6.935,19.308,5.4202,0,39.809,12.238,0,14.05,2.2397,0,5.3376,9.9974,5.9458,4.2085,11.44,27.317,17.917,3.4623,2.2537,4.5165,7.6036,9.9764,10.136,4.7434,17.508,17.924,13.766,9.6566,3.7887,1.2674,5.6973,5.5362,0,0,0,0,1,0,0,1,0,0,0,0,1,0,0,0
0,5.5751,13.44,4.8239,0,48.939,8.0407,0,16.803,2.3792,0,2.998,10.922,5.133,2.4939,10.583,34.875,16.91,2.5219,2.0406,6.433,5.0888,5.2732,9.5898,3.6945,12.184,10.634,17.812,21.287,2.7226,1.7396,10.371,4.6929,0,0,0,0,1,0,0,1,0,0,0,0,1,0,0,0
0,2.8805,20.213,0.94582,0,54.571,9.7962,0,10.383,1.2108,0,2.0844,10.062,3.2176,2.4428,9.7233,45.549,14.28,5.1386,0,2.4797,5.0223,9.261,6.8837,4.5774,13.113,10.958,25.444,18.17,1.6476,0,8.5885,1.3573,0,0,0.98864,0.011364,0,0,0,1,0,0,0,0,1,0,0,0
0,4.4679,14.337,3.4957,0,63.773,3.1755,0,9.4383,1.3133,0,3.7588,5.8545,3.4951,2.235,10.623,49.008,12.419,1.3103,1.2256,4.0906,5.98,10.09,4.4703,1.486,7.872,5.299,36.305,22.508,2.2158,1.2629,5.3905,3.1014,0,0.063291,0.93671,0,0,0,0,1,0,0,0,0,1,0,0,0
0,0,6.8461,2.7598,0.41913,89.556,0.41913,0,0,0,0,1.2913,0.6522,0,1.1027,9.8123,75.243,8.0364,0.66462,0,1.4429,1.7549,6.3324,2.6088,0,0.41913,0.41913,68.364,20.691,0.50053,0.66462,0,0,0,0.037037,0.96296,0,0,0,0,1,0,0,0,0,1,0,0,0
0,3.67,23.351,2.1951,0,50.65,8.7307,0,9.3159,2.088,0,4.8277,7.1991,1.4968,2.168,12.485,42.237,13.831,5.4409,0.59118,2.1178,7.6048,9.8448,11.337,1.178,15.587,12.763,21.793,16.094,3.3318,0.59118,4.1237,3.3572,0.028571,0.085714,0.7,0.11429,0.071429,0,0,1,0,0,0,0,1,0,0,0
0,0.53083,14.16,0.89855,0,81.264,0,0,3.1461,0,0,0,1.5109,0.53083,2.5403,11.308,73.437,3.0645,1.5536,0,0.9801,5.074,8.0702,4.9043,0.53083,2.0844,0,61.957,19.307,0,0,1.5925,1.5536,0,0.042254,0.95775,0,0,0,0,1,0,0,0,0,1,0,0,0
0,2.0449,13.111,2.6818,0,73.447,2.5284,0,5.4385,0.74876,0,1.7397,4.59,1.1949,0.41536,7.3016,66.891,8.0383,2.3052,0.3334,2.65,4.5405,4.1399,8.6844,1.2843,6.2576,2.1173,48.699,22.63,1.0481,0.3334,3.0873,1.7184,0.067797,0.22034,0.71186,0,0,0,0,1,0,0,0,0,1,0,0,0
0,0,2.1132,0,0,96.296,0.53029,0,0.53029,0.53029,0,0,0.53029,0,0.70441,8.528,86.066,2.9363,0.53029,0,0,0.70441,2.1132,0,0,0,3.4666,84.352,9.0075,0,0,1.0606,0,0,0.14545,0.85455,0,0,0,0,1,0,0,0,0,1,0,0,0
0,0,1.5092,0,0.41029,95.22,1.227,0,0.81672,0.81672,0,0,0.81672,0,0.50308,13.305,79.717,4.3375,0.81672,0,0,0.50308,1.5092,0,0,0.41029,4.0452,80.633,11.769,0,0,1.6334,0,0.085714,0.1,0.81429,0,0,0,0,1,0,0,0,0,1,0,0,0
0,9.762,16.705,5.7913,0,39.609,13.419,0,13.532,1.1816,0,3.6039,10.947,5.2711,6.7959,5.4679,29.487,22.527,1.0273,0.80449,7.2248,6.8428,7.1376,10.336,8.3033,17.639,12.223,16.563,9.6708,2.6081,3.8413,6.5957,5.0824,0,0,0,0.025,0.975,0,0,1,0,0,0,0,1,0,0,0
0,6.2583,19.639,6.7818,0,48.307,8.3388,0,10.314,0.36078,0,4.7778,7.6725,7.1822,2.7517,6.8575,37.868,18.134,0.36078,0.70573,5.534,8.1565,11.745,10.569,3.5609,12.245,12.597,22.078,14.691,2.7357,0.49185,4.8918,4.394,0,0,0.83333,0.090909,0.075758,0,0,1,0,0,0,0,1,0,0,0
0,5.862,11.202,10.589,0,42.568,9.2664,0,19.492,1.0205,0,5.2551,5.9657,12.774,6.5365,6.0095,28.981,23.266,0.62256,2.1602,5.4438,2.9847,4.0677,9.4626,6.6492,11.923,4.9433,18.617,17.817,4.5188,3.464,6.6658,11.872,0,0,0,0,1,0,0,1,0,0,0,0,1,0,0,0
0,11.062,21.569,8.6281,0,44.243,7.7095,0,5.9278,0.86088,0,2.0107,11.714,6.5043,5.5952,5.0996,32.798,16.772,1.3119,1.4181,7.8565,8.9198,11.166,12.234,8.0358,10.46,11.518,22.358,11.582,1.1236,3.1568,3.9308,4.4339,0.15789,0.065789,0.63158,0.078947,0.065789,0,0,1,0,0,0,0,1,0,0,0
0,9.7121,20.641,14.545,0,35.455,8.2395,0,10.897,0.5103,0,2.3607,10.963,12.642,6.19,6.1641,23.633,15.303,1.7449,2.6826,8.2794,10.038,8.2058,11.732,11.981,12.021,13.936,13.571,7.3353,2.0568,2.2552,6.7608,10.145,0,0,0,0,1,0,0,1,0,0,0,0,1,0,0,0
0,3.6488,11.211,7.4129,0,67.846,1.8334,0,7.2024,0.84585,0,2.7642,5.7263,5.3479,1.8884,8.0612,53.475,11.627,1.3228,1.2011,4.0981,4.4887,5.6394,8.679,1.1895,4.3981,3.4723,38.887,24.839,2.4608,2.1686,3.8058,4.4607,0,0.045455,0.95455,0,0,0,0,1,0,0,0,0,1,0,0,0
0,3.535,21.213,6.0947,0,53.273,7.6803,0,8.2043,0,0,1.0739,16.68,6.4745,5.5053,2.0826,21.019,15.574,0.82077,0.6309,16.473,13.666,3.4592,8.1781,17.18,19.041,3.7737,16.8,7.1706,1.0739,2.6812,2.2276,18.415,0,0,0,0,1,0,0,1,0,0,0,0,1,0,0,0
0,5.2553,12.237,10.392,0,59.23,3.1272,0,9.3101,0.44905,0,4.0479,5.5406,8.696,3.8706,7.5717,39.021,17.939,3.3966,0.79314,4.6093,4.5134,5.1874,5.6954,6.9853,6.0915,2.8014,33.7,20.252,2.9848,4.4239,4.8586,7.0196,0.17647,0.039216,0.5098,0.13725,0.13725,0,0,1,0,0,0,0,1,0,0,0
0,0,2.864,3.5347,2.6402,89.909,1.0523,0,0,0,0,2.6072,1.4706,0.40736,0.40736,12.175,71.873,7.9322,1.5607,0,1.2974,0.2693,2.5387,1.8919,0,1.0523,1.0523,62.54,25.769,2.7805,1.5607,0.40736,0.40736,0,0.013699,0.9863,0,0,0,0,1,0,0,0,0,1,0,0,0
2.6681,4.9234,8.7213,7.1814,17.956,24.469,3.2007,5.9031,11.751,2.0584,11.168,11.593,7.9585,2.6821,7.8902,13.932,9.9648,9.6594,4.6007,8.978,14.822,7.919,8.5949,7.8774,7.0657,0.82173,7.5266,6.6557,7.8374,10.296,16.75,13.766,12.809,0.475,0.475,0.05,0,0,0,0,1,0,0,0,0.125,0.875,0,0,0
0,0,1.8494,6.2031,8.109,82.866,0.97281,0,0,0,0,2.8684,5.311,0.51404,0.51404,14.238,61.819,11.504,2.3065,0,0.9247,0,1.746,1.0281,0,0.97281,0.97281,59.934,22.3,7.2548,2.3065,2.9718,0.51404,0.25397,0.079365,0.49206,0.031746,0.14286,0,0,1,0,0,0,0,1,0,0,0
2.7092,3.9055,15.791,5.8711,9.9377,23.802,9.9112,9.4992,12.669,2.8231,3.0816,20.07,12.805,3.232,4.0523,10.197,10.179,14.249,8.9174,2.8231,4.1049,9.3693,13.033,15.918,4.752,7.0781,13.049,2.77,9.5356,4.1524,2.7113,14.926,12.075,0,0.94286,0.057143,0,0,0,0,1,0,0,0,0.85714,0.14286,0,0,0
1.0703,2.8144,15.029,12.82,11.416,20.301,15.634,7.8841,5.9172,2.4289,4.6847,19.298,16.234,2.6351,5.3668,13.189,4.3014,16.012,6.0711,1.075,6.9014,8.9165,21.001,20.552,8.2388,5.901,4.2063,0.48995,12.51,5.7496,3.8153,12.243,5.2927,0.016667,0.65,0.28333,0.05,0,0,0,0.16667,0.83333,0,0,0,0.28333,0.71667,0,0
0.95744,7.4988,15.595,10.805,10.767,20.95,9.8098,7.6961,6.6859,3.9274,5.3077,17,6.8507,4.51,6.6307,5.3768,9.5198,17.01,5.2813,2.4725,7.6532,17.695,19.892,12.851,9.9945,7.3629,8.3793,1.7378,9.2669,8.6895,5.2772,9.292,7.2568,0.09375,0.875,0.03125,0,0,0,0,0.9375,0.0625,0,0,0.35417,0.52083,0.125,0,0
2.6249,6.1793,15.758,10.966,9.2558,23.796,9.2355,7.7941,8.0117,2.821,3.5571,18.96,9.2641,4.0429,6.4177,10.907,11.134,11.515,7.3507,2.0134,7.7745,10.62,12.337,18.259,6.3395,6.7458,9.7113,3.5933,7.3596,6.0799,6.7837,11.112,11.68,0,0.62963,0.35185,0.018519,0,0,0,0.81481,0.18519,0,0,0,0,1,0,0
0,1.0003,0,0,1.1332,97.234,0,0,0,0.63302,0,0,0,0.50014,0,1.5897,70.681,26.729,0.50014,0,0,0,0,0,0,1.0003,12.131,81.023,4.7128,0.50014,0.63302,0,0,0,0.087719,0.89474,0.017544,0,0,0,1,0,0,0,0,1,0,0,0
5.4746,4.3996,7.3691,7.2265,20.596,18.606,8.4955,7.0884,8.4728,5.5532,6.7186,15.771,9.9603,2.6411,14.739,9.579,9.0105,6.5546,6.3167,5.9962,11.391,8.0401,10.103,7.7167,9.1013,4.7846,5.3311,6.1374,7.2162,8.1689,15.007,13.003,13.431,0,1,0,0,0,0,0,1,0,0,0,0,1,0,0,0
0,0,0.91515,0,2.5906,88.014,3.1366,0,3.2151,2.1285,0,1.3886,2.1048,0.91515,0.91515,12.318,71.673,8.9287,1.2134,0,0.54329,0,0,1.287,0,1.5514,7.3021,71.035,12.488,1.5363,0.37186,4.4285,0,0.060606,0.22727,0.71212,0,0,0,0,1,0,0,0,0,1,0,0,0
0,0.91605,1.6211,17.289,20.138,49.439,2.3644,1.5106,4.825,1.8964,0,2.8023,2.9586,9.0007,15.388,19.244,14.238,10.372,9.985,4.3691,11.129,0.51325,0.50309,2.2449,0.86136,10.012,3.8935,9.6151,35.569,7.0816,18.467,4.7092,7.0427,0,0.74286,0.25714,0,0,0,0,1,0,0,0,0,1,0,0,0
0.59557,1.9221,5.3509,17.061,20.06,42.724,2.9621,3.2399,5.2015,0.88258,0,4.4311,3.1387,10.74,9.4704,19.323,18.281,9.9462,7.5975,10.444,5.8591,0.76935,1.2046,2.5372,0.77758,7.2811,4.5053,12.155,26.828,12.063,21.147,7.3775,4.1239,0,0.15714,0.84286,0,0,0,0,1,0,0,0,0,1,0,0,0
6.1058,6.2531,4.4365,0.47056,0.53874,57.028,7.2318,0.58074,7.9511,8.2922,1.1115,10.461,7.245,2.9732,4.9281,13.418,35.448,14.131,4.8047,1.369,2.4271,2.7944,0,6.0543,4.5475,3.2262,20.479,32.691,13.79,2.4805,4.7158,10.617,1.3994,0,0.095238,0.90476,0,0,0,0,1,0,0,0,0,1,0,0,0
1.3607,1.9712,4.859,1.3398,11.561,62.719,0.61059,1.7925,7.9806,4.9484,0.85791,1.8218,1.1688,0.61059,8.5072,11.204,37.201,20.766,4.0797,1.7634,1.9189,10.96,0.61059,3.9481,1.9504,1.3607,16.202,40.03,9.4266,8.1594,2.6504,1.8218,13.84,0,0,0,0.75962,0.24038,0,0,1,0,0,0,0,1,0,0,0
0.31137,1.9974,2.6074,3.1075,19.575,56.209,3.6284,3.9839,2.3649,1.7389,4.4764,1.3101,1.1253,2.6913,11.899,7.5486,36.646,14.685,6.725,3.195,5.0577,9.1169,0.62274,3.3468,6.4101,1.686,18.655,27.934,13.526,15.649,6.7163,0.36341,5.0899,0,0,0.010989,0.98901,0,0,0,1,0,0,0,0,1,0,0,0
1.2544,1.2544,1.2245,1.2646,21.369,62.665,0.72009,1.677,7.3305,0.41349,0.82697,2.4632,1.5696,0.47846,12.922,10.973,38.125,18.239,2.388,2.9844,4.1637,5.6932,0,1.3303,1.5063,1.2544,15.491,34.739,19.665,14.79,2.0255,1.365,7.8343,0,0,0,0.54455,0.45545,0,0,1,0,0,0,0,1,0,0,0
1.5843,4.4857,2.2003,6.6031,24.069,43.011,3.9997,3.7673,1.3482,2.5465,6.3844,1.5753,1.3087,4.5402,11.695,5.7283,24.443,15.058,10.498,3.6072,7.8376,13.71,0.56805,3.8343,7.6225,3.9003,19.335,12.732,13.512,22.039,8.6655,2.4178,5.3736,0.033333,0.31667,0.1,0.55,0,0,0,0.98333,0.016667,0,0,0.016667,0.98333,0,0,0
2.0349,7.5724,3.7729,3.4848,21.746,39.154,7.13,10.101,2.1383,0.22372,2.642,3.7462,3.1115,6.9688,9.6668,4.77,24.614,8.9883,8.6742,6.301,11.081,12.078,1.0898,5.7742,12.766,6.908,10.277,15.191,17.101,18.683,6.0332,2.7247,3.4534,0,0.027397,0.10959,0.47945,0.38356,0,0,1,0,0,0,0,1,0,0,0
1.0837,7.6084,11.033,9.8714,17.314,29.601,3.8149,6.802,7.5002,2.5475,2.8249,10.056,6.3057,4.5962,6.6545,4.5674,20.87,8.7967,8.7287,8.8746,8.303,12.247,5.3577,8.9633,7.5527,8.4104,11.6,6.2761,11.053,11.711,8.6108,10.056,10.409,0.093458,0.76636,0.14019,0,0,0,0,0.91589,0.084112,0,0,0,0.86916,0.13084,0,0
0.65064,4.9863,8.3798,11.472,8.976,35.828,2.6403,17.203,3.1607,5.1297,1.5729,13.356,10.337,6.3175,2.5865,7.5747,15.56,10.693,4.0427,5.6206,15.799,8.113,4.1652,11.114,0.68255,12.743,10.637,6.9036,5.9627,3.8644,11.692,17.345,14.891,0,0.24113,0.58156,0.1773,0,0,0,1,0,0,0,0,0.76596,0.23404,0,0
0.83218,5.4963,4.6086,13.493,17.598,36.95,8.2747,5.5515,2.5177,1.4577,3.2207,3.8286,3.1615,8.3254,9.7194,8.0504,15.865,7.4317,15.036,8.7767,10.542,9.2635,1.5642,6.0467,7.9389,5.3477,11.221,5.5449,18.609,18.071,11.583,7.6051,6.4688,0,0,0.028571,0.94286,0.028571,0,0,1,0,0,0,0,1,0,0,0
1.2756,4.015,4.8922,15.504,21.272,37.408,4.1387,4.8813,4.2354,1.5826,0.79499,6.2882,5.6268,11.726,6.6149,12.942,21.124,8.406,6.9409,6.8062,10.214,3.3107,0.52615,4.32,3.5443,5.9696,10.149,11.382,22.988,11.463,14.254,9.3872,6.0174,0.041322,0.0082645,0.19835,0.75207,0,0,0,1,0,0,0,0,1,0,0,0
1.7852,6.6964,9.9795,9.9431,14.53,33.312,6.1836,8.4432,3.2198,1.7955,4.112,9.3939,3.7075,10.056,5.4353,8.637,17.513,9.7013,6.5891,6.3403,11.706,10.921,5.2153,8.5822,6.9969,7.5679,12.072,8.7977,10.89,13.494,12.285,3.7758,10.323,0.033058,0.066116,0.57025,0.2314,0.099174,0,0,0.98347,0.016529,0,0,0,0.67769,0.32231,0,0
0,0,0,3.8495,20.665,50.866,0.66979,11.618,6.0244,6.3064,0,6.4458,4.4114,7.1451,12.872,13.517,29.841,9.6342,0.70443,5.633,2.3324,7.4639,0,3.8495,0,0.68984,11.628,26.462,21.176,7.0271,6.9927,6.7342,15.441,0,0,0.0093458,0.64486,0.34579,0,0,1,0,0,0,0,1,0,0,0
0,0,0,6.3217,19.368,42.063,1.0395,7.22,4.4086,19.58,0,13.627,6.1973,10.591,8.6484,9.5188,15.26,6.8853,3.6236,10.568,4.1396,10.94,0,4.3874,0,2.539,10.033,12.372,12.328,13.486,16.065,18.524,10.265,0,0.18966,0.46552,0.32759,0.017241,0,0,1,0,0,0,0,1,0,0,0
0.57418,3.3074,6.1763,11.208,29.407,31.592,2.6058,7.0621,4.186,1.3484,2.5326,2.4219,1.8599,7.044,7.5858,9.6416,20.659,10.276,7.8741,11.573,13.776,7.2885,0.97174,4.687,8.5813,3.5117,7.1208,13.105,18.558,18.563,15.772,3.4662,5.663,0,0.33929,0.625,0.035714,0,0,0,0.98214,0.017857,0,0,0.017857,0.98214,0,0,0
4.7192,1.4246,5.2824,12.051,16.13,42.738,4.5233,1.42,4.2184,6.3301,1.1625,11.954,7.6328,10.033,7.1894,12.873,20.631,16.863,3.9413,3.1451,4.4868,1.2507,0.75398,0.66206,0.41797,6.3966,15.673,11.527,27.504,9.8886,17.794,6.0843,3.2992,0,0,1,0,0,0,0,1,0,0,0,0,1,0,0,0
0.90531,2.2167,2.1904,0,0,77.331,2.1417,0,7.8076,6.955,0.45265,5.2659,3.047,1.7377,0.4263,11.563,62.266,9.1453,2.1417,0.45265,2.1904,1.7641,0,0.87895,0.45265,0,8.2783,65.181,7.3708,1.3316,5.2457,8.6379,2.6228,0,0.058824,0.94118,0,0,0,0,1,0,0,0,0,1,0,0,0
2.155,2.7632,3.2439,0,0.45563,72.461,2.6671,0.33367,7.9822,6.947,0.99128,6.4071,3.5469,3.0358,2.7512,14.241,49.965,13.285,1.2792,0.95604,2.6352,1.8979,0,2.9562,1.199,1.4817,13.507,49.566,13.567,3.0183,4.7551,7.7328,2.2173,0.028986,0.26087,0.71014,0,0,0,0,1,0,0,0,0,1,0,0,0
4.2505,3.6899,2.7734,3.5967,6.6394,54.542,4.88,1.1646,7.8811,8.0971,2.4849,7.7778,10.052,7.2275,5.6885,16.701,25.438,16.023,3.6259,2.3619,3.4704,1.6341,0,3.3222,1.7648,4.4867,19.744,28.643,15.941,7.1992,6.8126,10.71,1.3771,0,0.14634,0.85366,0,0,0,0,1,0,0,0,0,1,0,0,0
4.0734,4.2691,4.3157,0.76575,2.7256,47.447,5.8823,1.9192,13.545,13.659,1.398,10.318,9.0103,7.9638,7.7204,11.61,21.908,18.864,4.5198,1.9192,3.045,3.1215,0,5.4476,2.5293,4.2728,16.144,22.252,16.282,5.0474,9.5285,15.021,3.4757,0.031746,0.22222,0.74603,0,0,0,0,1,0,0,0,0,1,0,0,0
0,6.3804,6.1172,7.252,5.3401,54.584,1.299,8.2857,7.3642,3.0863,0.29115,6.5414,6.5408,7.782,2.0791,7.1544,31.857,13.111,7.0172,1.8946,8.4237,7.5991,0.58231,4.6357,7.5313,7.2903,18.799,22.5,11.001,1.9749,4.8818,13.735,7.0682,0,0,0,1,0,0,0,1,0,0,0,0,1,0,0,0
0,7.4905,6.2153,3.2348,4.572,59.582,0.96472,4.6262,11.837,1.4773,0,3.7777,5.2506,9.7064,0.5126,5.3966,36.726,16.066,14.475,0,3.351,4.738,0,6.9823,9.476,2.3863,10.303,30.203,21.402,0.96472,3.2109,15.072,0,0.036697,0.073394,0.14679,0.6055,0.13761,0,0,1,0,0,0,0,1,0,0,0
1.1408,5.1452,3.8908,9.3087,15.175,50.023,1.7224,7.8113,4.3604,1.4219,0,8.5008,5.0577,9.0312,4.9559,11.352,28.617,13.767,4.6663,5.8871,4.1756,3.989,1.2237,5.6789,1.9177,5.9558,11.755,20.784,19.378,7.4185,11.691,7.5486,6.65,0.0068027,0.020408,0.068027,0.90476,0,0,0,1,0,0,0,0,1,0,0,0
4.6209,4.5039,2.2485,6.0191,11.382,56.421,4.6232,3.0622,3.9424,2.3829,0.79432,9.2336,7.7817,10.758,4.6232,9.9132,31.665,19.235,1.5781,0.78607,1.4923,2.934,0,2.3537,2.934,6.1155,25.91,24.492,15.961,6.8634,8.4416,6.9292,0,0.053571,0.053571,0.071429,0.8125,0.0089286,0,0,1,0,0,0,0,1,0,0,0
0,7.1916,11.67,0.6439,0.6439,58.001,2.2025,2.0963,10.006,6.6053,0.93973,7.9304,6.1571,1.5836,0.6439,6.3559,38.619,15.741,11.86,0,5.3697,5.7392,0,9.0619,11.252,1.2878,14.862,36.819,5.2113,8.3324,3.9547,9.2182,0,0.24096,0.048193,0.71084,0,0,0,0,1,0,0,0,0,0.48193,0.51807,0,0
1.7293,3.9538,1.5251,9.1976,18.014,44.733,4.4933,4.388,6.0979,4.7417,1.1259,8.1369,9.6606,16.599,5.8132,16.977,14.989,15.881,3.3824,4.6623,3.1189,0.78055,0.74452,3.1733,0.31062,6.4254,10.774,18.183,24.17,8.6509,14.903,10.743,1.922,0,0.010417,0.38542,0.60417,0,0,0,1,0,0,0,0,1,0,0,0
2.8641,3.8031,3.8896,1.9595,8.4966,46.858,7.5653,1.1554,7.5011,12.563,3.3437,10.624,10.291,10.591,9.3947,12.703,13.906,21.208,5.2442,1.6961,2.5963,1.7454,0,3.0363,1.8809,7.5653,11.442,15.983,27.6,8.2926,9.711,12.568,1.92,0.057471,0.034483,0.10345,0.8046,0,0,0,1,0,0,0,0,1,0,0,0
7.6888,9.7986,7.5133,0.2471,0.98842,44.732,6.388,0.2471,11.889,8.173,2.3345,15.833,8.0969,5.6468,7.3288,14.424,17.711,16.576,3.2613,1.7199,5.5359,3.8657,0,8.9688,7.5338,3.5389,21.218,18.911,15.1,4.7577,3.3871,15.316,1.2689,0,0.27778,0.72222,0,0,0,0,1,0,0,0,0,1,0,0,0
7.893,6.3792,5.5997,0,0,44.118,4.8839,1.822,12.459,14.294,2.5511,12.486,10.884,6.8967,8.2275,9.765,16.894,19.739,4.777,2.6924,3.4004,4.2378,0,7.4154,4.4764,4.9078,22.182,16.289,15.686,5.5753,7.6115,12.995,2.8607,0,0.028986,0.3913,0.57971,0,0,0,1,0,0,0,0,1,0,0,0
0.64557,0.64557,1.6797,1.0545,3.9002,83.719,2.5953,0,2.8774,2.883,0,4.0847,3.8998,1.3569,1.6797,15.228,61.097,9.958,2.1717,0,0.52442,0,0,2.5121,0.64557,0.32278,8.2271,54.615,23.562,3.5023,1.8869,4.7263,0,0,0.030303,0.9697,0,0,0,0,1,0,0,0,0,1,0,0,0
0,0,0.65149,8.2085,7.1923,78.053,2.4063,0,0.65149,2.8371,0,10.498,6.089,0.65149,0.65149,18.515,52.732,8.0914,2.771,0,0,0,0,1.303,0,1.7548,7.429,42.454,22.264,13.099,3.4225,8.2747,0,0.12644,0.034483,0.36782,0.068966,0.4023,0,0,1,0,0,0,0,1,0,0,0
8.3891,6.6168,3.3409,2.1834,1.9756,54.92,8.771,0.29158,6.778,6.4964,0.23677,14.858,5.2324,1.4039,6.1166,15.666,35.855,9.3168,6.2428,0.52835,2.1298,2.6511,0,4.9745,6.1608,4.8726,22.473,25.919,17.367,2.1837,3.5473,11.649,0.85295,0,0,1,0,0,0,0,1,0,0,0,0,1,0,0,0
7.1279,4.8111,3.1524,2.3254,7.3018,59.182,7.9077,0,4.4813,3.7102,0,14.879,7.7822,2.5069,7.7861,14.789,33.897,14.277,1.8926,0,0.9872,1.2033,0,5.8754,4.2095,6.1667,15.997,30.705,19.189,7.0807,2.723,8.0539,0,0.26562,0.046875,0.40625,0.046875,0.23438,0,0,1,0,0,0,0,1,0,0,0
25.968,12.614,8.0935,0,0,31.354,4.5371,0.4858,9.6237,7.3241,0,34.379,2.9019,3.2444,8.5506,8.555,16.366,9.9588,4.661,0.4858,5.0035,5.8936,14.032,11.742,9.9099,5.3062,14.468,14.659,12.199,0.4858,4.1344,12.577,0.4858,0,0.037037,0.2037,0.75926,0,0,0,1,0,0,0,0,1,0,0,0
15.753,6.6392,4.422,2.5169,0,43.662,9.3397,0,8.9133,8.754,0,25.408,5.3244,2.1609,5.3947,12.013,26.87,9.2388,6.618,0,2.4035,4.5694,8.1412,8.7487,6.5534,1.7679,19.479,19.844,12.541,0.35855,5.3778,15.723,1.4659,0.15873,0.047619,0.38095,0.12698,0.28571,0,0,1,0,0,0,0,1,0,0,0
15.929,8.4406,7.0213,0.44718,0,36.671,14.909,0.57428,10.088,5.6758,0.24434,25.15,8.8429,2.9436,10.722,10.861,19.015,11.115,5.2751,0.81862,2.0499,3.2069,4.9605,10.548,10.584,5.3905,21.379,14.338,11.83,1.3723,2.1595,14.476,2.9625,0,0.073529,0.92647,0,0,0,0,1,0,0,0,0,1,0,0,0
15.46,7.1737,2.8914,0,0,34.203,10.262,1.0209,16.654,11.617,0.71918,24.974,8.1779,3.2485,8.3122,9.3515,17.257,11.45,4.3892,1.3863,3.6017,7.8521,4.9257,9.0157,8.144,2.3718,16.803,15.136,11.27,2.4194,4.0994,21.748,4.0666,0,0.045455,0.34848,0.60606,0,0,0,1,0,0,0,0,1,0,0,0
16.406,10.6,4.8352,0,0,28.547,15.757,0,15.028,8.8263,0,32.975,6.777,1.2993,12.844,7.339,15.503,7.339,3.8367,0,3.2613,8.8263,0,11.699,13.541,6.6427,13.954,14.565,9.904,0,1.962,22.829,4.9023,0,0,0,1,0,0,0,1,0,0,0,0,1,0,0,0
0.25491,0.77734,8.5992,5.1775,9.0093,66.014,3.9836,1.1165,2.537,2.0308,0.50008,3.5366,3.5575,4.5347,9.3312,7.2468,41.712,8.231,8.8427,1.3183,7.167,4.5221,2.0242,4.6898,6.0648,2.3896,17.41,32.487,13.35,10.702,5.6783,3.3731,1.8305,0,0.1,0.45,0.45,0,0,0,1,0,0,0,0,1,0,0,0
0,3.1111,17.834,0.34081,0,70.796,0.42683,0,6.2965,1.1945,0,5.0625,0.68162,4.2088,0.34081,8.695,61.483,2.0334,2.9172,2.5395,5.4512,6.5871,8.1846,4.5324,5.4076,3.5881,0,56.512,13.858,0.76763,1.0978,1.9514,4.101,0.4,0.12,0.48,0,0,0,0,1,0,0,0,0,0.46,0.54,0,0
0,2.0975,8.2884,1.294,7.1883,60.381,2.0975,8.0839,3.4044,7.1646,0,4.1429,2.0975,2.298,6.6869,15.351,33.566,16.59,6.3042,0.91259,0,12.051,3.3346,5.9578,3.3915,0.51831,13.11,39.711,7.4123,2.9932,6.6463,4.3433,12.582,0,0,0,0.31507,0.68493,0,0,1,0,0,0,0,1,0,0,0
2.2264,2.2901,8.4739,9.2749,19.201,33.344,6.1018,4.2018,7.084,4.1729,3.6289,12.329,7.8986,2.217,10.985,12.828,25.932,4.6371,5.283,6.2508,5.0075,6.6317,4.6242,7.3016,4.8878,2.9483,7.0186,16.063,11.119,9.0576,19.356,11.463,6.1606,0,0,0.23438,0.76562,0,0,0,1,0,0,0,0,0.70312,0.29688,0,0
1.1593,3.7746,5.72,9.6063,28.726,32.6,3.9027,3.0587,3.6044,2.4291,5.4184,1.5554,1.0276,4.3935,11.51,3.9586,20.88,14.127,10.095,8.9795,10.177,13.296,1.5554,4.5512,6.0804,2.6218,16.414,7.5644,13.442,22.488,13.338,4.9641,6.9802,0,0,0,0,1,0,0,1,0,0,0,0,1,0,0,0
0,0,0,0,3.6295,96.371,0,0,0,0,0,0,0,0,0,3.0756,96.924,0,0,0,0,0,0,0,0,0,0,95.595,2.1039,2.3006,0,0,0,0,0,0.89873,0.088608,0.012658,0,0,1,0,0,0,0,1,0,0,0
0,1.5605,9.5028,8.8275,1.1004,77.034,0,0,1.9746,0,0,3.8953,3.6567,4.8016,3.6072,9.8665,55.484,13.347,0.78026,0,3.5023,1.0598,5.8542,5.87,2.3408,0.78026,0,48.283,25.193,3.2695,0.78026,4.2654,3.3631,0.21538,0.076923,0.58462,0.076923,0.046154,0,0,1,0,0,0,0,1,0,0,0
0.40558,1.088,5.3854,17.352,12.148,54.637,1.8993,1.4417,2.2748,3.3682,0,5.2982,3.7898,6.5451,18.418,24.761,10.915,5.4543,7.8327,10.171,6.3826,0.43199,0.46284,1.3977,0.32282,6.8448,3.7651,14.953,33.137,9.0361,17.973,8.4292,3.6779,0,0.076923,0.92308,0,0,0,0,1,0,0,0,0,1,0,0,0
0,0,0,0.8404,16.733,52.787,0.63896,7.8077,13.247,7.9466,0,10.264,4.4877,5.6054,6.3567,17.862,26.66,12.338,0.5446,6.3973,4.3018,5.1824,0,0.8404,0,0.8404,9.8424,25.114,21.859,12.519,4.713,12.758,11.515,0,0,0.017241,0.65517,0.32759,0,0,1,0,0,0,0,1,0,0,0
12.497,8.0975,3.9978,0.56624,0.23834,45.599,4.1722,0.6312,13.232,10.614,0.35487,20.635,4.1099,3.2474,6.5862,11.256,26.308,11.84,3.9279,0.98607,4.3307,6.7732,2.797,9.0565,5.9994,2.8103,17.448,22.332,14.023,1.9818,5.4892,16.665,1.3981,0.016667,0.23333,0.75,0,0,0,0,1,0,0,0,0,1,0,0,0
6.6973,6.0644,5.4278,1.4779,5.6631,49.743,1.7577,1.4661,13.469,6.9801,1.2533,12.411,8.8509,9.3397,4.4076,16.03,17.017,20.544,1.6071,2.7194,4.0814,2.9922,0,5.1432,3.1704,1.7542,23.423,19.864,15.888,6.4751,11.231,10.355,2.6956,0,0.37778,0.57778,0.044444,0,0,0,1,0,0,0,0,1,0,0,0
0,0.46418,4.2589,0.64522,5.48,66.487,0.46418,5.3503,11.276,5.5747,0,1.7226,1.0987,1.197,6.1139,11.674,44.727,17.176,4.6365,3.1715,1.7119,6.7717,1.197,4.2589,0.46418,0,9.5823,51.314,5.8262,3.434,3.8847,1.8102,18.228,0,0,0,0.33333,0.66667,0,0,1,0,0,0,0,1,0,0,0
1.2099,7.8882,1.2099,1.8879,7.8251,78.769,1.2099,0,0,0,0,7.2102,0,0.67796,4.7903,5.874,55.07,18.294,1.3559,0,3.0978,3.6298,0,0,0,0,0,50.489,32.994,4.3215,2.4198,0.67796,9.0981,0,0,0.52778,0.13889,0.33333,0,0,1,0,0,0,0,1,0,0,0
0,3.8561,8.4038,13.789,9.9989,32.837,14.035,7.0892,2.9,5.4361,1.6542,3.3194,5.2559,2.7743,9.6782,13.328,23.178,12.104,8.2289,4.1715,7.84,10.121,1.4517,11.315,9.789,6.2712,9.143,8.0597,14.385,13.343,13.105,6.7532,6.3843,0,0,0,1,0,0,0,1,0,0,0,0,1,0,0,0
0,1.9497,18.277,0.79558,1.8063,51.024,5.9303,0.21486,10.218,8.6586,1.1254,7.3152,5.6336,5.1009,1.7554,13.259,38.41,7.7237,5.499,0.4967,6.2795,8.527,4.2391,7.3898,9.164,3.7945,4.9911,35.712,11.66,7.487,5.0361,7.8747,2.6517,0,0,0.063492,0.14286,0.79365,0,0,1,0,0,0,0,1,0,0,0
1.7756,6.5138,11.843,9.1393,9.7197,31.19,6.4407,9.2808,8.1627,4.3328,1.6015,16.107,6.8233,5.3128,5.3937,8.4253,17.771,12.279,7.6484,4.4724,7.7012,8.065,6.4481,12.315,2.3467,6.7426,12.386,7.7853,6.2441,7.6979,10.907,11.763,15.365,0,0.26087,0.73913,0,0,0,0,1,0,0,0,0,0.23188,0.76812,0,0
0.3942,7.2511,7.9017,9.5589,8.1954,45.877,1.7175,6.1994,10.09,1.6521,1.1627,14.64,2.2986,5.9281,5.45,6.3039,32.805,10.403,7.1115,4.5882,4.0314,6.4409,1.9081,8.9311,0.26508,7.5485,14.421,18.543,8.8681,6.4526,9.7891,7.036,16.238,0,0.066667,0.066667,0.86667,0,0,0,1,0,0,0,0,1,0,0,0
0.8269,0.8269,0.43304,1.7917,18.036,64.776,1.2795,3.8889,6.6806,0.487,0.97399,3.5546,1.1134,1.3047,11.753,9.9809,39.889,12.389,5.724,4.2486,4.3447,5.6989,0,1.7377,1.7665,0.8269,12.486,41.105,21.269,8.5981,3.5582,1.125,7.5271,0.02381,0.30952,0.047619,0.28571,0.33333,0,0,0.78571,0.21429,0,0,0.2381,0.7619,0,0,0
0,21.99,23.976,31.939,0,11.988,6.0638,0,4.0426,0,0,0,12.999,10.978,25.004,0,18.958,9.0783,9.9844,0,3.0144,9.9844,0.99316,4.0076,33.996,16.048,0,6.9871,1.9863,0,12.006,20.962,3.0144,0,0,0,0,1,0,0,1,0,0,0,0,1,0,0,0
0,0,0,7.6041,17.113,52.084,1.2408,11.729,1.3077,8.9218,0,4.0708,7.532,7.4366,2.0183,6.7116,26.004,8.8572,15.5,3.1692,6.7966,11.903,0,5.378,0.74066,0.80756,16.058,19.445,11.995,12.262,9.785,12.066,11.463,0,0,0,0,1,0,0,1,0,0,0,0,1,0,0,0
0,0,0,2.9449,12.883,81.228,0,0,0,2.9449,0,5.7128,6.4413,0,0,24.308,51.384,9.2091,2.9449,0,0,0,0,0,0,0,5.8898,42.726,36.285,9.2091,2.9449,2.9449,0,0,0,0,0,1,0,0,1,0,0,0,0,1,0,0,0
