h1,h2,h3,h4,h5,h6,h7,h8,h9,h10,h11,h12,h13,h14,h15,h16,h17,h18,h19,h20,h21,h22,h23,h24,h25,h26,h27,h28,h29,h30,h31,h32,h33,h34,h35,h36,h37,h38,h39,h40,h41,h42,h43,h44,h45,h46,h47,h48,label
0,0,0,0,0.86904,99.131,0,0,0,0,0,0,0,0,0,30.327,65.395,4.2782,0,0,0,0,0,0,0,0,25.611,67.001,6.5192,0.86904,0,0,0,0,0,0.045455,0.13636,0.81818,0,0,1,0,0,0,0,1,0,0,0
0,0,0,0,0,100,0,0,0,0,0,0,0,0,0,14.225,80.255,5.5198,0,0,0,0,0,0,0,0,26.24,71.775,1.9855,0,0,0,0,0,0.033333,0.7,0.2,0.066667,0,0,1,0,0,0,0,1,0,0,0
0,0,0,0,0,100,0,0,0,0,0,0,0,0,0,9.3435,88.849,1.8078,0,0,0,0,0,0,0,0,18.225,80.779,0.99618,0,0,0,0,0,0,1,0,0,0,0,1,0,0,0,0,1,0,0,0
0,0,0,0,1.0767,98.923,0,0,0,0,0,0,0,0,0,21.614,69.862,8.524,0,0,0,0,0,0,0,0,26.497,66.427,5.9993,1.0767,0,0,0,0,0,1,0,0,0,0,1,0,0,0,0,1,0,0,0
0,0,0,0,0,100,0,0,0,0,0,0,0,0,0,21.755,73.309,4.936,0,0,0,0,0,0,0,0,32.141,66.018,1.8407,0,0,0,0,0,0,1,0,0,0,0,1,0,0,0,0,1,0,0,0
0,0,0,0,0,100,0,0,0,0,0,0,0,0,0,3.8894,91.238,4.8726,0,0,0,0,0,0,0,0,16.051,83.949,0,0,0,0,0,0,0,1,0,0,0,0,1,0,0,0,0,1,0,0,0
0,0,0,0,0,100,0,0,0,0,0,0,0,0,0,8.8175,85.892,5.2909,0,0,0,0,0,0,0,0,20.625,77.086,2.2889,0,0,0,0,0,0,1,0,0,0,0,1,0,0,0,0,1,0,0,0
0,0,0,0,0,100,0,0,0,0,0,0,0,0,0,2.4263,96.207,1.3667,0,0,0,0,0,0,0,0,9.8449,89.809,0.34584,0,0,0,0,0,0,1,0,0,0,0,1,0,0,0,0,1,0,0,0
0,0,0,0,0,100,0,0,0,0,0,0,0,0,0,1.1329,94.759,4.1083,0,0,0,0,0,0,0,0,6.8497,92.427,0.7232,0,0,0,0,0,0,0.98333,0.016667,0,0,0,1,0,0,0,0,1,0,0,0
0,0,0,0,0,98.912,0,0,0,1.0883,0,0,0,1.0883,1.0883,1.0648,90.116,6.6429,0,0,0,0,0,0,0,0,3.6194,92.375,2.9177,1.0883,0,0,0,0,0,1,0,0,0,0,1,0,0,0,0,1,0,0,0
0,0,0,0,3.9341,96.066,0,0,0,0,0,0,0,0,0,26.158,61.5,12.342,0,0,0,0,0,0,0,0,18.758,59.234,18.074,3.9341,0,0,0,0,0,0.22222,0.22222,0.55556,0,0,1,0,0,0,0,1,0,0,0
0,0,0,0,2.9962,97.004,0,0,0,0,0,0,0,0,0,25.065,56.627,18.309,0,0,0,0,0,0,0,0,17.641,57.799,21.564,2.9962,0,0,0,0,0,0.037037,0.37037,0.59259,0,0,1,0,0,0,0,1,0,0,0
0,0,0,0,3.1535,96.846,0,0,0,0,0,0,0,0,0,22.719,60.239,17.042,0,0,0,0,0,0,0,0,13.993,59.393,23.461,3.1535,0,0,0,0,0,0.025641,0.4359,0.53846,0,0,1,0,0,0,0,1,0,0,0
0,0,0,0,1.6716,98.328,0,0,0,0,0,0,0,0,0,15.779,77.552,6.669,0,0,0,0,0,0,0,0,16.086,72.965,9.2769,1.6716,0,0,0,0,0,1,0,0,0,0,1,0,0,0,0,1,0,0,0
0,0,0,0,2.6136,97.386,0,0,0,0,0,0,0,0,0,22.778,62.095,15.127,0,0,0,0,0,0,0,0,14.352,55.192,27.842,2.6136,0,0,0,0,0,1,0,0,0,0,1,0,0,0,0,1,0,0,0
0,0,0,0,0,100,0,0,0,0,0,0,0,0,0,18.046,66.854,15.1,0,0,0,0,0,0,0,0,26.093,49.445,24.462,0,0,0,0,0,0,0.0625,0.125,0.8125,0,0,1,0,0,0,0,1,0,0,0
0,0,0,0,0,100,0,0,0,0,0,0,0,0,0,9.4931,69.239,21.268,0,0,0,0,0,0,0,0,29.448,60.703,9.8498,0,0,0,0,0,0,0,0.076923,0.92308,0,0,1,0,0,0,0,1,0,0,0
0,0,0,0,0,100,0,0,0,0,0,0,0,0,0,9.1452,70.695,20.16,0,0,0,0,0,0,0,0,21.724,62.048,16.227,0,0,0,0,0,0,1,0,0,0,0,1,0,0,0,0,1,0,0,0
0,0,0,0,0,100,0,0,0,0,0,0,0,0,0,10.938,79.065,9.9968,0,0,0,0,0,0,0,0,26.78,64.469,8.7507,0,0,0,0,0,0,1,0,0,0,0,1,0,0,0,0,1,0,0,0
0,0,0,0,0,99.013,0,0.32886,0.65773,0,0,0,0,0,0.32886,11.374,74.44,13.528,0,0,0,0.32886,0,0,0,0,20.543,74.287,4.1831,0,0.32886,0.32886,0.32886,0,0,0.93056,0.069444,0,0,0,1,0,0,0,0,1,0,0,0
0,0,0,0,0.34333,98.962,0.69489,0,0,0,0,0,0,0,0.69489,5.3986,89.771,4.1354,0,0,0,0,0,0,0,0,8.9728,87.272,3.412,0.34333,0,0,0,0,0,1,0,0,0,0,1,0,0,0,0,1,0,0,0
0.26873,2.1777,2.4464,0.91312,1.8776,80.779,1.8976,2.4563,5.6816,1.1384,0.36354,4.4388,4.5162,1.2767,2.9625,10.644,62.4,7.9698,1.5333,1.2767,0.26873,2.713,1.6281,1.6402,4.344,3.85,6.9188,69.481,3.9847,0.53745,1.812,4.6245,1.1797,0,0,0.92424,0.075758,0,0,0,1,0,0,0,0,1,0,0,0
0,0,0,0,0.34638,98.457,1.1966,0,0,0,0,0,0,0,1.1966,5.8075,90.401,2.5953,0,0,0,0,0,0,0,0,11.542,82.21,5.9014,0.34638,0,0,0,0,0,1,0,0,0,0,1,0,0,0,0,1,0,0,0
0,0,0,0,0,96.52,2.4119,0,0,1.0684,0,0,0,1.0684,3.4803,3.3155,88.389,3.7473,0,0,0,0,0,0,0,0,8.5916,88.203,2.1372,1.0684,0,0,0,0,0,0.96,0.04,0,0,0,1,0,0,0,0,1,0,0,0
1.035,0,0,0,1.5525,92.777,3.3794,0,0,1.2558,0,0.51749,0.51749,1.2558,4.1177,9.4394,79.517,4.1177,0.51749,0,0,0,0,0,0,0.51749,13.221,81.162,2.8083,1.2558,1.035,0,0,0,0,1,0,0,0,0,1,0,0,0,0,1,0,0,0
0,0,0.24717,0.24717,3.3087,95.95,0,0,0.24717,0,0,0,0.24717,0.24717,0.24717,6.0766,91.554,1.6281,0,0,0,0,0,0,0,0,0.75215,88.858,6.3399,3.0616,0.24717,0,0.74151,0,0,0.9,0.1,0,0,0,1,0,0,0,0,1,0,0,0
0,0,0,0,0,97.395,0.76518,0.35826,1.4817,0,0,0,0,0,0.35826,9.3953,79.959,8.3985,0.76518,0,0,1.1234,0,0,0,0,17.455,76.539,3.4006,0,0.35826,1.1234,1.1234,0,0,0.95238,0.047619,0,0,0,1,0,0,0,0,1,0,0,0
0,0,0,0,0,94.374,0.90053,1.0002,3.3131,0.41218,0,0.41218,0,0,1.0002,12.046,70.862,12.878,0.90053,0,0,1.9007,0,0,0,0,19.841,72.961,1.5714,0.41218,1.0002,1.9007,2.3129,0,0,1,0,0,0,0,1,0,0,0,0,1,0,0,0
0.48077,5.7701,7.2638,2.251,8.4626,37.729,15.799,12.057,5.6489,3.0443,1.4935,15.957,8.016,4.1569,9.1472,12.031,19.836,6.947,8.3366,3.3541,2.3536,9.8656,13.515,10.582,14.902,11.286,8.788,16.787,5.9522,3.1041,3.9704,5.4455,5.6677,0.016529,0.81818,0.13223,0.033058,0,0,0,1,0,0,0,0,1,0,0,0
0,0,0,0,1.221,88.727,4.769,0.94875,3.113,1.221,0,0,0,0,3.25,9.476,72.205,9.2157,1.2311,0,1.8393,2.7826,0,0,1.221,0,11.172,78.641,2.4521,0,1.5514,2.1799,2.7826,0,0,1,0,0,0,0,1,0,0,0,0,1,0,0,0
0,0,0,0,0.40765,98.522,0,0,0.53499,0.53499,0,0.53499,0,0,0,8.5235,84.808,6.1337,0,0,0,0,0,0,0,0,6.4893,90.787,1.2456,0.94264,0,0,0.53499,0,0,0.89831,0.10169,0,0,0,1,0,0,0,0,1,0,0,0
0.27086,1.4274,1.6983,0.39147,4.3276,77.477,3.561,3.729,4.8277,2.2897,0,2.5332,1.9008,0.88568,3.918,10.673,58.705,11.111,1.1654,0.39147,2.1286,6.5878,2.2357,1.097,4.4226,2.6063,8.3069,65.336,4.0314,0.54172,3.6466,3.6947,4.0813,0,0,1,0,0,0,0,1,0,0,0,0,1,0,0,0
0.34839,2.6418,2.9902,0.93399,4.0204,73.365,4.7652,3.0995,5.0766,2.4527,0.3065,5.6476,3.6122,1.6385,3.1049,11.67,50.878,11.303,3.4828,1.2405,0.81628,6.6057,3.1819,2.3166,5.231,4.6883,8.8856,56.67,6.4397,1.6364,1.8273,4.8016,4.3215,0,0,0.95062,0.049383,0,0,0,1,0,0,0,0,1,0,0,0
0,0.69214,0,0,0,98.616,0,0,0,0.69214,0,0,0,0,0,0.69214,82.954,15.661,0.69214,0,0,0,0,0,0.69214,0,8.3666,80.498,9.7508,0,0,0.69214,0,0.015873,0.063492,0.87302,0.047619,0,0,0,1,0,0,0,0,1,0,0,0
1.2586,1.9531,0.29481,0,2.2224,88.16,0.96382,0.29481,1.5947,2.963,0.29481,1.2586,0.4333,1.2456,2.9375,6.3175,72.028,12.371,0.98931,0.4333,1.9867,0,0.29481,0,3.5066,0,9.4427,69.49,9.2271,1.2456,2.2224,3.8426,0.7281,0,0.025316,0.97468,0,0,0,0,1,0,0,0,0,1,0,0,0
0.95101,1.3755,11.88,0.71367,3.864,64.14,0.89862,0.40704,4.9578,5.473,5.3396,7.2512,3.7764,0,4.7189,12.864,36.596,21.288,3.6966,1.3013,3.7028,4.8051,4.8752,3.9127,5.8256,0.88481,11.959,31.742,28.722,2.5836,2.0902,6.4129,0.99232,0,0.053571,0.82143,0.125,0,0,0,1,0,0,0,0,1,0,0,0
3.9389,2.0942,5.416,1.0581,4.5603,65.857,1.3565,0.93787,6.2536,5.777,2.7509,5.1284,2.829,1.4969,5.9549,13.145,40.548,18.544,1.7473,1.7741,6.668,2.1641,3.7063,2.2304,6.8191,0.36884,16.343,34.164,19.024,2.2066,4.0919,8.6539,2.3916,0,0.063492,0.93651,0,0,0,0,1,0,0,0,0,1,0,0,0
0.33102,0,16.544,1.0717,4.3352,51.579,9.1443,0,8.7469,4.4302,3.8172,11.358,3.3902,0.99647,11.089,13.88,20.407,22.834,3.3919,3.7851,3.4052,5.4641,5.4658,4.3484,7.0611,5.0388,13.364,27.302,24.577,3.0646,2.3045,6.9803,0.49415,0,0.021739,0.043478,0.3913,0.54348,0,0,1,0,0,0,0,1,0,0,0
1.6581,0.31946,14.185,2.0234,8.3252,46.834,1.18,0.31802,7.6947,10.493,6.9689,6.3727,6.2583,0,9.9691,16.397,19.61,19.117,5.6534,3.8929,4.8883,7.8415,6.3994,5.3456,5.1568,1.034,10.226,14.853,32.052,5.5683,5.6647,11.919,1.7805,0.21429,0.78571,0,0,0,0,0,1,0,0,0,0,1,0,0,0
5.688,3.3114,0,0.92462,6.4949,74.566,8.1015,0,0,0.91312,0,3.5808,1.6448,1.3869,6.4567,14.188,56.419,10.443,3.0203,0,2.3983,0.46231,0.92462,0.92462,5.2475,1.6448,18.798,58.033,6.7279,0.46231,5.3124,1.9245,0,0,0,0.98148,0.018519,0,0,0,1,0,0,0,0,1,0,0,0
9.3758,7.1987,0.25561,2.044,6.5953,47.479,17.979,2.4495,2.8198,3.0648,0.73815,6.7494,6.2881,9.77,9.831,13.834,27.128,10.55,8.3909,1.043,4.6675,1.748,2.3863,7.5536,8.9718,10.64,17.452,34.619,5.0363,2.3311,4.615,4.0536,2.3417,0.34524,0.22619,0.42857,0,0,0,0,0.89286,0.10714,0,0,0.30952,0.69048,0,0,0
10.303,6.6433,2.0173,2.7816,5.6102,54.11,7.9413,1.4795,1.7647,5.6808,1.6685,6.1001,4.7226,7.8164,6.7645,10.261,34.319,14.801,7.4378,0.28518,5.0946,2.3975,4.1443,5.3582,9.8988,6.0672,14.808,32.55,14.478,3.0356,4.0358,4.1452,1.4795,0,0.071429,0.91667,0.011905,0,0,0,1,0,0,0,0,1,0,0,0
13.986,7.9886,6.1055,3.736,8.3746,27.147,15.372,3.2426,7.6994,4.5026,1.846,8.6939,11.016,11.344,9.9862,11.119,11.414,8.9046,10.821,3.0639,7.13,6.5077,6.8226,14.669,12.85,15.216,8.5169,13.305,7.6356,3.3545,5.5138,7.4454,4.6711,0.13636,0.78788,0.060606,0.015152,0,0,0,0.77273,0.22727,0,0,0.19697,0.80303,0,0,0
5.7736,1.4971,1.12,2.1757,9.0957,54.075,13.983,4.817,5.5431,1.9199,0,4.0519,4.5125,2.597,6.602,14.29,37.897,12.027,5.8081,1.5214,1.6871,9.006,2.5731,6.8084,6.7881,8.3222,14.585,42.359,5.7707,0,4.808,1.0706,6.9153,0,0,1,0,0,0,0,1,0,0,0,0,1,0,0,0
1.8706,3.4245,6.1219,3.2393,8.0741,41.133,14.274,9.6603,7.4873,4.1208,0.59397,14.655,5.6826,2.0669,9.252,9.3838,22.121,10.15,6.7031,2.2971,3.2848,14.405,10.179,9.5619,12.875,10.572,5.3751,24.748,5.0711,2.1952,3.723,8.2684,7.432,0,0.72289,0.25301,0.024096,0,0,0,1,0,0,0,0,1,0,0,0
6.7307,6.3614,3.3878,3.2415,8.3086,31.321,20.255,6.117,10.833,3.0911,0.35338,9.1127,9.0334,9.6157,9.172,11.238,16.046,15.068,9.6095,3.165,2.7605,5.1787,2.4651,12.288,8.3261,16.409,10.57,21.707,8.2203,1.1394,5.7528,6.7748,6.3481,0,0.25373,0.73134,0.014925,0,0,0,1,0,0,0,0,1,0,0,0
2.4487,2.4481,4.4782,1.4538,7.9207,43.248,14.94,10.289,9.387,3.3868,0,8.7177,6.3736,2.6474,8.8624,9.1404,25.203,16.177,6.595,2.7577,3.861,9.6646,8.2519,9.496,6.9406,9.1735,9.4994,32.465,4.1059,0.93136,4.5539,5.6631,8.9195,0,0.10127,0.83544,0.063291,0,0,0,1,0,0,0,0,1,0,0,0
2.3292,1.4564,10.576,3.5875,8.833,43.314,1.0459,1.2352,6.5882,14.864,6.1695,8.2261,2.8605,0.74611,6.956,14.837,24.692,14.079,7.105,4.6006,11.744,4.1539,5.3627,4.9971,6.6863,0.75942,11.016,19.605,18.926,9.7203,7.9233,12.791,2.2124,0.020833,0.47917,0.29167,0.10417,0.10417,0,0,1,0,0,0,0,1,0,0,0
3.4743,4.5212,13.142,6.0582,7.3279,35.596,7.1285,5.9446,13.733,2.7812,0.29398,9.9446,10.611,4.8151,8.992,12.623,16.676,11.82,9.0664,4.9421,5.8329,4.6767,10.935,13.345,7.5898,10.115,1.8817,15.12,16.614,2.5031,2.8114,11.995,7.0915,0,0,0,0.71429,0.28571,0,0,1,0,0,0,0,1,0,0,0
1.6143,1.0896,4.5923,5.0101,24.105,38.397,3.0757,2.817,14.393,4.9053,0,5.4908,3.9275,6.5451,11.445,19.598,21.223,8.1759,8.4334,4.3348,6.4486,4.3788,4.0738,5.9064,2.187,3.3157,6.5066,20.981,19.688,12.066,3.8244,12.546,8.9047,0,0,0,0.84956,0.15044,0,0,1,0,0,0,0,1,0,0,0
0,0,4.1788,2.6574,38.329,39.748,2.0313,2.5584,10.052,0.44521,0,5.078,0.67179,4.0678,9.1027,28.339,22.94,3.2313,13.794,3.586,5.2687,3.9212,2.884,2.5584,2.7363,1.117,10.098,19.732,23.931,16.099,3.498,8.5819,8.7647,0,0.095238,0.74603,0.14286,0.015873,0,0,1,0,0,0,0,0.98413,0.015873,0,0
0.33763,9.0453,4.1594,1.6576,1.6576,13.56,26.441,19.074,16.995,6.0165,1.0561,1.4153,0.69686,0.60146,8.1334,22.149,29.963,16.518,16.085,1.7019,2.3771,0.35924,0,23.993,17.943,25.515,4.0597,0.60146,3.1019,1.753,9.317,4.9266,8.7893,0,0,0,0.070175,0.92982,0,0,1,0,0,0,0,1,0,0,0
0.51705,6.6614,6.7917,4.7337,4.2413,13.978,23.68,18.646,11.189,8.1642,1.3977,1.4239,1.5424,2.5151,4.6655,20.589,24.048,20.824,15.332,3.339,4.1416,1.5799,0.20304,23.706,18.118,17.27,4.4174,2.1398,5.1592,3.581,9.8056,6.7336,8.8664,0,0,0,0,1,0,0,1,0,0,0,0,1,0,0,0
0.6632,9.9413,6.0693,3.7376,4.7938,12.837,21.388,17.565,9.6414,9.3313,4.0313,7.4565,2.5548,0.58551,5.901,18.926,23.606,20.603,14.635,2.1231,1.7994,1.8091,0.28137,18.488,17.625,20.491,3.9195,0.30414,3.8399,5.1742,14.07,6.8519,8.9553,0,0,0,0,1,0,0,1,0,0,0,0,1,0,0,0
0.3012,5.1085,5.3083,5.2238,9.5356,15.853,26.294,19.154,8.1994,4.3567,0.66492,1.0007,2.7761,3.9426,11.496,20.156,24.358,19.762,8.0126,3.579,3.8541,1.0632,0,17.351,15.775,23.897,6.472,2.4817,4.545,8.7972,10.592,4.1161,5.9724,0,0,0,0.012048,0.98795,0,0,1,0,0,0,0,1,0,0,0
1.0045,9.4998,6.0592,3.3495,4.3104,11.351,20.499,17.217,17.3,6.4757,2.934,3.2649,1.8602,1.2231,9.9345,26.175,24.735,12.667,10.616,2.8176,4.8265,1.8813,0.21805,20.73,15.068,21.717,2.0972,0.78698,4.8972,4.4227,12.388,6.8642,10.81,0,0,0,0,1,0,0,1,0,0,0,0,1,0,0,0
0,0,7.0347,0,2.2844,61.696,19.873,0,7.1757,0,1.9357,10.621,4.333,4.5477,13.284,11.506,20.528,24.973,4.4471,5.7596,0,0,1.7947,0,5.24,10.692,25.941,34.585,13.335,3.1141,1.5676,2.7625,0.96783,0,0,0.52778,0.19444,0.27778,0,0,1,0,0,0,0,1,0,0,0
0,0,1.8339,0,7.8326,65.684,22.801,0.58964,1.2589,0,0,2.7254,0.58964,14.235,13.863,3.7773,22.321,27.104,10.5,4.8837,0,0,0.575,0,1.8486,17.704,23.615,38.704,9.1463,5.2996,2.533,0.575,0,0,0,0.525,0.275,0.2,0,0,1,0,0,0,0,1,0,0,0
0,0,0,0,14.076,65.539,17.472,1.574,0,1.3392,0,3.7207,3.6082,18.63,15.274,2.0776,17.121,28.181,7.0412,4.3467,0,0,0,0,1.574,12.924,26.69,33.645,9.0566,13.797,2.3124,0,0,0,0,0.22034,0.35593,0.42373,0,0,1,0,0,0,0,1,0,0,0
0,5.7029,0.51385,2.9216,4.8155,41.023,21.492,7.4052,7.64,1.5415,6.9442,20.95,5.7074,1.3364,14.511,17.096,5.8111,16.578,4.5623,11.041,1.8939,0.51385,0,2.2373,18.402,20.709,22.372,1.3364,6.4303,1.5415,10.728,10.732,5.5113,0,0,0.10714,0.35714,0.53571,0,0,1,0,0,0,0,1,0,0,0
0,0,6.9448,1.4506,4.7312,60.457,11.653,0,7.6027,2.5029,4.6579,8.6846,5.5686,4.2756,9.4214,12.291,20.169,24.021,6.9498,4.4371,1.8625,2.3199,1.7799,2.532,2.6329,13.342,14.057,34.638,17.089,3.8717,3.1057,4.9997,1.952,0,0,0.83,0.1,0.07,0,0,1,0,0,0,0,1,0,0,0
0,0,4.5335,1.0928,6.4979,62.135,21.113,0.55178,3.2123,0,0.86389,4.6271,3.8864,10.353,11.266,6.7542,21.402,27.295,7.9235,6.0223,0,0.47069,1.7144,0.94139,2.4295,16.385,16.984,36.58,13.419,7.3241,1.6446,2.1463,0.43194,0,0,0.52083,0.29167,0.1875,0,0,1,0,0,0,0,1,0,0,0
0.74751,0,11.524,3.2172,11.54,48.259,5.1266,0.29081,6.6924,8.0218,4.5804,6.7964,4.2346,0.58569,7.8369,18.339,23.479,15.361,7.5117,6.4449,6.2114,3.1982,5.7989,5.6577,3.2435,3.9485,7.8517,20.832,25.041,8.58,8.3953,9.0025,1.6485,0,0,0,1,0,0,0,1,0,0,0,0,1,0,0,0
1.2388,0.36911,7.3138,3.7668,18.233,54.195,11.132,1.1548,2.597,0,0,5.0878,6.1036,7.2452,9.1939,10.362,23.159,24.435,4.9019,5.8428,2.3616,1.307,3.4488,3.9376,2.365,9.5737,9.3416,28.435,15.029,13.006,10.602,3.4098,0.85184,0,0,0,0.99259,0.0074074,0,0,1,0,0,0,0,1,0,0,0
0,0,0.54659,0.35977,10.641,57.605,29.141,1.4331,0.27329,0,0,2.0094,3.7764,10.609,12.749,3.1752,23.632,24.951,9.6707,8.9751,0.45191,0,0.27329,0,1.7064,20.343,25.071,30.27,9.0789,9.6422,3.3421,0.27329,0,0,0.014286,0.78571,0.18571,0.014286,0,0,1,0,0,0,0,1,0,0,0
0.4019,9.4011,1.1799,4.8445,12.469,28.484,20.655,13.794,2.1592,5.3446,1.2671,26.056,10.307,0.4019,9.9335,10.457,3.8853,19.525,5.7087,8.6643,4.6285,0.4326,0.4019,2.6483,12.361,29.261,21.17,0.34544,1.1799,5.69,7.9595,9.8185,9.165,0,0.052632,0.52632,0.31579,0.10526,0,0,1,0,0,0,0,1,0,0,0
0.66338,1.1016,0.66338,8.3844,19.711,46.847,14.564,4.2964,2.1732,1.248,0.34805,4.5931,7.8955,6.4341,13.519,7.3386,18.341,24.027,9.1519,4.754,2.3497,1.5961,0,1.8251,6.0064,12.847,11.129,21.871,11.787,19.061,11.59,2.9369,0.94708,0,0,0,0.7093,0.2907,0,0,1,0,0,0,0,1,0,0,0
1.358,12.203,6.9355,2.2679,5.3573,22.317,17.754,11.401,11.259,4.7586,4.3891,12.497,6.0064,1.7798,11.607,18.106,12.671,15.311,8.4598,6.5421,4.6606,2.3597,1.9838,12.446,17.821,17.377,11,0.48831,5.8196,4.6614,13.753,7.508,7.1423,0,0,0.38235,0.5,0.11765,0,0,1,0,0,0,0,1,0,0,0
1.3804,10.525,11.606,4.6714,6.1109,20.889,9.2965,6.6008,13.069,9.4329,6.4183,13.11,4.7727,4.4123,9.0986,13.07,12.687,14.315,10.773,5.4341,5.6333,6.6948,4.3474,9.0063,10.666,11.044,7.6298,2.5006,10.956,9.2159,14.757,12.121,7.7555,0,0,0.33333,0.65517,0.011494,0,0,1,0,0,0,0,1,0,0,0
1.2604,8.0927,3.0564,4.856,9.3622,30.192,18.051,11.327,3.8354,4.5086,5.4585,28.381,6.4732,1.2604,15.057,10.567,1.4391,15.891,4.8654,10.853,4.4932,0.71957,1.2604,1.98,14.144,21.669,14.724,1.0764,5.8154,5.5849,13.728,13.185,6.8336,0,0,0.40323,0.12903,0.46774,0,0,1,0,0,0,0,1,0,0,0
0.78101,13.595,3.6786,1.634,3.3202,40.101,15.847,1.9185,7.5536,4.3204,7.2516,16.581,9.0905,1.019,18.967,19.544,4.8839,16.229,5.0052,5.9385,1.3294,1.4132,1.257,4.1418,20.209,19.793,21.069,0.53154,7.3235,5.3295,12.14,7.139,1.0659,0,0.084746,0.49153,0.20339,0.22034,0,0,1,0,0,0,0,1,0,0,0
0.17457,13.77,9.4517,3.5514,5.8496,34.404,7.7916,6.6508,9.3697,4.0904,4.8961,13.68,9.3179,1.6639,14.347,9.242,10.267,18.623,7.7098,5.261,5.9758,3.9127,2.7222,4.0182,18.237,9.1199,7.8049,7.1408,9.8957,8.3612,16.161,12.706,3.8326,0,0.12745,0.23529,0.58824,0.04902,0,0,1,0,0,0,0,1,0,0,0
1.0851,13.74,11.797,4.0839,7.9921,31.788,5.4647,2.47,12.831,3.8492,4.8993,11.831,4.7224,3.9874,9.378,10.705,15.151,14.978,11.161,3.5215,4.5766,9.9881,4.2843,10.086,9.5347,8.6274,4.4546,11.312,12.327,8.7039,15.758,9.5241,5.3888,0,0.16346,0.30769,0.52885,0,0,0,1,0,0,0,0,1,0,0,0
2.7955,14.863,10.659,2.423,3.4655,30.987,16.787,1.8886,4.9901,4.8047,6.337,16.575,8.1176,5.5318,11.589,11.461,14.776,11.898,6.0816,7.7101,1.795,4.4644,7.5981,5.6151,10.8,17.155,12.428,9.6782,11.249,6.7155,12.305,4.3781,2.0784,0,0,0.88333,0.11667,0,0,0,1,0,0,0,0,0.71667,0.28333,0,0
0.56004,11.506,8.4662,2.9332,0.51046,61.942,2.7289,1.469,7.2983,1.0487,1.5374,6.0234,5.451,4.3692,6.0873,3.3956,43.416,13.505,5.9832,1.5374,2.345,7.8865,5.2452,4.0037,12.586,2.7506,3.0966,41.762,14.213,2.5178,5.546,7.2577,1.0209,0,0,1,0,0,0,0,1,0,0,0,0,0.017241,0.98276,0,0
0.33413,6.1622,13.797,0.46557,1.7404,63.96,2.6349,0.80229,7.4078,1.0914,1.6042,7.4091,1.882,5.6979,3.8983,6.3069,44.38,13.902,3.872,4.5634,2.7625,5.3257,9.8837,2.7315,5.6079,3.7573,4.3074,41.843,12.836,5.8075,5.0271,5.4625,2.7356,0,0.054054,0.94595,0,0,0,0,1,0,0,0,0,0,1,0,0
11.563,7.5449,3.3927,1.9806,10.523,36.867,13.713,3.126,4.1541,4.4927,2.643,7.5025,9.3749,9.129,10.347,16.118,15.721,12.87,6.9327,1.9046,6.2592,3.8411,3.6742,10.591,11.306,12.796,14.728,15.821,8.8091,2.3358,9.1214,7.4751,3.3421,0.22951,0.60656,0.11475,0.04918,0,0,0,0.78689,0.21311,0,0,0.62295,0.37705,0,0,0
9.6485,9.8217,5.6233,6.8941,7.2148,27.234,13.572,5.1435,8.9516,5.6312,0.26483,13.651,11.242,11.461,6.0548,11.831,8.6109,12.202,11.631,4.0173,5.255,4.046,7.579,13.276,11.022,11.434,8.156,10.294,10.132,2.7306,8.8925,10.254,6.2301,0.95935,0.04065,0,0,0,0,0,0.98374,0.01626,0,0,0.45528,0.54472,0,0,0
9.9804,4.3685,14.574,8.0284,9.5465,25.928,6.7784,3.7478,8.2707,8.1915,0.5852,11.628,10.227,7.0878,4.6152,10.83,13.57,12.479,5.8973,7.1643,5.6392,10.862,10.026,6.2782,10.233,6.4887,3.6407,8.8177,9.8361,9.0911,12.059,15.985,7.5435,0.88889,0.088889,0.022222,0,0,0,0,0.98889,0.011111,0,0,0.57778,0.42222,0,0,0
0.30961,4.5693,3.0566,7.7302,14.633,41.436,16.227,4.1099,5.4637,0.97193,1.4924,3.5085,7.2345,7.4135,9.505,10.56,20.665,17.322,9.3943,6.6934,4.6683,3.0348,0.55859,6.6101,6.8193,15.257,10.863,12.545,11.848,15.415,12.84,4.8251,2.4187,0,0,0,0.86957,0.13043,0,0,1,0,0,0,0,1,0,0,0
0.86381,6.7438,6.4678,6.5838,5.6852,14.292,20.977,14.446,14.427,6.6629,2.8514,3.1046,3.1835,1.8397,11.032,16.003,19.5,16.621,17.114,3.5407,4.0909,3.9711,0.4497,16.018,15.361,19.572,5.2321,0.57074,5.991,8.0331,14.124,7.4437,7.205,0,0,0,0.30952,0.69048,0,0,1,0,0,0,0,1,0,0,0
0.19405,4.5251,6.0669,2.1891,10.669,33.794,18.738,13.605,8.0144,0.56792,1.6361,18.565,8.5623,4.1249,10.535,8.7776,13.709,8.3924,6.1061,3.0476,1.3717,16.809,15.454,11.858,12.213,15.496,5.2366,11.376,5.6828,1.0008,4.2853,8.5345,8.8638,0,0.32,0.66,0.02,0,0,0,1,0,0,0,0,1,0,0,0
1.0466,4.4465,8.3483,4.3161,12.514,26.785,18.261,14.547,5.9273,2.7522,1.0568,20.786,7.7778,4.4881,12.72,9.035,7.8751,6.6234,10.066,4.1712,3.5101,12.948,16.801,17.791,12.275,12.022,6.5519,5.7696,5.8152,3.5959,3.7129,8.8377,6.8278,0.038043,0.72283,0.23913,0,0,0,0,0.99457,0.0054348,0,0,0,0.98913,0.01087,0,0
0.19884,2.0313,11.436,5.372,20.778,31.713,17.05,6.8992,3.0844,1.2387,0.19884,12.056,7.6869,9.9989,6.5117,15.45,16.624,12.622,7.2181,6.2308,2.5593,3.0411,11.256,13.049,4.8899,7.8265,7.8591,11.287,11.642,9.5375,3.7091,12.429,6.5152,0,0,0.2087,0.7913,0,0,0,1,0,0,0,0,0,1,0,0
1.6493,0.39889,12.506,7.7558,14.021,39.494,3.9709,1.4493,3.6801,11.395,3.6802,5.4427,6.4596,1.6294,7.555,13.918,20.065,18.649,6.3449,8.9192,5.7104,5.3077,7.8444,6.5074,4.7572,1.4566,6.1126,21.628,14.313,10.798,15.378,8.6976,2.507,0,0,0.053097,0.9469,0,0,0,1,0,0,0,0,1,0,0,0
2.6787,2.2291,7.1522,7.3634,16.702,47.071,7.3583,2.1917,4.1045,3.149,0,6.8255,6.5081,6.6253,6.2039,13.498,20.897,19.068,6.3608,6.5616,3.7421,3.7099,5.3568,3.7676,4.7592,6.7356,6.6433,21.862,12.918,11.48,13.62,9.373,3.4836,0,0,0,1,0,0,0,1,0,0,0,0,1,0,0,0
6.3058,4.454,8.8071,4.3678,11.866,36.615,7.516,4.067,8.6449,6.8512,0.5048,9.1837,8.0925,9.5204,9.7945,11.69,17.514,12.13,7.7817,3.8619,3.9034,6.5281,9.3559,7.3253,7.745,6.2629,2.1801,15.221,14.869,4.9918,11.194,15.653,5.2027,0.093333,0.82667,0.08,0,0,0,0,0.98667,0.013333,0,0,0.24,0.76,0,0,0
4.9473,1.4377,7.1542,3.0875,19.539,49.873,4.7595,0.89902,4.8554,3.4479,0,11.767,5.198,9.2378,4.7104,14.781,26.956,10.172,9.4294,2.9196,1.5412,3.2879,3.9494,3.2359,4.6772,6.0385,12.018,15.899,16.244,4.7539,13.951,17.349,1.8846,0.42424,0.56061,0.015152,0,0,0,0,1,0,0,0,0.015152,0.98485,0,0,0
1.9672,0.89221,2.8172,9.2471,19.873,46.694,10.497,3.5683,2.2387,1.7344,0.4713,5.4915,10.408,7.1463,9.3425,8.1677,23.382,10.947,10.354,8.3767,3.089,3.2966,1.8857,0,5.1439,8.9693,14.527,12.047,7.875,18.441,15.309,12.077,3.725,0,0,0.008547,0.99145,0,0,0,1,0,0,0,0,1,0,0,0
0,5.5602,8.0937,9.6398,9.937,41.892,9.7602,3.2485,7.7267,1.902,2.24,6.6211,5.881,5.0541,7.9982,9.6575,21.69,12.716,10.751,5.0898,6.4359,8.1055,3.0199,6.1979,7.5324,10.507,11.214,12.131,9.1347,14.131,12.519,9.3129,4.2996,0,0.095652,0.28696,0.61739,0,0,0,1,0,0,0,0,1,0,0,0
2.2907,1.6666,3.2272,4.247,18.984,52.254,8.4891,4.3776,2.4801,1.8067,0.17705,6.169,12.301,5.4432,7.3512,7.5643,29.69,7.8415,8.8989,7.6267,4.1184,2.9953,2.7002,0.67402,6.258,6.1663,14.736,15.114,9.0021,16.661,12.012,11.077,5.5995,0.010753,0,0.032258,0.94624,0.010753,0,0,1,0,0,0,0,1,0,0,0
0,1.871,4.1153,7.2418,12.028,54.127,9.1982,5.1515,4.6738,0.70983,0.88311,6.3139,6.6582,3.5154,8.7971,8.9123,31.705,9.5394,5.6182,6.9713,5.4564,6.5132,3.8669,3.0817,5.2513,6.9061,18.85,15.349,11.193,8.9684,12.173,8.581,5.7798,0,0,0.015873,0.98413,0,0,0,1,0,0,0,0,1,0,0,0
1.904,0,8.0913,4.7931,20.34,47.815,2.2774,1.3108,8.1461,5.3227,0,3.4439,3.266,5.6408,7.8824,18.431,30.485,9.3329,4.7611,5.516,3.6238,7.6171,4.2544,1.9134,4.8988,0.96657,4.6336,27.044,22.234,8.9284,6.1551,14.323,4.6489,0,0,0.029703,0.9703,0,0,0,1,0,0,0,0,1,0,0,0
5.2534,1.6188,10.391,5.3162,10.462,51.762,2.6351,1.9776,5.2534,5.3302,0,8.2522,3.523,4.6229,7.0518,9.9706,34.553,11.156,6.698,4.2127,4.2326,5.7273,7.7525,1.8065,4.1812,2.5966,8.9407,28.968,13.343,4.5841,7.0755,16.198,4.553,0,0.040984,0.45902,0.44262,0.057377,0,0,1,0,0,0,0,1,0,0,0
0.35749,0,5.5978,11.793,23.991,43.247,3.5171,2.2689,5.2849,3.9425,0,4.932,0.88617,9.3759,16.169,16.604,20.108,7.0036,10.04,7.3663,5.8981,1.6172,4.3727,3.0574,2.7497,1.1017,7.8057,20.991,23.648,9.2745,11.41,10.892,4.6967,0,0,0.1165,0.84466,0.038835,0,0,1,0,0,0,0,0.8835,0.1165,0,0
0,0,5.9706,3.4247,20.151,62.014,4.8319,1.4592,0.54254,1.606,0,4.0355,2.5995,6.0312,7.3222,13.333,38.541,14.027,8.5431,0.99348,1.7475,2.8269,2.5367,4.4042,2.3169,3.7468,8.5913,35.351,12.97,12.555,4.9467,9.5436,3.0383,0,0.016529,0.041322,0.90083,0.041322,0,0,1,0,0,0,0,1,0,0,0
1.6995,0.82698,3.4205,4.7159,12.52,63.486,6.0313,3.9135,1.6995,1.6875,0,6.6757,4.6138,4.9418,3.3624,10.866,41.484,11.327,4.3464,3.441,4.9114,4.0303,3.4501,0.73147,4.0401,3.4034,17.58,28.62,9.1472,9.886,9.4462,9.2375,4.4578,0,0.016667,0.033333,0.86667,0.083333,0,0,1,0,0,0,0,1,0,0,0
0,0,1.1967,1.3757,9.2839,70.265,10.192,5.5789,2.1071,0,0,4.0508,2.0907,1.3937,7.5002,11.369,44.266,13.041,3.842,1.5569,9.3116,1.5784,3.2586,1.2362,2.5939,4.2083,19.456,30.391,14.136,13.324,3.5059,2.641,5.2489,0,0.094488,0.023622,0.88189,0,0,0,0.90551,0.094488,0,0,0,1,0,0,0
0.24539,0,3.314,1.7174,16.174,60.539,12.987,2.2458,0.94101,1.5908,0.24539,5.7402,2.7558,4.8612,6.8405,13.411,36.521,17.398,6.6387,2.324,2.1219,1.3866,0.69562,3.3379,2.7369,6.1206,12.491,31.016,14.229,13.792,6.245,4.7476,4.5885,0,0.0067568,0.013514,0.93919,0.040541,0,0,1,0,0,0,0,1,0,0,0
0,0,0.59706,0.65837,5.882,69.488,14.176,3.5961,4.408,1.1941,0,1.7233,1.1715,1.9287,7.2759,12.156,47.074,14.785,3.6572,2.5824,4.0662,3.58,1.1769,1.1715,3.5166,3.7926,18.693,36.118,13.807,10.304,4.8129,3.7121,2.8947,0.057143,0.84286,0.085714,0.014286,0,0,0,0.11429,0.88571,0,0,0,1,0,0,0
0,0.9195,4.7938,2.7893,10.561,53.078,12.72,10.3,3.9197,0.45975,0.45975,11.223,4.0175,1.2848,8.8925,12.578,26.849,9.7415,3.1033,2.6333,13.101,6.5764,4.2589,5.6563,6.4489,7.8942,16.684,16.933,11.978,6.3922,9.6983,5.6333,8.423,0,0.027027,0.09009,0.88288,0,0,0,1,0,0,0,0,1,0,0,0
0.45322,4.7799,8.2375,7.7646,10.284,29.724,9.2863,3.4877,15.692,5.4032,4.8865,6.7495,4.0356,3.957,7.2316,13.174,15.023,15.003,12.164,6.7133,7.1116,8.8375,1.8993,7.8028,6.2897,10.511,8.5414,3.6848,11.123,13.132,15.994,13.539,7.4829,0,0.032967,0.12088,0.84615,0,0,0,1,0,0,0,0,1,0,0,0
0.20876,11.762,13.993,3.5285,7.8537,36.499,4.9239,0.83205,13.118,3.6338,3.6475,11.511,2.2318,4.9085,6.3677,11.813,18.495,15.167,8.2587,3.906,7.0606,10.282,5.171,9.3701,6.611,9.8252,8.833,12.596,12.55,7.5963,9.6139,11.399,6.4352,0,0,0,0.98876,0.011236,0,0,1,0,0,0,0,1,0,0,0
0.2882,11.523,17.229,2.8136,2.2251,46.337,3.8977,0.53222,9.7094,2.2239,3.2212,11.208,3.8937,6.3594,4.0159,10.503,26.668,15.488,4.5798,3.3166,4.725,9.2423,9.1528,7.918,10.346,5.6972,6.1809,23.196,16.107,5.0133,6.6414,7.9262,1.8209,0,0,0.9863,0.013699,0,0,0,1,0,0,0,0,0.20548,0.79452,0,0
0,8.4538,11.205,3.6113,3.4329,51.231,4.6116,2.931,9.7116,3.2777,1.5344,11.739,2.4154,2.7718,4.4871,12.061,33.226,10.796,2.9818,3.7399,4.9613,10.82,4.0728,9.8752,6.6126,6.2863,12.517,25.327,13.639,4.7699,4.4654,8.0542,4.3802,0,0,0,0.35862,0.64138,0,0,1,0,0,0,0,1,0,0,0
0,13.581,16.971,2.9279,1.0064,53.031,2.2661,0.67999,7.3454,1.448,0.74286,9.838,3.8259,3.58,2.4568,14.908,28.817,15.99,4.2967,2.1263,4.0023,10.159,6.2745,17.092,7.0657,5.5066,7.1754,31.145,13.449,3.5206,2.6693,3.7582,2.3429,0,0,1,0,0,0,0,1,0,0,0,0,0.34043,0.65957,0,0
0,8.9647,11.123,2.4081,1.5285,64.373,1.5008,0.20034,7.9001,1.2479,0.75397,8.1889,2.506,4.8795,1.3073,15.501,35.342,15.069,4.3432,1.5802,2.5338,8.7487,6.1412,8.6432,4.0746,3.9714,3.8651,36.263,23.825,2.2987,2.3602,5.1535,3.4037,0,0.11842,0.88158,0,0,0,0,1,0,0,0,0,0,1,0,0
0,5.7163,16.44,0.54595,0.25368,63.169,0.76833,0.37092,9.088,3.2307,0.41687,9.6609,1.5593,3.412,2.76,15.749,37.888,13.976,1.1513,3.3504,4.0012,6.4912,5.1439,9.1839,3.7042,3.6381,3.5098,41.369,19.962,2.2491,1.813,6.3774,3.0497,0,0,1,0,0,0,0,1,0,0,0,0,0,1,0,0
0,3.7468,7.1988,0,3.8005,58.729,9.1212,3.2947,5.0788,5.4142,3.6158,6.691,2.8061,1.0625,7.1827,13.69,34.448,13.594,2.6436,4.0104,6.557,7.3143,2.0402,7.4017,5.3601,1.2545,18.031,29.616,13.87,11.155,4.3218,4.2093,2.7414,0,0,0,0.68702,0.31298,0,0,1,0,0,0,0,1,0,0,0
0,2.6719,9.7053,0.49765,0,57.605,2.4844,2.6022,15.063,5.9605,3.4105,5.1174,4.3247,3.0338,5.7055,13.676,39.991,9.0939,1.2663,6.1436,5.7679,5.8803,1.2737,9.313,2.324,1.9475,7.3704,44.422,9.8529,5.5323,3.8271,9.7162,4.4214,0,0,0.071429,0.071429,0.85714,0,0,1,0,0,0,0,1,0,0,0
0,2.5579,6.4147,0,1.3849,57.095,8.3638,1.1197,13.199,3.4468,6.4189,4.8831,2.7444,3.4449,6.8476,11.025,32.639,12.785,3.3702,4.0833,7.2925,10.886,0,3.0233,7.1544,5.1076,9.7434,37.23,14.007,8.21,2.7444,9.3346,3.4449,0,0,0.024242,0.26667,0.70909,0,0,1,0,0,0,0,1,0,0,0
0,6.6742,13.167,0,0,52.153,4.7999,0.78351,14.366,6.0175,2.0386,6.6742,4.9291,0.78351,7.4257,8.2379,39.536,7.4679,0,9.4268,4.4951,11.023,0,10.523,9.3188,3.4282,9.1893,40.642,6.5149,4.3231,4.9291,10.348,0.78351,0,0,1,0,0,0,0,1,0,0,0,0,0.575,0.425,0,0
0,8.5453,14.722,0.94808,0,57.032,1.212,0.93318,7.0539,4.8491,4.7048,10.293,1.7359,1.7774,5.8766,16.725,35.937,7.8103,1.3803,7.1641,3.7069,7.5936,0.43224,15.476,7.3199,1.2105,9.0335,39.53,13.386,4.2162,0.78777,5.6885,2.9191,0,0,1,0,0,0,0,1,0,0,0,0,0.077778,0.92222,0,0
0,1.9358,8.8959,0,0,51.851,2.6314,0.62402,15.615,8.9601,9.4873,6.1955,5.2433,4.8837,2.4861,16.149,26.449,11.059,0,5.1791,8.4019,13.953,0,6.3814,4.4503,3.1385,6.1591,40.067,10.97,7.9564,5.2433,10.751,4.8837,0.29167,0.041667,0.66667,0,0,0,0,1,0,0,0,0,0.30556,0.69444,0,0
0,4.1324,11.25,2.0662,0,80.485,0,0,2.0662,0,0,0,2.0662,6.6583,0,5.4956,66.265,8.7245,2.0662,4.5921,0,4.1324,11.25,2.0662,4.1324,0,0,65.102,10.791,4.5921,0,2.0662,0,0.15789,0.052632,0.78947,0,0,0,0,1,0,0,0,0,0.19298,0.80702,0,0
0,5.7394,13.101,2.2739,0.5958,73.229,0,0,5.0604,0,0,3.269,2.2739,6.59,0,6.9571,52.241,16.512,3.4655,1.3574,1.5382,5.796,9.4857,3.9481,7.0852,0.5958,0.5958,50.512,20.763,1.3574,0.5958,3.8688,1.1916,0.17284,0.012346,0.81481,0,0,0,0,1,0,0,0,0,0.17284,0.82716,0,0
0,0,0,0,0,100,0,0,0,0,0,0,0,0,0,10.414,81.494,8.0917,0,0,0,0,0,0,0,0,14.653,81.782,3.5649,0,0,0,0,0,0,0.33333,0.15686,0.5098,0,0,1,0,0,0,0,1,0,0,0
0,0,0,0,2.2377,97.762,0,0,0,0,0,0,0,0,0,11.488,84.272,4.2405,0,0,0,0,0,0,0,0,3.0516,82.533,12.178,2.2377,0,0,0,0,0,0.39583,0.083333,0.52083,0,0,1,0,0,0,0,1,0,0,0
0,0,0,0,0,100,0,0,0,0,0,0,0,0,0,7.5033,83.583,8.9141,0,0,0,0,0,0,0,0,16.308,81.398,2.2939,0,0,0,0,0,0,1,0,0,0,0,1,0,0,0,0,1,0,0,0
0,0,0,0,0,100,0,0,0,0,0,0,0,0,0,10.382,79.571,10.047,0,0,0,0,0,0,0,0,21.383,69.069,9.5476,0,0,0,0,0,0,0.92188,0.078125,0,0,0,1,0,0,0,0,1,0,0,0
0,0,0,0,1.4304,98.57,0,0,0,0,0,0,0,0,0,7.8706,85.751,6.3786,0,0,0,0,0,0,0,0,4.3884,88.554,5.627,1.4304,0,0,0,0,0,1,0,0,0,0,1,0,0,0,0,1,0,0,0
0,0,0,0,13.854,86.146,0,0,0,0,0,0,0,0,0,18.032,74.766,7.202,0,0,0,0,0,0,0,0,0,72.04,14.106,13.854,0,0,0,0,0,0.1,0.25,0.65,0,0,1,0,0,0,0,1,0,0,0
0,0,0,0,11.093,88.907,0,0,0,0,0,0,0,0,0,19.237,59.64,21.123,0,0,0,0,0,0,0,0,0,62.079,26.828,11.093,0,0,0,0,0,0.097561,0.60976,0.29268,0,0,1,0,0,0,0,1,0,0,0
12.082,4.7077,1.2854,2.645,6.6131,38.652,16.353,6.3696,8.7636,2.0888,0.43897,8.8537,11.079,4.7746,6.9014,16.463,20.192,12.297,9.4667,3.3697,3.5099,3.093,3.9991,11.61,5.6404,10.618,19.564,22.726,7.5136,0.89576,5.2502,4.9833,7.2001,0.038462,0.53846,0.38462,0.038462,0,0,0,1,0,0,0,0.038462,0.96154,0,0,0
0,0,0.4498,0,11.78,87.77,0,0,0,0,0,0.4498,0.4498,0,0,18.435,68.442,12.224,0,0,0,0,0,0,0,0,0,63.876,23.894,11.78,0.4498,0,0,0,0,1,0,0,0,0,1,0,0,0,0,1,0,0,0
0,0,0,0,5.1315,94.869,0,0,0,0,0,0,0,0,0,13.503,81.445,5.0521,0,0,0,0,0,0,0,0,0.35835,78.712,15.798,5.1315,0,0,0,0,0,1,0,0,0,0,1,0,0,0,0,1,0,0,0
0.6092,0,5.0821,0.35963,11.487,81.493,0,0,0.35963,0.6092,0,4.7224,4.4729,0.96883,0.96883,10.879,64.766,13.222,0,0,0,0,0,0.6092,0,0.6092,0,67.503,13.99,10.518,5.0821,0.6092,1.0789,0,0,0.6383,0.19149,0.17021,0,0,1,0,0,0,0,1,0,0,0
0,0,0.69221,0,27.132,72.176,0,0,0,0,0,0.69221,0.69221,0,0,33.414,49.197,16.004,0,0,0,0,0,0,0,0,0,35.673,36.503,27.132,0.69221,0,0,0,0,1,0,0,0,0,1,0,0,0,0,1,0,0,0
0,0.34688,0.34688,0.34688,0.34688,91.743,0.34461,1.2156,3.8834,1.4263,0,1.7732,1.0688,0.34688,1.2156,12.043,74.109,7.539,0.34461,0.34688,0,1.2133,0,0.34688,0.34688,0.69376,11.863,78.148,1.7321,1.4263,0.86871,1.9352,2.6397,0,0,1,0,0,0,0,1,0,0,0,0,1,0,0,0
3.5963,0.75388,0,0,6.497,72.412,12.93,1.3912,0.72566,1.6944,0,2.1751,2.1751,2.4765,8.8247,10.989,57.398,10.19,2.929,0,2.1168,0.72566,0,0.75388,1.4795,3.6828,17.121,62.843,6.7119,0.96874,4.3219,1.3912,0.72566,0,0,0.95506,0.044944,0,0,0,1,0,0,0,0,1,0,0,0
0,0,0,0.25405,0.33992,95.821,0,0,2.0863,1.4983,0,1.2443,0.84196,0,0.25405,7.3198,85.6,4.2318,0,0,0.50809,0,0,0,0,0,5.3527,88.841,1.6274,1.5842,0.25405,0.84196,1.4983,0,0,1,0,0,0,0,1,0,0,0,0,1,0,0,0
0.88616,2.4628,3.4734,0,1.9975,75.933,0.51389,0.37228,7.9998,4.9554,1.406,2.7924,2.7954,0,3.6815,11.443,52.673,16.944,1.9489,2.1979,4.3289,1.1949,1.406,1.0337,4.755,0,9.5101,47.64,20.85,0.43626,1.4001,10.399,2.5702,0,0.016949,0.91525,0.067797,0,0,0,1,0,0,0,0,1,0,0,0
0.86182,4.5226,6.3022,0.64392,6.4464,47.133,10.97,6.2981,11.254,4.2793,1.2879,14.7,5.946,2.4557,7.5055,10.281,28.156,9.7528,6.2346,1.7551,1.5537,11.66,9.5602,5.1912,11.852,9.1111,7.9099,31.723,3.3276,2.8037,4.9548,7.8151,5.751,0,0.30864,0.65432,0.037037,0,0,0,1,0,0,0,0,1,0,0,0
0,0,0,0,0,96.356,3.286,0,0.3581,0,0,0,0,0,2.9279,7.9457,86.892,1.5181,0.3581,0,0,0.3581,0,0,0,0,11.236,86.014,2.0336,0,0,0.3581,0.3581,0,0,0.93548,0.064516,0,0,0,1,0,0,0,0,1,0,0,0
0,1.2203,2.054,1.111,3.1841,80.082,4.1826,1.2203,4.0558,2.5356,0.35461,6.3479,2.7295,1.2128,3.7839,8.7042,68.478,4.071,0.70921,0.8657,1.1998,1.8975,1.0638,1.2203,5.0558,4.9159,11.394,64.988,3.6423,2.1184,2.1428,1.2203,2.2392,0,0.065789,0.93421,0,0,0,0,1,0,0,0,0,1,0,0,0
0.21898,0,1.384,1.3448,2.9931,92.313,0,0,1.1482,0.59836,0,0.85656,1.5668,0.96544,1.1258,1.5667,89.81,2.9116,0,0.21898,0.75875,0.21898,0,0,0,0.21898,1.2937,85.685,5.3341,2.0276,1.5444,0.83971,3.0567,0,0,1,0,0,0,0,1,0,0,0,0,1,0,0,0
0.39699,0,3.1149,0.72403,5.0855,89.557,0,0,0.72403,0.39699,0,2.3909,2.718,1.121,1.121,8.0033,75.258,9.3883,0,0,0,0,0,0.39699,0,0.39699,0,74.046,15.511,3.9645,3.1149,0.39699,2.1721,0,0.015873,0.98413,0,0,0,0,1,0,0,0,0,1,0,0,0
2.7806,0,6.4341,2.3161,11.958,73.821,0,0,0.69045,1.4639,0.53548,5.5612,3.6976,3.2254,3.4078,10.39,53.391,17.076,0,0.30896,1.8522,1.0902,0.53549,1.155,0,1.4639,0.84445,49.166,24.056,9.0227,6.415,3.0896,4.2516,0,0.16438,0.80822,0.027397,0,0,0,1,0,0,0,0,1,0,0,0
0,0,0,0,0.4896,99.51,0,0,0,0,0,0,0,0,0,7.9168,82.466,9.6167,0,0,0,0,0,0,0,0,16.629,71.429,11.452,0.4896,0,0,0,0,0,0.93671,0.063291,0,0,0,1,0,0,0,0,1,0,0,0
4.227,0.34626,2.7541,2.8391,6.1261,72.835,3.9817,0.87318,2.4366,2.791,0.78981,6.7716,4.857,1.9895,4.1621,2.514,64.643,4.9125,0.9131,0.94792,2.4766,5.813,0.79917,2.2864,3.3473,4.7004,7.5775,61.796,2.6159,3.7036,4.9648,3.1719,5.0367,0,0.2029,0.7971,0,0,0,0,1,0,0,0,0,1,0,0,0
11.221,1.1057,11.734,7.3586,15.294,43.077,1.5405,0.25863,1.3386,3.1516,3.9214,16.695,11.424,6.5855,5.2406,2.1643,27.694,10.981,0,1.439,11.274,6.5031,6.2695,2.858,2.0821,3.8267,4.1977,29.816,7.0773,11.286,16.561,6.7472,9.2779,0,0.51807,0.19277,0.096386,0.19277,0,0,1,0,0,0,0,1,0,0,0
15.248,0.89802,5.5739,10.198,14.676,39.734,5.5503,1.985,0.83372,3.356,1.9464,22.094,10.762,5.6233,4.3302,1.4558,24.912,7.2429,1.6308,1.2374,10.355,10.357,11.703,6.0267,1.1098,5.2251,6.2797,26.34,4.5424,9.3486,13.081,6.2487,10.096,0.029412,0.88235,0.088235,0,0,0,0,1,0,0,0,0,1,0,0,0
12.959,0,5.1822,6.3451,16.79,45.512,1.5934,0.28253,1.0498,4.6256,5.6598,19.897,13.47,11.029,2.2321,1.9281,24.924,9.5005,0,1.206,11.704,4.1102,8.6161,4.2672,1.4915,4.4449,5.3743,27.696,6.9622,13.533,16.426,7.7625,3.4258,0,0,0,0,1,0,0,1,0,0,0,0,1,0,0,0
16.445,1.1828,19.758,6.0956,13.195,28.58,2.6399,0.69586,1.6843,6.6546,3.0689,21.829,10.601,3.2388,9.8542,2.8015,18.607,10.182,0.53571,1.967,10.012,10.371,6.3099,6.3844,3.7496,6.8911,2.3242,24.542,2.9085,6.1393,21.141,7.9272,11.683,0,0,0,0.125,0.875,0,0,1,0,0,0,0,1,0,0,0
2.3632,7.1104,11.284,3.4241,9.3021,28.565,12.647,8.3891,9.4638,6.7217,0.73018,19.781,7.3969,3.1872,11.255,5.9674,12.25,8.4901,10.001,2.5043,4.3238,14.843,16.184,9.6931,16.156,9.4614,3.9378,13.762,4.9631,5.0646,5.0423,10.135,5.6004,0,0.015873,0.93651,0.031746,0.015873,0,0,1,0,0,0,0,1,0,0,0
0.40522,3.8192,6.1966,1.5514,5.9162,52.641,13.534,5.4724,6.9145,1.9508,1.599,12.516,6.7185,4.3212,7.192,10.048,36.511,6.008,4.8657,3.1848,1.1644,7.4706,7.7138,5.326,11.372,11.644,8.7652,33.246,7.0374,2.1908,4.1522,4.9169,3.636,0,0.91954,0.057471,0.022989,0,0,0,1,0,0,0,0,1,0,0,0
0.18826,3.8936,6.986,3.4081,8.7762,40.417,17.138,10.846,3.5512,3.4612,1.3347,15.372,7.0732,4.8706,7.4766,14.642,17.612,6.2117,9.757,5.2079,3.6681,8.1093,11.038,14.424,13.514,7.9528,11.366,17.293,9.2051,1.8966,2.7305,4.9905,5.5893,0,1,0,0,0,0,0,1,0,0,0,0,1,0,0,0
0.19906,4.277,5.8382,1.6808,5.7146,42.719,15.417,13.239,4.0562,4.6984,2.1601,12.994,6.5853,4.1889,7.289,14.28,21.465,9.0868,10.176,4.1508,3.4827,6.3006,8.1304,12.264,12.238,11.748,9.5762,17.776,10.363,2.0231,2.8377,4.4345,8.6102,0,0.97059,0.014706,0,0.014706,0,0,1,0,0,0,0,1,0,0,0
10.48,2.1764,1.4997,6.2571,10.644,47.523,7.8561,3.2837,3.3044,5.4173,1.5587,14.579,8.1912,1.956,4.22,3.8678,34.584,7.7955,4.5306,0.9287,8.6829,10.664,5.9077,6.6764,4.9507,6.2986,11.618,29.944,6.4597,7.0246,9.406,2.5956,9.1191,0.012048,0.91566,0.072289,0,0,0,0,1,0,0,0,0,1,0,0,0
18.438,4.5714,0.4699,3.4616,7.3701,44.884,7.4855,0.94489,4.6996,7.1374,0.53771,16.709,14.555,0.46042,1.2778,7.6217,26.821,9.2019,4.5286,0.41784,8.1315,10.275,6.8283,10.242,1.5905,6.5031,24.159,18.053,8.1998,6.4545,7.228,2.8631,7.8785,0,0,1,0,0,0,0,1,0,0,0,0,1,0,0,0
9.6864,4.6298,2.0182,3.3515,9.9384,41.531,6.5549,6.601,7.4142,8.0112,0.26301,14.302,7.6157,1.5731,2.6106,7.6805,25.515,13.861,7.8444,1.6957,5.6432,11.659,6.844,5.5762,4.2957,4.9613,9.2698,21.019,15.076,6.4312,6.3887,10.438,9.7001,0,0.98462,0.015385,0,0,0,0,1,0,0,0,0,1,0,0,0
17.909,4.5115,1.8116,2.1871,10.747,40.188,6.7414,4.4231,5.8381,4.4587,1.1856,20.97,9.6801,1.6415,5.1588,6.9337,21.935,10.972,6.1949,0.66634,6.1419,9.7059,11.08,8.8979,3.6798,4.0403,14.388,17.172,12.267,8.1523,5.7885,5.727,8.8076,0,0.05,0.6,0.35,0,0,0,1,0,0,0,0,1,0,0,0
0.42696,2.0152,3.6595,8.3333,13.485,40.871,5.2213,12.913,8.6562,4.0747,0.34443,9.2138,4.5124,2.3493,3.7199,12.767,18.608,12.814,15.931,2.2645,7.2242,10.597,3.4106,6.6422,6.3999,2.9088,4.9353,14.308,23.532,5.299,7.4897,11.993,13.081,0,0,0,0.6,0.4,0,0,1,0,0,0,0,1,0,0,0
8.3697,3.7294,2.5363,6.4369,18.117,33.19,3.9876,5.4212,9.5017,8.7106,0,15.906,6.9477,2.4045,3.5567,9.1485,19.104,12.023,11.354,2.6106,6.3796,10.566,6.4808,3.1099,2.4519,3.3838,3.4376,12.139,20.842,12.228,10.686,14.25,10.991,0.19565,0.58696,0.065217,0.043478,0.1087,0,0,1,0,0,0,0,1,0,0,0
5.9265,1.8017,2.7399,5.9619,23.088,34.472,1.9904,6.0894,16.098,1.8321,0,11.453,3.5813,7.0076,7.7908,10.06,14.335,15.156,9.3152,4.1246,8.1734,9.0046,4.8948,3.3668,2.4247,0.91455,3.9374,7.3735,29.157,13.933,6.5244,13.369,14.105,0.46154,0.30769,0.11538,0.076923,0.038462,0,0,1,0,0,0,0,1,0,0,0
17.997,2.5156,2.9993,5.0485,14.624,29.781,12.141,2.4492,3.4349,5.8622,3.1477,21.051,12.918,2.6876,7.5396,3.4854,13.523,9.4936,3.5035,1.3947,11.28,13.123,9.1669,13.127,5.7034,5.0996,7.4244,14.582,7.4514,8.6219,10.764,6.3758,11.684,0,0,0,0,1,0,0,1,0,0,0,0,1,0,0,0
44.191,4.6958,0.82579,3.3428,8.3945,21.411,5.2292,2.9782,2.1984,5.3827,1.3508,46.835,7.4829,0.92821,3.2235,2.7932,9.6766,8.2902,4.9467,0.85099,6.8044,8.1686,38.853,7.9198,4.5405,3.6389,6.2979,8.1095,9.3022,5.8032,5.578,4.839,5.118,0,0,0,0,1,0,0,1,0,0,0,0,1,0,0,0
15.612,3.9871,3.6922,4.9335,11.096,32.492,4.8383,6.3744,8.3699,8.4037,0.20027,18.76,6.1347,3.3267,5.5127,8.8089,17.125,13.676,7.3106,2.459,7.7549,9.1317,11.246,7.815,3.7481,2.9601,6.949,15.069,13.984,9.0152,6.8794,12.454,9.8809,0,0.11111,0.18519,0.7037,0,0,0,1,0,0,0,0,1,0,0,0
19.257,2.4142,2.9655,10.749,20.191,27.505,1.9536,3.9411,7.1529,3.8721,0,22.985,5.2262,3.8808,6.1331,5.8706,16.646,11.499,9.3083,5.7743,7.9162,4.7602,17.859,3.6624,3.1814,1.1578,3.5655,8.2567,19.77,13.358,10.695,13.204,5.2902,0,0.058824,0.44118,0.5,0,0,0,1,0,0,0,0,1,0,0,0
1.5957,3.3897,0.63876,1.214,1.5172,26.507,54.168,7.0282,3.5823,0,0.35967,2.4489,4.109,12.645,3.807,14.294,13.269,29.953,11.024,6.8218,1.1334,0.49463,0.8543,4.3743,12.037,40.147,21.071,12.764,0.35967,1.5172,1.8101,2.4823,2.5838,0,0,0,0,1,0,0,1,0,0,0,0,1,0,0,0
0,2.4646,0,0,0,20.912,73.907,2.287,0.43029,0,0,3.0334,2.4646,3.2831,3.0334,20.072,12.988,31.339,19.895,3.891,0,0,0,2.0343,7.785,44.854,33.942,10.524,0,0,0.43029,0,0.43029,0,0,0,0.092593,0.90741,0,0,1,0,0,0,0,1,0,0,0
0,2.6227,15.575,1.5136,0.26756,35.842,26.584,8.4937,9.1017,0,0,6.1548,2.5202,7.4453,7.0028,8.7783,25.686,6.8294,16.664,5.3312,5.522,8.0658,6.0692,11.975,13.228,20.66,13.178,13.464,11.591,0.38953,0.86004,4.3483,4.2368,0,0,0.033333,0.033333,0.93333,0,0,1,0,0,0,0,1,0,0,0
0,0.67014,12.722,4.9727,0.80557,49.579,13.152,7.4557,10.643,0,0,7.8836,1.4071,5.5212,3.5056,13.611,30.957,9.4862,8.6578,4.3208,6.497,8.1525,5.1777,9.23,8.5336,10.684,5.2414,18.047,23.97,0.78924,0.90031,10.83,6.5975,0,0,0.046512,0.13953,0.81395,0,0,1,0,0,0,0,1,0,0,0
0,3.8127,0.81167,14.028,0.70035,70.433,0.70035,1.512,8.0025,0,0,6.3753,8.7029,0.35018,0,12.165,53.754,0,0,0.35018,1.1619,17.14,0.70035,1.0505,1.512,0,0,55.482,22.603,1.1619,4.1629,12.977,0.35018,0,0,1,0,0,0,0,1,0,0,0,0,1,0,0,0
0,2.24,9.5126,13.005,4.8027,53.796,6.2366,4.4983,5.9085,0,0,11.073,6.9627,2.5059,1.4283,9.7614,36.828,6.1194,4.5233,3.9755,4.4748,12.347,8.8005,10.735,5.3475,2.1198,1.5647,31.891,21.317,1.7238,3.8966,7.7943,4.8106,0,0.1,0.9,0,0,0,0,1,0,0,0,0,1,0,0,0
0,0.81094,13.005,9.7053,7.0015,59.286,4.3067,2.6408,2.6747,0,0.56852,7.6755,2.8716,2.5174,1.9856,7.2916,44.514,9.1941,5.4744,2.5725,4.7603,11.143,10.059,8.8594,5.5693,2.4449,1.1712,34.365,24.99,3.5742,3.0105,4.1438,1.8128,0,0.55814,0.44186,0,0,0,0,1,0,0,0,0,1,0,0,0
0,0.60953,6.0613,14.115,1.013,63.988,3.3684,3.4631,7.3817,0,0,4.1233,11.945,0.73281,0,7.8099,54.431,3.016,2.563,1.6473,3.6955,10.037,3.2207,3.8562,3.9753,1.7459,1.5978,47.19,20.759,1.742,0.35404,8.6114,6.9472,0.085106,0.06383,0.85106,0,0,0,0,1,0,0,0,0,1,0,0,0
0,0,0,0,1.7374,98.263,0,0,0,0,0,0,0,0,0,14.531,76.421,9.0477,0,0,0,0,0,0,0,0,14.449,72.247,11.566,1.7374,0,0,0,0,0,0.94366,0.056338,0,0,0,1,0,0,0,0,1,0,0,0
0,4.258,4.2151,16.4,1.1579,68.557,1.7863,2.5492,1.0764,0,0,8.1569,10.255,0.43909,0,5.4248,57.93,1.2548,1.2892,1.033,2.771,11.446,2.3459,3.166,3.2445,0.31419,0.62838,55.911,12.208,1.7959,4.3829,6.1208,9.8831,0.14286,0,0.85714,0,0,0,0,1,0,0,0,0,1,0,0,0
1.1134,0,0.87601,16.511,20.371,55.472,0.8548,3.6803,0,1.122,0,2.4941,1.9549,7.2291,2.0817,9.8419,38.318,15.672,11.789,5.3211,2.8575,2.4405,1.9642,1.0064,3.2927,0.61739,3.0868,17.731,48.129,7.2569,4.6309,10.913,1.3713,0,0.014493,0.98551,0,0,0,0,1,0,0,0,0,1,0,0,0
0,1.735,12.804,4.2132,1.1289,33.125,26.535,13.088,6.614,0.31124,0.44579,6.0054,3.4984,9.7317,6.0481,12.216,18.937,14.095,9.9916,8.5268,3.9064,7.0437,9.1776,8.2581,15.361,20.422,11.691,10.511,7.9516,1.2028,1.5852,8.5048,5.3341,0,0,0,0,1,0,0,1,0,0,0,0,1,0,0,0
0,3.5821,20.155,6.3144,1.7138,39.436,13.459,8.8106,6.5289,0,0,6.1768,4.8723,4.2136,4.0459,5.7479,31.563,7.2073,9.3495,6.8293,6.0914,13.903,12.583,13.755,10.836,7.6574,8.8007,18.229,16.189,1.3652,1.6061,5.9859,2.9918,0,0.0375,0.85,0.0625,0.05,0,0,1,0,0,0,0,1,0,0,0
0,1.3673,13.185,5.2643,1.6632,38.012,18.021,9.5661,11.962,0.45104,0.5082,7.7433,4.9759,7.718,11.436,6.7147,25.155,6.4451,12.522,7.9789,4.5425,4.7684,7.9772,17.588,8.8708,11.556,7.552,10.097,16.01,1.4674,1.9953,8.0502,8.8363,0,0,0.083333,0.23333,0.68333,0,0,1,0,0,0,0,1,0,0,0
0,0.88005,18.267,6.0051,3.1548,34.32,19.59,11.419,5.1108,0.6992,0.55374,9.9817,3.2559,9.5893,9.3176,10.581,26.395,8.0336,5.7669,5.7828,3.9896,7.3066,13.301,11.337,17.04,9.6798,8.2887,11.396,13.545,2.4562,3.4068,5.5713,3.9786,0.012048,0.024096,0.63855,0.13253,0.19277,0,0,1,0,0,0,0,1,0,0,0
8.5702,4.7857,7.2973,9.2435,2.587,19.324,25.019,9.9636,3.0626,6.6577,3.4895,15.248,4.1987,7.4304,17.792,8.9435,19.446,7.1773,8.7987,9.0268,0.7877,1.151,6.2434,13.062,15.802,7.8762,8.0086,7.6462,6.243,5.0517,9.3653,7.8787,12.823,0,0,0,0,1,0,0,1,0,0,0,0,1,0,0,0
0,0,7.1127,0,1.5139,59.425,15.903,0,8.5269,0.48002,7.0387,9.4869,7.2416,4.7625,9.8679,14.839,17.773,19.258,11.228,2.7862,0.96004,1.7975,2.867,1.3788,2.867,19.153,11.712,27.957,24.24,1.1629,0.61513,5.2169,2.83,0,0,0.15,0.25,0.6,0,0,1,0,0,0,0,1,0,0,0
0,0.83249,10.254,12.47,6.0583,46.446,10.308,8.4623,4.8912,0.27851,0,13.783,5.3198,5.952,5.5404,7.7678,30.959,5.4756,4.8652,4.2084,5.0538,11.075,10.301,11.157,9.3476,3.4226,2.3575,20.884,21.165,4.0823,4.7624,7.609,4.9126,0,0,1,0,0,0,0,1,0,0,0,0,1,0,0,0
4.4271,2.8105,7.5451,13.656,11.379,20.3,14.178,11.033,7.2526,1.9294,5.4889,6.5689,8.3764,11.723,20.085,9.9984,18.784,5.1404,7.7552,7.8068,1.6026,2.1587,10.017,8.3495,16.842,7.5255,4.4258,8.8228,12.238,9.4033,10.052,7.1756,5.1485,0,0,0,0,1,0,0,1,0,0,0,0,1,0,0,0
1.0699,0.96195,9.59,13.264,9.2329,37.773,12.996,7.0519,5.5458,1.4722,1.0421,12.746,5.2333,6.3923,8.1675,6.3092,25.908,7.4158,8.1182,6.0921,4.6044,9.0132,11.217,14.995,10.452,1.9819,1.3656,15.789,19.552,6.5516,7.0789,4.338,6.6793,0.14103,0.025641,0.62821,0.025641,0.17949,0,0,1,0,0,0,0,1,0,0,0
0,0.55025,7.9969,18.434,11.545,42.475,11.084,4.584,1.5631,0,1.7682,14.267,5.6136,8.3058,3.5259,7.9413,19.332,7.8955,5.9527,2.1935,5.7759,19.197,15.787,14.415,8.9278,2.646,2.646,20.766,19.489,5.0306,5.158,2.5564,2.5778,0,0,1,0,0,0,0,1,0,0,0,0,1,0,0,0
0,2.5808,5.8714,20.729,12.806,38.036,8.9383,4.9996,4.7464,0.61789,0.67506,8.1925,5.5001,6.8052,7.5813,7.0848,18.717,9.0028,8.4781,1.1031,4.196,23.339,12.753,11.186,11.094,2.6683,1.2123,17.671,18.885,6.9409,11.689,1.7456,4.1554,0.086207,0.068966,0.58621,0.13793,0.12069,0,0,1,0,0,0,0,1,0,0,0
0,6.7924,11.547,6.1056,17.104,21.653,21.093,10.66,4.6973,0.2321,0.1152,15.794,10.242,10.133,6.9217,11.444,9.7255,7.7403,5.1749,5.4572,8.1488,9.218,22.021,17.419,11.682,6.308,8.1344,1.0033,6.0474,6.772,3.048,11.045,6.5187,0,0.24615,0.75385,0,0,0,0,0.3,0.7,0,0,0,0,1,0,0
0,3.8552,10.039,3.5762,16.133,22.412,21.825,18.208,3.8468,0.10483,0,14.613,6.3401,15.086,7.03,13.364,8.3381,8.7722,5.5522,6.8883,5.3826,8.6335,31.1,20.415,9.771,3.2461,8.1422,0.68187,3.1363,4.6848,5.321,9.0367,4.4651,0,0.22857,0.74286,0.028571,0,0,0,0.057143,0.94286,0,0,0,0.057143,0.94286,0,0
0,12.748,6.043,6.8678,28.596,14.325,19.072,6.8419,5.4018,0,0.10384,11.996,10.666,7.2408,7.6858,5.6336,7.571,5.0701,5.6139,3.1182,17.63,17.774,17.797,17.594,14.011,7.4045,3.6797,0.38966,6.7512,13.483,1.2328,13.541,4.1157,0,0,0.98361,0.016393,0,0,0,0.032787,0.96721,0,0,0,0,1,0,0
0.13875,7.4272,11.722,5.3827,18.308,20.135,18.823,11.65,5.3078,0.96765,0.13875,12.362,12.837,8.0825,6.3322,11.024,9.4005,7.4762,4.6083,7.5522,9.0931,11.231,20.785,18.459,13.968,4.8341,5.4134,2.8056,5.7215,7.6969,2.4399,12.272,5.604,0.030928,0.73196,0.21649,0.020619,0,0,0,0.28866,0.71134,0,0,0,0.10309,0.89691,0,0
0,2.183,5.7807,7.7053,21.637,27.754,16.126,11.748,3.375,3.0972,0.59362,12.523,7.138,11.246,12.961,18.409,9.824,4.3169,8.8453,4.6362,5.9156,4.1849,9.9109,14.776,6.9764,5.8603,10.743,5.2072,13.9,8.2921,7.0842,9.7976,7.4522,0.125,0.67708,0.1875,0.010417,0,0,0,1,0,0,0,0,0.91667,0.083333,0,0
0,5.1628,9.8931,5.2611,20.624,19.637,22.803,12.064,4.2053,0.3496,0,16.91,9.329,8.7679,7.1072,13.203,9.0729,7.6942,8.1507,5.6,6.778,7.3869,17.941,14.768,9.0846,7.4372,8.8118,1.7419,8.0716,8.9102,4.4901,10.753,7.9912,0,0,0.30909,0.67273,0.018182,0,0,1,0,0,0,0,0,1,0,0
0,0,0,0,3.1085,96.891,0,0,0,0,0,0,0,0,0,29.859,59.977,10.164,0,0,0,0,0,0,0,0,11.506,62.42,22.965,3.1085,0,0,0,0,0,1,0,0,0,0,1,0,0,0,0,1,0,0,0
0.24938,9.638,18.897,5.3403,13.439,18.553,15.034,10.082,6.7779,1.7403,0.24938,17.172,11.051,6.9491,6.2785,8.8311,8.2571,9.9117,3.1114,6.3393,9.4471,12.651,21.981,16.264,13.484,6.2192,6.4156,1.8515,4.785,7.067,3.2375,10.715,7.9804,0.09375,0.75,0.15625,0,0,0,0,0.78125,0.21875,0,0,0.75,0.21875,0.03125,0,0
1.7907,3.6224,12.453,5.1173,16.076,26.174,16.991,9.1044,5.5804,1.9013,1.1892,14.965,10.986,10.693,6.3947,13.429,12.113,9.0022,5.2809,6.1554,4.7967,6.1842,12.877,12.414,9.38,9.0946,9.0633,5.6093,7.8262,10.576,4.4034,11.179,7.5773,0,0.099174,0.78512,0.1157,0,0,0,1,0,0,0,0,0.099174,0.90083,0,0
0,0,6.6284,13.79,20.935,38,0.50836,1.4311,12.411,6.2949,0,2.8312,0.50836,12.482,12.702,18.413,18.588,5.9893,6.6058,11.854,5.1212,4.9054,3.5479,2.0965,3.4949,1.0167,7.1095,16.02,23.723,8.52,14.152,12.827,7.4918,0,0,0.088889,0.68889,0.22222,0,0,1,0,0,0,0,1,0,0,0
3.4723,4.1722,11.981,8.3911,13.85,27.523,10.718,10.297,7.5876,1.6173,0.38988,15.571,9.2563,7.3218,8.6929,9.474,11.613,9.1667,2.6414,8.1165,8.4464,9.6999,14.875,10.109,11.235,4.424,7.7853,5.6596,9.6121,11.865,4.9995,10.832,8.6029,0,0.95455,0.045455,0,0,0,0,1,0,0,0,0,1,0,0,0
10.98,3.7805,7.5189,3.6898,13.334,31.411,8.6728,9.2197,7.4119,3.0256,0.95538,17.576,9.1146,8.4893,6.191,9.3301,14.162,6.4756,5.4855,8.3492,6.1585,8.6677,13.701,11.854,5.956,4.7718,10.816,5.7453,10.731,13.211,5.8327,9.3486,8.0333,0,0.17526,0.82474,0,0,0,0,1,0,0,0,0,1,0,0,0
4.6181,8.3157,10.448,2.7879,11.73,36.543,3.7496,0,7.7219,6.6975,7.3883,17.229,8.3207,4.4935,4.6682,8.1357,13.96,14.178,12.211,5.9315,7.4075,3.4645,1.2973,10.439,8.2217,3.9679,9.5632,8.9766,24.259,7.5538,9.9521,10.685,5.0837,0,0.22727,0.77273,0,0,0,0,1,0,0,0,0,1,0,0,0
0,3.7089,12.963,9.704,18.071,26.004,15.556,9.9501,3.1609,0.88192,0,15.141,10.078,9.0923,8.5685,12.161,14.323,6.8592,7.124,6.2983,4.4227,5.932,15.9,18.53,8.2972,4.3508,10.643,2.2396,10.851,7.1274,6.1777,10.594,5.289,0,0,0.47727,0.5,0.022727,0,0.022727,0.97727,0,0,0,0,0.18182,0.81818,0,0
0.25536,0.28078,8.1043,7.5231,17.826,42.702,12.718,6.1638,2.9244,1.2459,0.25536,8.9556,4.9901,7.9823,4.5438,14.795,29.316,12.941,6.3995,6.2103,1.0504,2.8151,5.7354,7.7868,4.5059,5.8624,7.9017,26.178,9.2252,8.9904,10.429,7.57,5.8152,0,0,0.41892,0.58108,0,0,0,1,0,0,0,0,0.7973,0.2027,0,0
2.4939,1.7289,2.9093,10.527,19.904,39.308,1.1299,8.1497,8.5944,3.8503,1.4049,11.308,2.8305,3.0035,5.3787,10.396,14.641,15.818,13.184,1.9865,9.41,12.044,2.2864,3.3965,1.6547,1.2033,4.6928,11.931,26.052,12.139,9.0722,11.928,15.645,0,0,0,1,0,0,0,1,0,0,0,0,1,0,0,0
1.515,5.5645,13.291,6.5544,14.767,23.636,14.108,11.79,6.1889,1.6391,0.94534,12.412,12.16,7.1816,5.9055,11.698,9.0018,8.5763,3.7125,8.6945,9.187,11.47,16.159,15.299,13.264,5.3601,6.1643,5.2688,6.6983,9.4048,2.9473,11.958,7.4775,0.067797,0.64407,0.28814,0,0,0,0,0.9322,0.067797,0,0,0.12712,0.48305,0.38983,0,0
1.8195,0.83697,11.692,3.9681,13.666,42.174,13.844,5.4259,3.8635,1.1476,1.5623,9.137,5.9935,9.4786,5.7248,13.367,23.184,14.988,7.6267,7.1757,1.3928,1.9321,5.7839,9.1335,6.0035,9.1538,6.8997,19.574,10.342,15.004,5.6254,8.5803,3.8995,0,0.020408,0.60204,0.32653,0.05102,0,0,1,0,0,0,0,0.9898,0.010204,0,0
3.5389,0.64906,8.8605,1.2649,10.933,44.801,21.087,2.9006,2.2959,1.1556,2.5143,8.3865,4.6814,6.8896,9.1034,9.198,29.333,10.293,7.8097,12.088,1.4936,0.72357,1.3484,5.3044,7.7161,8.9593,16.245,14.181,14.23,13.306,8.7846,5.4884,4.4361,0,0,0,1,0,0,0,1,0,0,0,0,1,0,0,0
8.7789,4.5509,11.109,2.5874,9.5706,30.254,9.1314,11.146,7.7642,2.9905,2.1174,16.139,9.3747,13.532,7.6616,10.021,10.36,7.5503,6.4055,7.2827,3.332,8.3417,11.107,13.843,7.391,8.45,10.073,6.1015,8.5677,13.216,4.2805,7.904,9.0664,0,0.013158,0.65789,0.31579,0.013158,0,0,1,0,0,0,0,0.55263,0.44737,0,0
16.038,1.4352,7.6517,1.7985,13.209,37.493,12.26,3.2443,3.3648,0.80511,2.6997,21.981,7.3085,7.4011,6.6957,9.1663,19.279,5.9474,7.0703,9.2807,2.8796,2.9906,13.875,5.9776,6.321,6.98,13.865,10.696,11.86,11.961,8.4877,6.0315,3.9445,0.019868,0.0066225,0.066225,0.90728,0,0,0,1,0,0,0,0,1,0,0,0
6.0664,2.4595,11.841,4.0239,9.9213,34.316,9.6341,12.945,5.308,1.8251,1.6603,15.596,9.1615,11.503,5.3059,12.269,15.95,8.5443,5.2613,6.7341,4.4669,5.2074,9.7835,11.334,8.5743,7.1059,10.105,8.9983,9.4,11.779,5.5241,10.227,7.1696,0,0.29787,0.41489,0.19149,0.095745,0,0,1,0,0,0,0,0.67021,0.32979,0,0
4.2145,1.7723,3.1386,10.138,24.994,33.627,1.8838,4.3564,11.728,3.9442,0.20298,8.6017,3.5362,5.1787,8.2769,7.7616,16.799,13.138,15.101,5.5419,7.8204,8.2436,2.4684,1.7064,3.1706,1.0202,3.2786,10.972,23.477,17.597,11.887,14.514,9.9089,0,0,0,1,0,0,0,1,0,0,0,0,1,0,0,0
6.5156,1.5433,2.9855,14.484,19.713,34.772,1.1657,7.774,5.7504,5.296,0,11.231,4.3949,3.9461,5.5727,10.765,17.685,12.529,11.758,2.9612,10.742,8.4163,5.1345,4.0742,3.4062,1.1231,4.2963,8.2597,25.852,13.914,11.913,12.842,9.1853,0,0.041667,0.1875,0.77083,0,0,0,1,0,0,0,0,1,0,0,0
15.882,1.0125,7.4302,6.1323,11.966,28.736,8.8021,12.815,5.03,0.98164,1.2135,22.644,8.7834,8.6432,7.0495,8.99,14.878,6.3518,4.3592,6.7,5.6304,5.9707,18.775,7.8601,8.312,4.9067,9.1167,6.5734,10.472,13.556,4.2428,9.905,6.2803,0.018868,0.037736,0.35849,0.57547,0.009434,0,0,1,0,0,0,0,0.9717,0.028302,0,0
17.112,1.3361,3.5715,3.3672,15.657,41.397,6.0284,2.9994,2.1175,2.2949,4.1182,26.041,6.3569,3.6556,5.5519,8.5223,24.081,6.7269,5.7948,7.0752,3.5101,2.6846,14.096,4.0976,5.1544,5.1833,16.762,8.5106,14.864,12.917,10.236,4.2484,3.9305,0,0,0.96825,0.031746,0,0,0,1,0,0,0,0,1,0,0,0
6.9197,2.0948,2.17,12.418,16.675,51.931,2.5502,4.3555,0.88514,0,0,8.4856,2.3624,2.8825,4.3621,9.15,33.091,16.757,7.5748,5.1246,6.5367,3.673,5.4298,7.0261,3.9632,0.89265,3.8467,22.347,34.704,7.4679,3.2084,8.7643,2.3496,0,0,0.87234,0.12766,0,0,0,1,0,0,0,0,1,0,0,0
12.753,0.46929,4.7148,6.6926,10.713,45.345,4.817,1.4109,2.3865,6.5746,4.1229,15.198,10.679,3.0441,4.6432,1.0902,31.324,8.6311,1.0178,1.5638,11.561,11.248,5.7864,7.0792,3.873,6.4557,6.5682,31.47,4.0065,7.6565,14.962,4.0518,8.0908,0,1,0,0,0,0,0,1,0,0,0,0,1,0,0,0
1.3081,1.3941,3.0312,1.4162,5.9075,60.846,11.068,5.8757,5.1134,3.1771,0.86257,9.0339,3.7111,1.6609,5.6359,9.9921,46.046,8.0884,5.2011,2.3485,1.8043,6.4776,3.4078,4.8987,9.4687,7.7571,14.142,39.185,7.0077,2.6133,3.5881,2.5999,5.3315,0,0.97872,0.021277,0,0,0,0,1,0,0,0,0,1,0,0,0
3.4918,3.7174,15.241,5.1125,5.2032,35.714,8.5852,0,8.9578,9.7431,4.2332,16.709,6.6811,6.3602,3.9261,12.17,19.476,11.724,8.8687,6.883,5.2213,1.9814,2.9914,11.221,9.088,8.9933,5.5888,7.6785,18.84,7.0106,10.413,14.53,3.6452,0.04,0.32,0.64,0,0,0,0,1,0,0,0,0,1,0,0,0
1.8486,0,6.8904,0.30619,5.7837,62.448,15.374,0.30619,2.8731,1.4595,2.7111,3.3437,3.2966,1.5424,10.804,5.2055,39.701,11.147,8.6617,6.1123,1.8014,8.384,0,2.2249,7.0744,9.9257,13.132,37.149,13.552,9.3175,4.8896,2.2681,0.4667,0,0,0,0.67176,0.32824,0,0,1,0,0,0,0,1,0,0,0
0.92439,0,4.6613,0,1.509,68.92,8.5305,0,11.217,2.7203,1.5183,1.6835,4.6613,1.6835,8.3866,8.7356,33.859,11.261,7.406,2.4896,7.5358,12.298,0,0.98059,4.2654,8.3867,9.7946,40.841,18.358,3.4936,5.5857,7.5358,0.75913,0.04878,0.060976,0.14634,0.085366,0.65854,0,0,1,0,0,0,0,1,0,0,0
7.3745,0,3.6169,0.54339,10.966,59.876,10.409,0.54339,1.7015,0.94584,4.0227,12.716,4.8161,1.3959,8.3809,10.043,32.079,9.3507,9.2564,5.3666,1.7015,4.8936,4.5618,1.8323,4.6014,8.1054,14.187,25.358,20.75,10.253,7.3202,2.6096,0.42025,0,0,0,0.65,0.35,0,0,1,0,0,0,0,1,0,0,0
3.5129,0,4.9143,0,6.7418,66.854,6.6759,0,3.538,1.9279,5.8347,7.4822,3.3423,2.122,6.9414,9.9656,37.931,10.731,6.5569,2.7725,2.327,9.8286,0,0,5.5648,10.445,11.389,43.31,15.782,3.8795,7.3023,2.327,0,0.095238,0.22222,0.15873,0.25397,0.26984,0,0,1,0,0,0,0,1,0,0,0
0,2.6433,8.1112,0,0,57.582,9.34,0,7.8898,6.2066,8.2271,4.9883,1.9308,2.345,10.086,8.596,40.046,7.8573,1.9752,4.5741,5.2465,12.354,0,4.5741,6.1804,4.5416,5.8029,50.171,12.288,4.2758,1.9308,7.8898,2.345,0.1831,0.11268,0.70423,0,0,0,0,1,0,0,0,0,0.3662,0.6338,0,0
13.509,0.96397,4.2036,1.3038,15.658,45.305,8.7242,0.86248,2.9152,2.671,3.8845,18.145,8.2326,6.4927,8.4318,9.0917,21.622,4.7034,7.4246,8.2167,4.0216,3.6184,10.121,3.9662,4.1822,7.2799,14.17,13.775,16.61,10.587,11.253,6.0938,1.9621,0,0.013793,0.26207,0.72414,0,0,0,1,0,0,0,0,0.9931,0.0068966,0,0
7.6398,3.1013,2.0039,0.20612,12.323,57.233,1.7819,0.20612,2.9768,8.07,4.4579,17.446,5.0305,2.8722,3.8018,15.195,23.994,9.8896,9.9777,5.8268,3.9977,1.9691,4.0564,2.5562,4.5445,7.9221,9.0324,14.61,24.991,12.357,13.719,4.3505,1.8605,0,0,0.02069,0.94483,0.034483,0,0,1,0,0,0,0,1,0,0,0
4.658,6.5414,6.988,2.002,8.7709,48.972,4.5579,0,6.7079,5.7629,5.0388,15.339,8.5692,5.7267,4.4475,16.468,18.666,10.151,9.7794,5.6476,4.1523,1.0531,1.6544,6.6393,6.3561,9.4974,10.413,10.823,22.729,10.016,9.8017,8.8524,3.2174,0.04,0.4,0.56,0,0,0,0,1,0,0,0,0,1,0,0,0
4.1859,4.6367,7.7883,2.9579,4.7297,44.412,2.3634,0,10.329,10.593,8.0045,15.265,5.6999,4.9097,4.1712,15.811,14.129,11.967,11.151,6.8985,8.4818,1.5162,1.2756,7.267,6.8525,6.9598,5.9292,12.823,23.834,5.8722,16.179,8.6742,4.333,0,0.054945,0.37363,0.57143,0,0,0,1,0,0,0,0,1,0,0,0
0,0.50719,13.531,14.589,13.815,42.109,6.0234,0,1.4547,2.4899,5.4802,14.422,4.5984,7.8232,1.5357,15.382,12.553,10.249,3.2106,0.56667,2.1085,27.551,15.134,15.428,9.8526,6.4231,6.4764,21.097,16.573,2.9566,2.2441,2.9756,0.83928,0,0.030769,0.96923,0,0,0,0,1,0,0,0,0,1,0,0,0
1.2313,0.62744,10.354,10.085,11.479,45.051,9.7984,0,3.116,5.9696,2.2886,14.545,4.7223,6.8484,5.9159,10.758,16.815,14.169,8.5204,0.73413,2.4208,14.551,4.9886,11.65,10.356,6.9744,8.2654,16.097,25.983,7.372,3.7681,3.248,1.2982,0.0125,0.0125,0.9375,0.0125,0.025,0,0,1,0,0,0,0,1,0,0,0
3.403,4.122,14.819,5.1481,8.6019,35.519,9.6355,0,5.2407,9.5881,3.9231,16.939,7.2234,6.5232,2.7927,12.678,15.545,15.106,8.7585,5.3693,5.5555,3.5096,4.3277,9.8201,11.785,8.5718,3.5824,10.805,23.229,7.5511,5.649,12.519,2.1589,0.0084746,0.21186,0.77966,0,0,0,0,1,0,0,0,0,1,0,0,0
4.505,2.7122,6.7614,2.7847,18.573,36.492,10.948,0,4.5285,10.53,2.1653,19.267,6.2343,5.9573,3.6443,10.663,15.072,21.609,9.7297,1.2346,2.6672,3.9219,2.7279,6.9701,8.4962,10.739,11.331,9.6111,26.845,11.354,3.1801,7.0241,1.7226,0.2,0.083333,0.68333,0.033333,0,0,0,1,0,0,0,0,1,0,0,0
4.1173,8.4389,13.888,3.454,10.261,36.871,7.2656,0,6.4921,6.6142,2.5983,19.922,8.2715,4.1006,5.5546,10.753,12.848,15.515,13.07,3.4514,4.5201,1.9945,2.793,10.36,16.658,6.7581,7.2828,10.026,18.335,8.4854,7.6355,7.8685,3.7969,0,0.0625,0.8125,0.125,0,0,0,1,0,0,0,0,1,0,0,0
5.2131,2.9432,11.281,0.31077,9.2565,29.086,11.956,0,14.917,13.337,1.6994,27.041,10.911,1.0626,3.9159,8.5225,7.5338,14.147,12.052,0,3.587,11.228,1.4138,3.4415,22.498,12.779,6.1049,6.9596,18.563,13.374,3.4951,4.3835,6.9874,0,0,0,0,1,0,0,1,0,0,0,0,1,0,0,0
2.1631,5.606,11.786,3.6334,9.7431,29.132,11.347,0,8.0104,15.501,3.0774,19.734,11.319,2.9394,8.678,12.066,6.1487,17.304,10.87,1.412,9.2359,0.29331,1.7094,11.714,16.504,5.0294,2.8374,5.4778,15.283,11.331,12.675,8.6673,8.772,0,0,0.14706,0.83824,0.014706,0,0,1,0,0,0,0,1,0,0,0
4.2,10.05,11.731,4.2397,6.2125,39.383,3.7327,0,4.1417,9.7401,6.5685,14.907,8.5638,4.43,5.7602,11.824,13.799,12.509,12.612,5.1529,8.9511,1.4922,1.6549,12.024,11.46,7.5553,6.7915,7.7506,21.849,8.6794,9.6799,8.8395,3.7152,0,0,0.20856,0.79144,0,0,0,1,0,0,0,0,1,0,0,0
3.578,11.608,11.83,0.96896,4.0086,38.747,5.2224,0,10.189,10.059,3.7876,16.914,8.9849,2.7364,4.6976,14.202,9.9969,16.499,13.489,4.0252,7.7892,0.66635,2.9968,8.3608,18.09,7.3998,3.0535,8.4368,18.836,7.8206,11.086,7.9166,6.0032,0,0.014286,0.2,0.78571,0,0,0,1,0,0,0,0,1,0,0,0
6.2839,15.265,20.56,3.0216,5.1088,35.87,2.4512,0,3.7941,5.7797,1.866,20.459,7.8884,2.4716,4.2419,10.764,8.0254,16.305,19.704,0.80738,8.3459,0.98671,5.7806,10.587,28.198,7.9771,2.3402,9.7354,20.853,6.3962,3.9752,2.5943,1.5636,0,0.034483,0.10345,0.86207,0,0,0,1,0,0,0,0,1,0,0,0
0.25473,0,1.1979,1.7441,1.9872,90.274,0.40309,0,2.4314,1.7072,0,1.4158,1.9282,0.79477,2.2955,2.8978,83.681,4.1755,0,0.25473,1.8986,0.65782,0,0,0.40309,0.65782,4.2463,83.64,2.3878,1.2926,1.8924,1.8976,3.5821,0,0,0.91489,0.085106,0,0,0,1,0,0,0,0,1,0,0,0
1.3748,1.8644,2.5115,2.0429,6.1011,64.88,10.378,6.8114,3.1244,0.91138,0,4.1335,2.6092,1.2568,6.3122,10.13,44.434,13.889,3.3613,0.62863,2.0826,11.164,4.7637,4.256,5.7576,4.8633,11.722,51.011,4.4277,0.60759,1.6904,5.5739,5.3274,0,0,0.90541,0.094595,0,0,0,1,0,0,0,0,1,0,0,0
1.264,4.8212,7.655,2.5171,12.573,31.075,20.294,11.935,4.5422,2.7024,0.62139,18.164,7.8286,4.9545,10.936,8.4129,12.545,9.1577,6.3279,1.7747,3.1846,16.714,16.858,8.7624,14.104,11.492,4.716,10.643,7.2336,3.9232,4.6851,8.8873,8.6953,0,0.28889,0.71111,0,0,0,0,1,0,0,0,0,1,0,0,0
1.6864,5.5741,8.9548,1.7349,8.2314,38.475,16.122,6.8189,5.9242,5.9268,0.55206,17.926,7.5434,3.7161,10.544,10.645,19.242,7.091,7.189,2.4281,2.6007,11.075,11.791,6.4978,15.775,11.208,8.8109,18.255,6.7616,4.6661,3.4399,9.0242,3.7701,0,0.042553,0.95745,0,0,0,0,1,0,0,0,0,1,0,0,0
2.9052,0.78251,1.2035,2.7176,3.7437,70.817,7.8275,1.9709,4.6011,2.8658,0.56499,7.633,5.4196,2.1757,3.694,6.4218,57.927,5.9576,2.0735,0.80085,3.3104,4.5867,1.5935,2.2143,6.2327,6.404,12.552,52.052,5.5798,2.659,3.6716,2.8027,4.2389,0,0.41935,0.56452,0.016129,0,0,0,1,0,0,0,0,1,0,0,0
4.5783,1.9592,2.108,2.5845,5.4829,55.307,10.598,5.0966,5.8782,5.8747,0.53344,10.221,5.4336,2.4543,4.122,9.8144,39.193,9.6044,5.1701,1.4625,4.2191,8.3057,2.8677,5.0142,6.0488,8.404,11.733,35.747,8.6839,5.6417,3.2971,4.6627,7.8991,0,0.82692,0.13462,0.038462,0,0,0,1,0,0,0,0,1,0,0,0
0.72464,0.33181,11.637,0.94496,2.2504,55.169,1.9948,0.21648,11.707,7.7027,7.3212,13.389,5.8019,0,5.2832,17.534,27.075,13.113,5.5289,3.0711,7.7511,1.4531,4.4452,3.6507,4.8141,2.2347,13.953,26.978,24.718,4.5208,2.2504,9.09,3.3452,0.47368,0.36842,0.052632,0.026316,0.078947,0,0,1,0,0,0,0,1,0,0,0
2.3902,0.23965,19.953,1.481,7.2505,48.686,1.4055,0.56402,7.4978,4.7445,5.7881,9.813,5.4648,0,6.1031,20.902,29.324,10.618,3.0976,4.344,6.0009,4.3323,9.9403,9.1397,6.0538,0.97171,9.4001,22.677,24.699,4.2392,5.6572,5.6171,1.6052,0.21667,0.31667,0.31667,0.13333,0.016667,0,0,1,0,0,0,0,1,0,0,0
7.3569,5.4214,8.7625,2.9404,7.7328,47.819,4.2938,0.65837,3.8005,7.867,3.3476,7.2798,5.3685,3.6441,7.4675,15.185,27.929,13.936,6.0192,2.3959,6.364,4.4112,6.6219,6.7222,9.9037,3.1554,13.182,20.546,20.394,4.0236,6.9535,7.1234,1.3742,0,0,0.81481,0.037037,0.14815,0,0,1,0,0,0,0,1,0,0,0
6.5049,4.8405,4.7216,3.5501,7.0037,30.596,9.6255,4.4138,21.433,6.7886,0.52231,10.349,8.7668,8.9153,4.7028,12.567,16.912,13.193,6.7925,7.596,2.743,7.4626,4.3235,11.981,6.265,9.329,2.8645,17.903,11.523,4.5826,4.0993,14.509,12.619,0,0.037736,0.20755,0.28302,0.4717,0,0,1,0,0,0,0,1,0,0,0
5.8419,2.0789,3.0486,6.0781,13.23,39.398,11.626,7.2805,9.6965,1.7213,0,7.4822,6.5277,5.3709,7.19,13.998,24.775,9.094,8.7404,5.2136,3.328,8.2807,5.4131,10.934,6.1135,8.272,11.715,24.13,9.9962,3.8217,4.4533,5.2131,9.9376,0,0,1,0,0,0,0,1,0,0,0,0,1,0,0,0
2.4675,1.7826,2.3479,1.6013,6.7088,51.222,11.161,8.6241,7.3916,6.0869,0.60592,8.6314,3.6148,2.0596,2.8591,10.456,34.72,10.365,8.9344,4.2423,3.2961,10.821,3.4265,5.7912,6.3047,7.3198,9.1456,30.533,12.583,3.3202,3.7018,6.1659,11.709,0,1,0,0,0,0,0,1,0,0,0,0,1,0,0,0
4.5832,0,5.5294,3.7025,6.8513,72.296,1.3435,0.24437,0.40018,3.7971,1.2525,8.0765,4.8305,2.5788,3.1624,1.7033,62.474,6.4929,0,1.2592,4.919,4.5033,0.94086,2.349,1.0106,3.4286,3.9759,61.132,6.0949,4.485,7.9177,4.1428,4.523,0,0.66071,0.33929,0,0,0,0,1,0,0,0,0,1,0,0,0
15.365,5.7257,0.64185,2.111,20.294,28.351,7.8134,7.7299,2.3088,6.0106,3.6481,23.151,8.6429,3.7433,11.419,2.2699,12.83,6.9642,12.465,0.32049,7.7833,10.41,8.9909,6.908,8.7985,3.7227,9.5306,10.152,12.886,17.09,9.8197,3.8536,8.2481,0,0.39024,0.43902,0.073171,0.097561,0,0,1,0,0,0,0,1,0,0,0
17.823,2.1985,2.7288,1.7472,11.544,41.515,4.8816,2.3346,3.008,8.0593,4.1596,19.192,9.0171,3.098,6.1458,2.3203,27.546,8.0084,4.6396,2.0579,7.9981,9.9764,7.2669,6.2247,5.7823,5.7841,11.472,24.275,6.2776,10.407,9.751,5.3858,7.3736,0.55556,0.44444,0,0,0,0,0,1,0,0,0,0,1,0,0,0
4.2834,0.96051,1.9813,14.331,22.862,30.521,1.4131,7.1458,6.395,9.872,0.23617,11.302,5.1491,1.4418,4.3983,10.895,21.703,10.932,14.379,2.891,9.349,7.5608,1.6087,2.4054,1.6826,0.73028,3.9178,7.1671,21.409,14.972,19.736,16.5,9.8716,0,0.085714,0.11429,0.74286,0.057143,0,0,1,0,0,0,0,1,0,0,0
5.8229,4.8224,2.099,0,1.862,23.709,59.146,1.9141,0.62443,0,0,2.8696,2.7234,11.565,2.8696,21.433,8.9316,31.481,12.875,3.1516,2.099,0,2.099,3.961,9.3691,46.938,24.29,10.233,0,1.862,0.62443,0,0.62443,0,0,0.19298,0.2807,0.52632,0,0,1,0,0,0,0.14035,0.85965,0,0,0
1.9462,0.45718,1.3836,14.89,20.833,45.83,3.1779,8.717,1.5072,1.2577,0,3.9367,3.4569,6.8524,3.1565,10.013,30.788,14.91,10.069,5.8304,4.9665,6.0212,2.4382,3.4475,5.2131,2.0224,4.5118,20.675,32.074,10.585,6.1526,8.7531,4.127,0,0,0.95833,0.041667,0,0,0,1,0,0,0,0,1,0,0,0
0.23459,10.784,11.437,4.8205,6.9605,15.463,15.174,11.397,12.361,6.5786,4.7897,5.5634,2.8366,3.6055,7.599,18.52,19.074,15.223,13.243,4.6467,3.6985,5.9899,1.7552,20.668,15.611,14.455,4.622,1.2682,7.3668,6.9312,15.593,7.5533,4.1767,0,0,0,0.9322,0.067797,0,0,1,0,0,0,0,1,0,0,0
0.12988,5.8703,12.385,6.2781,14.81,25.697,20.884,9.4495,3.4356,0.9308,0.12988,15.324,10.699,8.5792,6.2794,12.514,15.345,8.8808,5.8951,5.1487,5.6807,5.6537,16.531,15.228,9.8011,6.85,8.439,3.8791,6.1297,8.489,5.1718,12.047,7.4335,0,0,0,0.89796,0.10204,0,0,1,0,0,0,0,0,1,0,0
0.1047,3.6717,14.741,8.3527,18.088,17.887,20.29,9.8955,5.8691,0.99602,0.1047,14.76,11.31,9.827,4.1773,13.035,10.672,8.9121,4.6552,8.7698,6.3742,7.5075,18.77,15.318,9.2239,8.5765,9.7772,1.3648,7.7942,6.7247,3.9239,10.079,8.4481,0,0,0.27451,0.72549,0,0,0,1,0,0,0,0,0,1,0,0
0.27609,0,1.6727,2.5039,19.823,54.875,17.474,2.5823,0.56332,0.23001,0,1.0756,4.1569,12.38,15.633,7.0472,20.31,25.785,4.7368,7.0199,1.3555,0.49992,0.56332,0.53983,2.8757,10.305,21.494,27.996,12.839,14.844,7.4731,1.0694,0,0,0,0.66071,0.23214,0.10714,0,0,1,0,0,0,0,1,0,0,0
7.1481,4.8824,12.363,4.3013,14.062,34.639,5.8731,1.9952,5.6954,7.6563,1.3842,8.771,6.1038,9.0747,7.1738,14.784,15.232,12.28,9.9754,4.4863,6.2372,5.8807,7.8203,11.127,7.615,6.1642,3.5915,15.148,12.45,7.7764,12.554,13.113,2.6403,0,0.26214,0.49515,0.24272,0,0,0,1,0,0,0,0.17476,0.82524,0,0,0
8.4711,4.6358,12.858,7.0736,7.9509,32.977,3.2937,4.7354,8.2793,9.7255,0,11.112,9.5091,8.458,3.3559,6.7843,20.83,13.546,4.308,7.0626,5.204,9.83,10.583,1.5244,7.3826,1.6243,7.4398,14.004,5.3616,13.152,12.076,17.598,9.2539,0.029851,0.29851,0.41791,0.25373,0,0,0,1,0,0,0,0,1,0,0,0
0.39914,11.261,15.596,7.6162,6.5564,29.861,5.6284,1.0345,14.505,3.5378,4.0052,10.245,3.632,6.4392,7.0348,12.519,15.293,13.864,9.0444,3.7292,3.1919,15.007,5.5703,12.011,8.9563,7.7835,7.3735,8.0295,15.583,7.9289,11.935,9.1162,5.7124,0,0.28814,0.69492,0.016949,0,0,0,1,0,0,0,0,1,0,0,0
0,6.499,13.296,4.2788,3.6254,48.12,2.5059,0.43127,16.597,2.7213,1.9246,11.706,3.1865,3.8903,2.8259,10.813,28.558,13.434,6.239,1.861,4.544,12.942,4.6891,8.2756,6.0072,4.0205,5.4827,23.252,19.434,5.297,6.4488,10.737,6.3569,0,0,0.13514,0.55405,0.31081,0,0,1,0,0,0,0,1,0,0,0
0,8.5951,15.813,2.4768,0.38608,66.274,0.4278,0,5.2978,0.7303,0,8.4991,2.4768,3.1068,1.2062,9.921,51.636,9.6409,3.249,1.2062,3.3855,5.6726,5.762,10.609,7.811,2.3998,1.2417,53.146,12.616,0,0.38608,4.5257,1.5025,0.52632,0.078947,0.39474,0,0,0,0,1,0,0,0,0,0.57895,0.42105,0,0
0,7.9122,12.782,2.4004,0,59.807,0,0.3511,9.9848,4.9384,1.8242,8.0715,5.6457,2.2515,1.6368,15.481,37.806,11.318,2.7515,4.5252,2.478,8.0353,2.4667,13.476,5.9349,0.78393,2.7916,42.071,16.638,4.5056,3.2453,6.3884,1.6989,0.53659,0.21951,0.2439,0,0,0,0,1,0,0,0,0,0.56098,0.43902,0,0
0,0,3.1615,3.3309,10.213,72.545,7.9726,1.9396,0,0.83808,0,2.3268,2.873,3.2349,3.4436,15.935,44.603,15.15,2.3584,3.2575,3.7471,3.0707,2.7906,1.416,1.7618,2.7263,18.457,36.743,14.023,9.7225,6.9112,2.9037,2.5445,0,0.0084034,0.02521,0.93277,0.033613,0,0,1,0,0,0,0,1,0,0,0
0.24264,0,2.4486,0.75868,9.112,60.425,22.27,0.80081,2.3907,1.3088,0.24264,1.8187,1.6969,2.1578,9.6283,12.828,37.866,14.655,9.5951,4.5056,4.0972,1.1515,0,1.3413,3.0986,6.2579,19.765,23.679,18.287,19.984,3.3495,2.5438,1.693,0,0.022388,0.037313,0.9403,0,0,0,0.99254,0.0074627,0,0,0,1,0,0,0
0.97781,0,5.2386,0.61042,5.5894,69.312,13.601,0.52745,1.9382,1.2302,0.97471,3.734,2.886,1.8274,7.4046,8.9469,45.039,14.413,8.585,3.0474,2.6557,1.4612,0,2.5625,4.1852,5.875,12.439,41.776,16.276,9.4056,3.6302,2.7325,1.1178,0,0.023256,0.093023,0.88372,0,0,0,1,0,0,0,0,1,0,0,0
2.5784,4.5251,12.818,6.6607,8.5855,30.298,8.4998,13.946,9.2313,2.1682,0.6899,11.262,9.1519,8.958,6.3951,8.7827,11.771,10.095,6.6657,7.3635,7.0819,12.473,11.571,9.9177,12.606,4.1188,5.6057,9.3439,9.8709,11.278,4.3375,12.618,8.7313,0.33673,0.59184,0.030612,0.040816,0,0,0,0.91837,0.081633,0,0,0,0.93878,0.061224,0,0
1.5989,7.0025,2.8129,22.459,6.9082,31.553,14.855,6.5526,3.3918,1.6038,1.2623,5.9071,10.765,5.7047,13.032,5.018,13.884,7.5667,8.0019,2.0666,2.4863,25.568,14.635,16.984,14.581,0.98803,0.79945,12.811,17.16,6.8858,7.0091,2.8108,5.3371,0,0,0,0,1,0,0,1,0,0,0,0,1,0,0,0
2.9507,0.92181,3.3125,18.357,17.987,47.595,1.8776,5.4035,1.2356,0.35923,0,4.4361,2.5176,6.1686,4.6262,9.3306,25.311,16.919,11.621,5.1039,8.1634,5.8026,3.4652,2.4923,5.6081,1.9402,2.7607,20.02,31.124,11.612,8.3925,10.231,2.3542,0,0.035714,0.96429,0,0,0,0,1,0,0,0,0,1,0,0,0
0,4.5168,7.0417,4.905,9.8319,36.33,18.585,12.384,1.4935,1.9606,2.953,13.881,5.7152,4.5548,9.1384,13.725,14.883,8.8425,11.731,6.1073,2.0549,9.3671,13.204,10.841,10.89,11.668,6.0769,16.47,9.9389,2.9431,4.3961,4.0311,9.5424,0.2,0.26667,0.033333,0.05,0.45,0,0,1,0,0,0,0,1,0,0,0
1.9988,1.8845,2.6943,6.1064,8.6128,48.548,7.8062,8.8466,6.8914,5.7698,0.84083,9.6328,3.6673,2.4051,2.6999,12.666,28.368,15.634,9.1751,1.5102,5.2218,9.0198,3.8109,6.3696,6.1876,4.6434,7.4823,28.426,14.747,4.4084,4.1544,8.1262,11.643,0,0.93548,0.064516,0,0,0,0,1,0,0,0,0,1,0,0,0
2.252,1.016,2.7994,12.323,20.049,36.007,1.4862,4.8968,11.586,6.5973,0.98702,7.3331,3.8072,4.2341,4.5142,10.758,17.426,15.898,16.836,1.6185,8.3634,9.2106,1.3294,1.9216,1.9515,1.1808,3.2581,10.994,28.773,11.309,10.445,13.843,14.994,0,0,0,0.85714,0.14286,0,0,1,0,0,0,0,1,0,0,0
15.306,5.0164,2.6494,4.0638,15.329,28.974,9.5435,6.3955,6.0616,6.3397,0.32191,20.235,9.5359,2.8029,8.2617,6.0683,10.982,10.668,6.8718,3.9838,7.769,12.821,9.9239,9.7989,7.6518,2.8041,4.8262,10.066,15.476,8.9897,6.083,13.245,11.135,0,0,0,0,1,0,0,1,0,0,0,0,1,0,0,0
4.2823,2.5022,5.3659,4.997,3.3639,26.862,36.735,7.6275,4.8025,1.4869,1.9749,7.0832,3.4669,9.9774,11.76,15.204,18.183,12.237,12.408,6.6671,1.864,1.1491,3.4881,8.4225,13.606,28.486,13.639,12.118,3.0078,3.8236,2.4347,5.7672,5.2073,0,0,0.018519,0.2963,0.68519,0,0,1,0,0,0,0,1,0,0,0
0.26808,9.0707,4.3096,2.2411,3.6174,18.369,22.526,18.916,12.327,5.9723,2.3828,7.6531,1.5325,0,10.828,23.861,22.701,15.806,8.5506,4.5387,3.8216,0.70862,0,18.936,23.02,19.008,8.5692,0,2.3927,3.4825,9.1071,7.737,7.7475,0,0,0.03125,0.25,0.71875,0,0,1,0,0,0,0,1,0,0,0
0,0,0,2.363,12.34,59.362,21.929,1.228,2.3264,0.45253,0,2.8597,1.0327,13.127,11.656,6.1033,20.053,28.565,10.772,3.0125,2.366,0.45253,0,2.3264,2.0035,18.3,18.092,30.064,13.257,10.378,4.3515,0.45253,0.77548,0,0,0.13636,0.27273,0.59091,0,0,1,0,0,0,0,1,0,0,0
0.3016,5.705,6.8877,10.629,12.494,32.13,11.152,4.8152,9.4692,4.368,2.0475,6.1404,4.1082,4.7668,10.579,14.222,20.213,12.949,10.167,4.2044,4.7607,7.8886,1.3786,9.0206,7.4288,12.973,10.442,7.4386,11.343,11.02,13.73,9.3872,5.8378,0,0,0.11429,0.88571,0,0,0,1,0,0,0,0,1,0,0,0
1.5826,2.4357,4.1461,10.575,10.629,61.71,4.2536,1.4372,1.9555,1.008,0.2676,8.4302,6.0028,6.2944,2.4954,11.128,35.325,12.692,5.5617,4.4751,4.764,2.8308,3.5796,0.26292,4.4995,4.2191,18.593,25.476,9.9828,8.6621,11.856,10.831,2.037,0.41667,0.25,0.25,0.083333,0,0,0,1,0,0,0,0,1,0,0,0
4.0975,2.7252,14.855,5.9593,7.1686,39.644,5.0133,2.0011,11.212,7.0284,0.2953,8.8115,6.5301,6.5184,6.693,10.16,22.6,11.467,8.613,5.7013,3.3048,9.6004,7.2005,7.4564,7.7272,6.0199,2.0295,21.749,12.881,5.7924,7.2788,14.595,7.2696,0,0.078947,0.51316,0.40789,0,0,0,1,0,0,0,0,0.92105,0.078947,0,0
0,0,3.194,2.8967,6.5828,72.836,7.4624,4.3639,2.6643,0,0,1.4483,2.0595,1.4992,6.0567,11.615,53.048,11.258,3.6204,2.8609,3.7231,2.8119,4.4181,1.0867,2.662,2.0299,28.814,31.627,11.82,7.4042,4.4935,3.0314,2.6126,0,0,0.33333,0.66667,0,0,0,1,0,0,0,0,1,0,0,0
0,3.2635,0,0,0,25.989,69.957,0.79066,0,0,0,1.401,3.2635,13.067,1.401,18.342,10.91,43.177,4.3833,4.0542,0,0,0,3.2635,5.4551,50.543,21.606,19.133,0,0,0,0,0,0,0.037037,0.18519,0.2963,0.48148,0,0,1,0,0,0,0.14815,0.85185,0,0,0
0,2.0265,5.2465,1.8982,0,30.052,47.133,7.9689,5.675,0,0,4.6087,2.0265,7.5763,5.8376,16.062,13.666,24.026,14.103,4.3614,3.6948,4.0381,3.907,4.7375,10.015,34.725,20.234,13.692,1.1355,0,0.75125,6.9235,3.8783,0,0,0,0.13208,0.86792,0,0,1,0,0,0,0,1,0,0,0
0.14427,6.3878,9.4427,5.4217,19.355,19.554,20.259,15.151,3.2924,0.54172,0.45004,13.761,8.4823,10.626,9.2086,10.139,8.5895,6.7508,6.9089,5.6846,7.8211,12.028,23.844,20.089,11.232,5.9913,5.966,0.82558,5.7313,7.2199,4.5484,9.7091,4.8434,0.047619,0.52381,0.42857,0,0,0,0,0.33333,0.66667,0,0,0.071429,0.21429,0.71429,0,0
8.2108,1.7964,0.59879,4.0825,9.2664,71.259,3.0194,1.1976,0.56896,0,0,8.8096,1.7367,0.74356,3.079,6.9938,49.151,20.558,2.7401,0.59879,3.1089,2.4803,6.2995,4.7008,3.9972,0,1.9966,25.802,48.905,0.74356,0.74356,4.5067,2.3057,0,0,0.1875,0.8125,0,0,0,1,0,0,0,0,1,0,0,0
4.2894,0,0,1.5631,8.908,80.95,4.2894,0,0,0,0,4.2894,0,0.35792,0.35792,4.2958,67.36,21.418,1.2052,0,0.35792,0.35792,0,7.8629,1.0738,0,0.8473,32.695,55.6,0.35792,0.35792,1.2052,0,0,0,0.28571,0.64286,0.071429,0,0,1,0,0,0,0,1,0,0,0
17.638,2.794,2.0533,6.5632,13.617,36.763,7.1419,3.6524,4.3945,5.1141,0.26867,20.529,6.6604,2.9178,5.3337,6.628,17.979,14.91,7.2218,2.8545,6.5748,8.3908,12.944,6.6716,5.7978,2.5154,4.814,15.731,20.446,9.0421,5.7334,9.4727,6.8319,0,0,0.30435,0.69565,0,0,0,1,0,0,0,0,1,0,0,0
13.227,18.21,5.6975,8.5807,7.1074,20.266,20.193,2.1647,1.0824,1.4733,1.9989,1.9136,7.5077,5.8321,5.9114,32.51,20.238,7.3258,10.305,4.2312,4.2242,0,4.7498,6.4253,18.064,29.432,8.157,11.424,1.9989,7.1074,2.5557,1.9989,8.0862,0,0,0,0,1,0,0,1,0,0,0,0,1,0,0,0
5.3983,3.6452,0.69352,13.358,13.135,17.524,23.803,12.222,5.1879,1.66,3.3732,11.221,9.0076,12.662,15.688,14.63,17.848,4.5043,6.0666,6.8115,0.60677,0.95353,7.0271,9.5304,20.065,14.796,2.9804,5.0322,5.0203,13.841,8.755,5.38,7.572,0,0,0,0,1,0,0,1,0,0,0,0,1,0,0,0
16.944,5.6308,1.7721,4.0077,13.061,30.862,25.764,0,0,0.88606,1.0711,3.9143,5.7224,15.079,0.88606,18.415,22.788,19.396,2.9366,8.7196,2.1421,0,1.0711,9.6056,11.656,30.224,12.485,12.018,1.9571,12.175,3.9143,1.9571,2.9366,0,0,0,0,1,0,0,1,0,0,0,0,1,0,0,0
21.271,8.2446,5.7287,6.0227,7.6176,18.412,18.542,3.9137,1.3594,4.3166,4.5721,3.7493,4.8195,16.643,11.699,15.009,12.691,17.061,4.7317,11.587,2.0096,0,3.4601,10.567,17.42,24.126,11.15,4.2254,4.5721,8.2151,5.6759,5.1696,5.4204,0,0,0,0,1,0,0,1,0,0,0,0,1,0,0,0
2.3832,0,0,3.6481,5.3585,86.227,2.3832,0,0,0,0,2.3832,0,0.36018,0.36018,9.3751,58.283,25.615,2.5169,0,0.74572,0.36018,0,4.0461,1.0805,0,1.3248,29.349,59.806,0.74572,1.1313,2.5169,0,0,0,1,0,0,0,0,1,0,0,0,0,1,0,0,0
3.6633,0.90256,0.7615,10.525,12.967,66.734,2.8313,1.6145,0,0,0,4.1945,0.83908,2.7598,2.5154,7.8727,47.659,20.285,5.0474,2.0186,4.5937,2.2145,1.0694,4.519,5.3935,0.23032,0.77544,25.015,48.102,4.9482,4.4581,5.1884,0.30085,0,0,0.975,0.025,0,0,0,1,0,0,0,0,1,0,0,0
0.95864,0,0,6.4519,12.948,78.683,0.95864,0,0,0,0,0.95864,0,0,0,10.014,64.177,19.211,4.8256,0,0.81317,0,0,1.9173,0,0,1.3746,26.666,62.777,0.81317,1.6263,4.8256,0,0,0.096774,0.64516,0.25806,0,0,0,1,0,0,0,0,1,0,0,0
0,0,7.2649,12.665,8.7539,58.487,10.116,0.90678,0.5367,1.0009,0.26835,5.3522,3.7445,7.5585,5.8049,11.949,21.129,13.864,8.637,0.45339,2.2903,19.218,4.028,14.254,7.5062,6.7282,6.3416,23.81,29.703,3.002,2.4501,1.4542,0.72174,0,0.59259,0.40741,0,0,0,0,1,0,0,0,0,1,0,0,0
0,8.1942,1.5196,10.659,12.722,34.466,16.651,10.758,4.5607,0.46814,0,3.8695,19.484,5.9832,11.834,5.7358,12.523,7.8713,18.277,0,4.9079,9.5144,15.851,19.017,14.699,0.95184,0.50754,13.239,16.419,6.1499,10.134,0.75204,2.2804,0,0,0,0,1,0,0,1,0,0,0,0,1,0,0,0
0,2.9789,6.3704,18.49,11.587,41.776,10.516,2.7814,3.1001,0.96059,1.4403,7.599,5.6781,6.4721,6.3825,10.401,14.396,9.4292,9.584,0.27132,2.5875,27.2,12.331,16.081,7.1435,4.412,3.3666,18.427,21.709,6.0328,6.3355,1.4909,2.6711,0.0625,0,0.8125,0.083333,0.041667,0,0,1,0,0,0,0,1,0,0,0
0.41302,0,0,11.99,22.406,62.141,0.41302,1.0178,0,1.6185,0,2.0315,0.59411,5.2618,0.83668,16.678,48.572,12.424,6.5762,3.0599,3.1287,0.83668,0.59411,0,1.6627,0,1.738,18.155,57.281,4.5701,7.8038,6.5762,1.6185,0,0,0.85294,0.14706,0,0,0,1,0,0,0,0,1,0,0,0
0,7.4037,0,44.472,9.5774,18.433,5.8008,2.3032,12.01,0,0,3.1329,1.8383,4.1414,9.7069,1.8383,5.9797,3.6765,8.5689,0,4.1414,56.976,12.375,15.637,11.259,0,0,5.5148,16.051,12.84,16.616,0,9.7069,0,0,0,0,1,0,0,1,0,0,0,0,1,0,0,0
0.23953,6.2169,10.998,5.6083,14.605,24.548,15.95,13.497,6.5251,1.2854,0.52656,15.575,12.948,8.433,5.2347,12.534,7.2739,7.9874,3.767,6.7322,10.286,9.2291,18.349,16.977,15.923,4.6497,6.5355,4.6213,5.8884,5.6723,2.8267,11.307,7.2511,0.087719,0.91228,0,0,0,0,0,1,0,0,0,0.89474,0.10526,0,0,0
9.2396,2.5314,10.259,3.3885,10.469,31.984,10.32,11.05,6.233,2.6617,1.8637,14.671,9.256,13.874,5.5472,13.911,11.848,8.4401,5.0386,7.6699,4.8975,4.847,10.299,10.652,7.5011,8.4072,8.3654,8.2678,10.698,15.045,3.6029,10.758,6.4035,0,0,0.066667,0.066667,0.86667,0,0,1,0,0,0,0,1,0,0,0
7.4407,0.89587,7.7217,2.2319,12.581,50.585,10.299,3.6611,2.7654,0.97066,0.84791,13.821,6.2296,5.1193,7.8501,8.7786,28.948,11.103,8.9381,5.6481,2.0039,1.5602,6.607,6.6646,3.991,8.4725,13.087,21.566,14.138,14.2,4.7507,3.9826,2.5408,0.02381,0.16667,0.19048,0.61905,0,0,0,1,0,0,0,0,1,0,0,0
1.7726,0.80003,4.9415,16.183,16.225,38.336,1.3126,8.9938,7.4348,3.3587,0.64206,5.8289,5.2152,4.402,5.2657,9.0136,19.082,15.002,12.246,3.7725,10.563,9.6088,2.4094,3.7975,4.6235,1.4903,5.349,11.404,25.995,12.103,9.7705,13.245,9.8133,0,0,0.011628,0.98837,0,0,0,1,0,0,0,0,1,0,0,0
6.8955,2.0699,2.2484,14.219,19.834,40.11,2.1239,6.2062,4.4965,1.798,0,8.6298,3.25,4.8851,8.2267,7.3825,21.101,15.641,8.9027,5.9614,7.953,8.0664,4.8087,3.2445,6.7559,0.90756,4.922,14.597,25.464,13.819,8.5414,11.884,5.0553,0,0,0.89744,0.10256,0,0,0,1,0,0,0,0,1,0,0,0
5.0724,4.1561,8.656,9.2085,7.8359,33.785,5.2444,17.258,5.4179,1.9314,1.4344,9.6488,11.234,12.259,6.5905,10.286,11.804,9.1492,8.4044,4.1134,5.475,11.036,8.2273,11.605,9.9092,6.2503,9.2342,11.505,10.603,13.245,2.9287,9.9382,6.5543,0,0.16667,0.52941,0.11765,0.18627,0,0,1,0,0,0,0,0.88235,0.11765,0,0
3.1247,1.5547,3.5199,16.846,16.27,40.88,3.3223,9.8649,3.6847,0.60561,0.32762,3.3078,5.0838,6.1824,6.1527,7.5426,22.046,13.288,11.69,7.7153,7.9401,9.0515,4.8539,3.5147,6.1149,1.7379,4.6916,17.42,23.868,14.326,8.7384,10.553,4.1828,0,0,0.4,0.6,0,0,0,1,0,0,0,0,1,0,0,0
12.34,2.7994,5.0541,10.064,15.071,31.341,6.6662,9.7173,4.9612,1.9856,0,17.866,6.6555,11.221,5.822,8.5404,16.178,6.9956,8.1776,5.8518,4.909,7.7824,15.253,5.3885,5.6119,4.9907,7.2716,8.265,17.115,10.436,7.5034,10.603,7.5609,0,0,0.16556,0.80795,0.02649,0,0,1,0,0,0,0,1,0,0,0
13.771,4.4977,7.2859,3.038,13.688,35.159,6.3135,1.8827,5.6651,3.8123,4.8874,21.327,8.5544,6.4724,4.9357,7.9786,19.572,6.6896,6.918,9.0454,4.6866,3.8205,11.021,6.0172,4.9251,4.6945,10.968,8.3788,16.478,10.122,12.352,10.612,4.4309,0,0,0,1,0,0,0,1,0,0,0,0,1,0,0,0
11.214,2.6355,6.429,8.3104,8.1179,34.591,5.9145,14.095,6.1686,1.3734,1.1502,14.874,6.3673,15.102,5.2959,9.3587,14.687,7.2797,5.5504,6.1981,6.0665,9.22,13.988,11.572,6.4955,3.8539,9.731,8.7292,12.378,13.003,3.9055,8.818,7.5262,0,0,0,0,1,0,0,1,0,0,0,0,1,0,0,0
7.3556,3.0835,5.8156,3.8791,14.849,39.866,9.4862,7.9151,4.4015,1.5005,1.8478,13.874,9.0709,11.047,8.076,9.8242,18.704,5.998,7.0736,7.7167,3.9929,4.6229,5.5031,9.6052,6.5602,6.9861,15.853,7.3686,13.116,14.73,8.008,6.3522,5.9179,0,1,0,0,0,0,0,1,0,0,0,0,0,1,0,0
16.235,4.071,3.3105,3.3573,3.9545,30.015,8.2486,22.139,6.9995,0.59724,1.073,21.824,11.996,11.08,4.8923,7.6199,13.263,3.3873,8.4089,3.69,3.2416,10.597,16.58,10.375,12.004,6.8261,9.2288,7.5949,6.7018,9.9384,2.1801,8.1467,10.425,0,0,0,0,1,0,0,1,0,0,0,0,1,0,0,0
5.9889,2.9898,0.69805,0,6.9448,63.164,3.751,0,2.38,3.6605,10.423,14.079,10.173,1.1333,3.7807,19.414,28.987,5.7262,9.0567,3.3565,2.0942,2.1996,0,1.8439,2.6709,12.428,20.754,20.216,23.786,5.1932,10.171,1.8166,1.1185,0.054348,0.097826,0.076087,0.70652,0.065217,0,0,1,0,0,0,0,1,0,0,0
2.804,1.3519,6.9156,14.787,16.223,46.077,4.0624,3.7683,2.4768,1.1925,0.34146,6.8148,5.2348,6.9765,1.1268,12.51,37.337,12.284,8.019,5.18,2.3789,2.1372,2.9074,4.594,1.7369,3.054,5.2478,13.625,36.607,6.0389,10.326,13.127,2.7364,0,0,0.80682,0.19318,0,0,0,1,0,0,0,0,1,0,0,0
5.258,3.9594,9.0215,4.2669,13.569,36.15,5.8039,1.1012,6.6334,8.7182,5.5182,16.884,7.181,8.1665,2.2453,10.74,17.762,11.783,10.389,7.3025,6.5241,1.0228,2.7614,7.998,7.3974,6.1178,6.9918,9.6439,24.166,6.1947,9.294,14.215,5.2192,0,0.025424,0.25424,0.72034,0,0,0,1,0,0,0,0,1,0,0,0
1.9486,4.7597,13.141,1.402,14.038,36.968,10.986,0,3.8369,10.379,2.5412,23.675,8.5013,4.917,3.2872,12.134,13.321,15.588,10.865,1.3277,3.9625,2.4221,3.5725,5.135,13.808,8.3789,6.1903,11.907,25.746,11.55,5.4535,5.4679,2.7905,0.055556,0,0.44444,0.30556,0.19444,0,0,1,0,0,0,0,1,0,0,0
3.9608,0.63606,10.042,1.6508,13.278,48.126,8.9258,0,3.1276,8.9337,1.3203,24.188,8.2898,0.63606,6.5101,21.187,14.474,14.328,6.2727,0,1.28,2.8347,2.2466,3.4783,16.782,5.6596,6.038,24.142,21.343,10.403,5.1697,4.2712,0.46694,0,0,0,0,1,0,0,1,0,0,0,0,1,0,0,0
0.45587,1.3914,1.3914,0,2.9676,5.0428,45.246,0,42.735,0.76991,0,5.9352,1.8903,1.1204,0.49892,1.8472,0.22794,2.3462,43.627,0,0.27099,42.236,1.1204,0.27099,44.625,44.932,1.5762,1.5762,1.3483,2.9676,0.54198,0.49892,0.54198,0,0,0,1,0,0,0,1,0,0,0,0,1,0,0,0
0,0.70631,24.117,0,1.4126,25.53,1.4126,0,23.411,23.411,0,49.647,24.117,0.70631,0,0.70631,0,0.70631,0.70631,0,0,23.411,0.70631,0,24.117,1.4126,0.70631,0.70631,24.117,24.823,0,0,23.411,0,0,0,1,0,0,0,1,0,0,0,0,1,0,0,0
